0.0 0.0 -79.4085 -37.8728 0.0 0.0 0.0 0.0 -0.0 0.0 -934.5875 -113.6184 238.2255
0.01 -3.1149443914225744E-4 -79.49199862660194 -38.440303521994366 7.574070633680208E-4 -0.2536328922489304 -0.21282326634113247 0.25618719720386923 4.616576549580185E-4 -5.501821688577897E-4 -943.189596692578 -115.32023929403447 238.482250709856
0.02 -8.37756517255083E-4 -79.7076307023759 -39.677849946740025 0.0020113114017732414 -0.8352477481253153 -0.7008560773963382 0.7993968886967754 0.0012276103235803826 -0.0014630090138077305 -961.8864863519498 -119.03174966682731 239.13958502566283
0.03 -0.0012675239835115517 -79.98566228925314 -41.12811716759484 0.002575329221656375 -1.5425132834870006 -1.2943223272630036 1.4235004837251384 0.0016515257845292927 -0.001968211787887926 -983.60168606399 -123.38099620050586 239.98077503798817
0.04 -0.001456442698337454 -80.24570286082681 -42.44202652481097 0.0016639492269661105 -2.1960250184925094 -1.8426837830745626 1.9840669251637602 0.0013380597274754568 -0.001594637487811922 -1003.0471902737654 -127.32026028569828 240.76052659342582
0.05 -0.001484587028102469 -80.42665346693514 -43.402752591654384 -6.202239528150244E-4 -2.6716826551161965 -2.2418079305310386 2.397113391651444 3.7006608076522145E-4 -4.4102758126176076E-4 -1017.07345998665 -130.19863233902444 241.2969130690275
0.06 -0.0016433396448028476 -80.49861476839463 -43.92758326162185 -0.0032286973864117385 -2.9144760254414734 -2.44553575802297 2.633986277392342 -6.781553047039188E-4 8.081940207798757E-4 -1024.5684927582204 -131.76794661958604 241.507046372023
0.07 -0.0022213160636943893 -80.46242899940876 -44.04725641375799 -0.004827480058466449 -2.9337278239973053 -2.4616899350906465 2.710462212920378 -0.0011145054909522645 0.00132821592309371 -1026.0545770195008 -132.12097371637597 241.40104342979282
0.08 -0.003250360654052541 -80.34150940799677 -43.86828811990237 -0.004712139838815688 -2.7841554113849583 -2.336183778833359 2.6709595634853023 -6.25208478830507E-4 7.450944508139933E-4 -1023.1145841969372 -131.5782679937688 241.05162522858646
0.09 -0.004457569602566848 -80.170525633213 -43.52885668869128 -0.0032242230835635155 -2.540873382375132 -2.132045918019145 2.5710575311884214 5.277005050696755E-4 -6.28888972767141E-4 -1017.7745047955136 -130.55537023435423 240.5583388396728
0.1 -0.005454519959834871 -79.98475895504234 -43.15973966483851 -0.0014120568772568731 -2.2766706990861216 -1.910353543915278 2.4623034488848075 0.0017303081599397425 -0.0020621009669765924 -1011.9608035773354 -129.44513816614221 240.01900880236644
0.11 -0.0059784387676223225 -79.81249769320934 -42.858270762063064 -3.1920997470535895E-4 -2.0468466527348674 -1.7175082713862935 2.382242680518515 0.0024230619424599922 -0.0028876927779463474 -1007.1246035999441 -128.53942638931085 239.51208302234323
0.12 -0.006010277371103311 -79.6712737429566 -42.67767995837774 -4.3256132510549605E-4 -1.8828841508024396 -1.579927396487875 2.3505586769407913 0.0023884453401188162 -0.002846438317628906 -1004.0737071526592 -127.99728597508397 239.08847858432878
0.13 -0.00573817356608255 -79.56753518134137 -42.629408549242214 -0.001545306785040168 -1.7933434543099196 -1.5047938310856352 2.3703460482007106 0.0017953027747957264 -0.002139558532853385 -1002.994027729163 -127.85228749815558 238.77053620351614
0.14 -0.005433366907509211 -79.49870500039899 -42.69358826965504 -0.002984981906550388 -1.7692141010951694 -1.4845468997025932 2.43256051802426 0.0010481060981542888 -0.0012490842081355712 -1003.5994169634351 -128.0442996160142 238.55593635486738
0.15 -0.005316834913436937 -79.45643068106827 -42.83271098035261 -0.004016154288414953 -1.791086990699231 -1.502900433302159 2.521618336230504 5.566118118719861E-4 -6.633441265161832E-4 -1005.3359971344614 -128.4606579837198 238.42456706841583
0.16 -0.005470294889210602 -79.42999791009993 -43.004632632138666 -0.004211532705319598 -1.8361634885296922 -1.5407241060064507 2.620591503778554 5.384767068307524E-4 -6.417315499249985E-4 -1007.578893793121 -128.97513208969724 238.34655939724428
0.17 -0.005820523994882621 -79.40918659226571 -43.172542296376946 -0.0036285592971410097 -1.8838373888396767 -1.58072725817334 2.7150801633238744 9.373606579819125E-4 -0.0011171029318722753 -1009.7823840348033 -129.4776447780848 238.29015779710653
0.18 -0.00619864351226254 -79.38617638392554 -43.31088326677578 -0.002722181300015336 -1.9192173119676355 -1.6104145386211002 2.795411857111035 0.001486223298656866 -0.0017712119562466326 -1011.5676929595193 -129.89181196945827 238.22845126013024
0.19 -0.006441937068019462 -79.35640490825035 -43.40727176212646 -0.0020567337402539465 -1.9344910405556845 -1.6232307186460275 2.8572412302384054 0.0018743014514910638 -0.0022337054897808694 -1012.7504152412414 -130.1805486275925 238.1440708634759
0.2 -0.0064818700443930646 -79.3185122305466 -43.46119183705959 -0.001987808615872666 -1.9284592113603267 -1.61816941299287 2.9008991481983917 0.0019205280100377503 -0.002288796157099942 -1013.3205712967512 -130.34214325168074 238.03104927967527
0.21 -0.006370221191880994 -79.2736489893043 -43.480648825269334 -0.002493972398397659 -1.90484300808831 -1.598353065537509 2.9299791763161314 0.0016563346735861838 -0.0019739427987200916 -1013.3933577261731 -130.40033754571675 237.89355508691574
0.22 -0.006234527984540319 -79.22447594201626 -43.4780459910346 -0.003237089842023977 -1.8700643979690774 -1.5691703466135891 2.949664842343613 0.0012807257825947728 -0.0015263095529728058 -1013.1489693811709 -130.39212457828853 237.7421525432531
0.23 -0.0061968140687197895 -79.17415164367928 -43.46635827861271 -0.0037895186862186847 -1.8311172179902044 -1.536489782257945 2.9652152166545247 0.0010285164209417493 -0.0012257381399298126 -1012.7767663047839 -130.35638623844483 237.58908475569152
0.24 -0.006306535376946133 -79.12552028532156 -43.4563113380046 -0.0038798779850779397 -1.7939501570431347 -1.505302915125327 2.9808768512311237 0.0010367310294733304 -0.0012355279291540074 -1012.4338976727379 -130.32543479030298 237.44428523002566
0.25 -0.006522831941342382 -79.08060693702957 -43.45485693328613 -0.003520653893225756 -1.7625474406530621 -1.4789529073844392 2.9993238812176273 0.001282524292328205 -0.0015284529334018424 -1012.2226973049774 -130.32034332965506 237.31327481126021
0.26 -0.006748315490304862 -79.04043150452023 -43.46487632947486 -0.002965985526664383 -1.7386881397588532 -1.4589325768039743 3.0215868754907285 0.0016156759551812728 -0.0019254876249261753 -1012.1860397558607 -130.3499258359113 237.19715333441408
0.27 -0.006888760974829147 -79.00508371105559 -43.48580635230797 -0.0025459238997029843 -1.7222288379634776 -1.4451215827380395 3.047339944508337 0.001854935386078481 -0.0022106259117130513 -1012.316317418285 -130.41252609872373 237.09405462121086
0.28 -0.0069035978026053615 -78.97396556817962 -43.514783567125754 -0.002481185845248035 -1.7116943818271082 -1.4362821244793622 3.0753801139911086 0.0018887367603952993 -0.0022509088210590066 -1012.5721186769023 -130.49944450480592 237.00104153646345
0.29 -0.006821908952143836 -78.94610204945242 -43.54791805191967 -0.0027782925543533565 -1.7049645837976755 -1.4306351534349488 3.1041434079353896 0.0017267846434158764 -0.0020579018034936874 -1012.8968493175691 -130.5988300282789 236.91553843595872
0.3 -0.006719683638866214 -78.92043671722399 -43.581399040713265 -0.003250551875261465 -1.699889433494075 -1.4263765966870494 3.1321415014394756 0.0014813111626916348 -0.0017653579005565958 -1013.2348811736109 -130.69909824410067 236.83586936212802
0.31 -0.006674659268694484 -78.89605692485985 -43.612257921994996 -0.003639169299034961 -1.6947295865894922 -1.422046971052481 3.158253769708479 0.001296028491308349 -0.0015445466110721767 -1013.5426703383029 -130.79129546043706 236.7610171060196
0.32 -0.006725077618654908 -78.87232383819455 -43.638735068400294 -0.0037588851784278177 -1.6883843557644518 -1.416722690207422 3.1818581919034306 0.0012663367655019596 -0.0015091613901459361 -1013.7940994216019 -130.87021188747863 236.6900773035842
0.33 -0.006853871699307615 -78.84890904085839 -43.66029267096477 -0.0035878586655258005 -1.680423227199011 -1.4100425101644305 3.2028219813577374 0.0013942351467103088 -0.001661584745572052 -1013.9806995920817 -130.9343705198669 236.62191279661263
0.34 -0.00700397389282338 -78.82575785362843 -43.67737488871833 -0.0032601953972815068 -1.6709719791049054 -1.4021119713744952 3.2213950141845804 0.001598086025070342 -0.0019045247624993095 -1014.1082419736958 -130.9852285699985 236.55525826898753
0.35 -0.0071131271965469926 -78.80300841077235 -43.691038152379 -0.0029763503482200804 -1.6605191421443521 -1.3933409997361252 3.2380561923698825 0.0017657407155963066 -0.0021043278425434387 -1014.1914654032137 -131.02600478654378 236.48917185448855
0.36 -0.007147400769479175 -78.78089595203528 -43.702564901665276 -0.0028888557467041664 -1.6497055908947544 -1.3842673528708929 3.2533577761427646 0.0018176195980627533 -0.0021661546871991166 -1014.2485478578861 -131.06050415007428 236.42349608011182
0.37 -0.007115710610995382 -78.75966610301474 -43.71314424904722 -0.0030271984313188227 -1.6391451013773022 -1.3754060500117475 3.267799977107905 0.0017449592603401435 -0.0020795614685444235 -1014.2965000869226 -131.09219354312756 236.3589947607595
0.38 -0.007059901087277232 -78.73951207326155 -43.72366495244313 -0.0032970811992427684 -1.6293033202858247 -1.3671478151277654 3.2817524978610533 0.0016058775776898089 -0.0019138103733343174 -1014.3481296287903 -131.12364074321664 236.29704193578715
0.39 -0.007028604981346846 -78.72054143400263 -43.73462986903429 -0.003545448117193928 -1.620442590588926 -1.3597127801071167 3.295425247041472 0.001486454058601564 -0.0017714869652452354 -1014.4107251776368 -131.1563093527548 236.23900803435913
0.4 -0.007050690410289284 -78.70277046395506 -43.74617362364957 -0.003648824577979326 -1.612624472364537 -1.3531525999885332 3.308879781870315 0.0014516952183886301 -0.0017300629924967017 -1014.4862300831364 -131.1906286990149 236.1856571672512
0.41 -0.007122386090960048 -78.68613906221623 -43.758149595994475 -0.0035753502792488234 -1.6057524726315542 -1.3473863075471542 3.32206721707025 0.001513575435010181 -0.0018038089630638052 -1014.5724462581326 -131.22623235566542 236.13685313087234
0.42 -0.007213242921857 -78.67053713379069 -43.770248211773534 -0.0033908013032686313 -1.599634486002735 -1.3422527072233663 3.33487714413859 0.0016310233536071747 -0.001943777942164366 -1014.6647341016076 -131.26226789932693 236.09169621915152
0.43 -0.007285526312896458 -78.65583371627959 -43.78211334308899 -0.0032120862875828493 -1.5940464858873327 -1.337563818387494 3.347184405091068 0.0017380498950889827 -0.0020713272076619436 -1014.757722664742 -131.29770490659038 236.04898666187722
0.44 -0.007315179480165001 -78.64190213419445 -43.793433759526046 -0.003139088882178953 -1.5887841798084068 -1.3331482192975272 3.35888486103487 0.0017817769933154018 -0.0021234391341477415 -1014.8466756360439 -131.33159334215725 236.00775753444225
0.45 -0.0073030607022616535 -78.6286372454102 -43.80399840138543 -0.0032035600501458816 -1.5836956777138944 -1.3288784590668001 3.3699161301868448 0.0017490327172654232 -0.002084416025471697 -1014.9283268865918 -131.36324412443483 235.9676132326137
0.46 -0.007271628319780326 -78.61596359873725 -43.81371487909439 -0.0033601849450377586 -1.578694103877318 -1.3246816403051866 3.380263503278936 0.001668739689248676 -0.0019887265207314607 -1015.0011619696563 -131.39231868063365 235.92873789107992
0.47 -0.007250526919317977 -78.60383550459251 -43.82259823794999 -0.0035196343476044945 -1.5737534623859126 -1.320535949852001 3.389954192883337 0.0015916583741114017 -0.0018968645863597382 -1015.0652468336533 -131.41882831454058 235.89162068412864
0.48 -0.007260019503414487 -78.59223136147035 -43.83074099618217 -0.0036011473574717456 -1.5688934952869182 -1.3164579532516996 3.399044515407379 0.0015608846904707977 -0.0018601899382769676 -1015.1217743335103 -131.44305898418358 235.85668121204736
0.49 -0.0073013165272105725 -78.58114505692421 -43.838276034823 -0.0035744465031086747 -1.5641598243844435 -1.3124859317433106 3.4076046897836707 0.0015898461726154786 -0.0018947048887233814 -1015.1725111642686 -131.46545056847808 235.82400294932017
0.5 -0.007358138848173995 -78.57057702937392 -43.84534196967442 -0.003469978724815803 -1.5596047795544798 -1.3086637953064866 3.415705045374664 0.0016586049818886866 -0.001976648446801923 -1015.2192946547099 -131.48646726679303 235.79329672893863
0.51 -0.007407383473267431 -78.5605268890264 -43.85205730411903 -0.0033557401682173804 -1.5552725931593585 -1.3050286593001488 3.423406030814978 0.0017282978692898117 -0.002059705195866255 -1015.2636708615387 -131.50649352612842 235.76407821364447
0.52 -0.007432178716871572 -78.55098862458749 -43.85850603124098 -0.0032968723823074697 -1.5511906765983987 -1.3016035246193525 3.4307529411343616 0.0017639414949130164 -0.002102183614825735 -1015.3067042579803 -131.52577763724142 235.7359321937878
0.53 -0.007430128942248707 -78.5419485978062 -43.86473425106331 -0.0033214617496284404 -1.5473669588502652 -1.2983950444671564 3.4377750554025126 0.0017525363835038195 -0.0020885915323087274 -1015.3489415292954 -131.54442714937235 235.70870736097464
0.54 -0.007412935483473551 -78.53338590370802 -43.870755268015465 -0.0034099513485017496 -1.543792044288665 -1.2953953349770302 3.444488076303765 0.0017074185707978272 -0.0020348222168400923 -1015.3904853351389 -131.56244339182953 235.68254292220513
0.55 -0.007398592181952374 -78.52527431856853 -43.87655966436049 -0.003511032933126046 -1.5404443367236134 -1.2925862747939192 3.450898422012748 0.001658149408588494 -0.0019761055156886508 -1015.4311274531146 -131.57977284571126 235.65773154006013
0.56 -0.0074011482928478195 -78.51758496430311 -43.88212686825293 -0.0035725231226209075 -1.5372962214499495 -1.2899446924288895 3.4570079717575632 0.001632978428093909 -0.0019461079092144905 -1015.4704979218284 -131.59635351789643 235.63451122412982
0.57 -0.007423742065855319 -78.51028892944063 -43.887435452267226 -0.003569125222782077 -1.5343197429028592 -1.2874471303778137 3.462818183600678 0.0016440318169879606 -0.001959280825152759 -1015.5081996855729 -131.61214295265498 235.61290684260806
0.58 -0.007458216879924255 -78.50335932010677 -43.89247046085491 -0.0035127280997144794 -1.5314907742759978 -1.285073343846392 3.4683329442509585 0.0016827579979387733 -0.0020054328904971362 -1015.5439108469338 -131.62712598607857 235.59270202206025
0.59 -0.007490763137564201 -78.49677248555872 -43.89722715902974 -0.003441808065424823 -1.5287912731142441 -1.2828081934172104 3.47355995136241 0.0017268558451176343 -0.0020579866583716705 -1015.5774464161402 -131.64130925611622 235.57354351823147
0.6 -0.007509901982070788 -78.49050840525986 -43.90171149202298 -0.0033979681879046097 -1.526209722016855 -1.280642014843508 3.478510781413578 0.0017536863785516208 -0.002089962043038828 -1015.60877863982 -131.65471247682817 235.55510906478654
0.61 -0.0075123117005055666 -78.4845503976972 -43.905938124749184 -0.0034035337046702807 -1.5237401910234887 -1.2785698322978334 3.483200016734932 0.0017523125400102047 -0.0020883247660173883 -1015.6380208406961 -131.6673636600395 235.53724325198692
0.62 -0.007503659533340632 -78.4788844007388 -43.90992716709773 -0.0034519521839300182 -1.5213806091729403 -1.2765899080372805 3.487643887693222 0.001727946947359736 -0.0020592869833960235 -1015.6653848219828 -131.6792997235834 235.51999320950793
0.63 -0.0074945745586857135 -78.47349808612503 -43.913700637029734 -0.003514604607836702 -1.5191308217830901 -1.2747021122682156 3.49185885291621 0.0016973285292548829 -0.0020227973735648555 -1015.6911256580127 -131.69056904501642 235.50353627141183
0.64 -0.007494455370545125 -78.46838002712428 -43.9172794621259 -0.0035585228733125973 -1.5169908863777763 -1.2729064932588727 3.495860430864791 0.0016785251746663436 -0.002000388408138658 -1015.7154887635334 -131.70123108039667 235.48804961325726
0.65 -0.007506642450971976 -78.46351906409586 -43.920681478360336 -0.0035643678159189562 -1.5149598806428415 -1.2712022770957816 3.499662453825893 0.0016812081610035245 -0.0020035858667589467 -1015.7386715846862 -131.71135038930115 235.47359674634197
0.66 -0.007527355367396507 -78.4589039315029 -43.92392054765204 -0.0035351133922176814 -1.5130353124229785 -1.2695873726123352 3.5032767788104007 0.0017024961752622255 -0.0020289559342665255 -1015.7608064952161 -131.72098640434638 235.4600882997232
0.67 -0.007548524370586353 -78.45452313964988 -43.92700665095787 -0.0034919082272679702 -1.5112130731886282 -1.2680583323428607 3.506713385409187 0.0017299284498815421 -0.002061648446146108 -1015.7819643585717 -131.73018340523137 235.44732877544436
0.68 -0.007562568487404128 -78.45036505560597 -43.92994665533898 -0.003460784397425698 -1.5094877830064597 -1.2666106419873273 3.5099807310566047 0.0017491707707012092 -0.0020845805511513753 -1015.8021722494459 -131.7389655596796 235.43511433891248
0.69 -0.007566365489222427 -78.44641810388583 -43.93274540385768 -0.0034583079472554346 -1.5078533397820095 -1.2652391812805064 3.5130862192018277 0.0017518275907188303 -0.0020877468259549504 -1015.8214360338868 -131.74733947027644 235.4233239315956
0.7 -0.007562403882973894 -78.44267100619219 -43.93540681503554 -0.003483893647810987 -1.5063034987626445 -1.2639387102527735 3.5160366557586102 0.0017392101386769579 -0.002072709932126635 -1015.839759477522 -131.75530291939813 235.41195633653598
0.71 -0.007556830411155356 -78.43911299481331 -43.93793477008469 -0.003522087993211187 -1.5048323534175623 -1.262704272736329 3.5188386091290824 0.0017205297787615736 -0.002050447546051741 -1015.8571552691095 -131.76285555653234 235.40109998079677
0.72 -0.007555783489808394 -78.43573395852738 -43.94033367578228 -0.0035524651554794673 -1.5034346472524014 -1.2615314580086334 3.521498634310776 0.0017071142697497551 -0.0020344595649743587 -1015.8736477918521 -131.7700066482721 235.39085940564
0.73 -0.0075621510467632205 -78.43252450579297 -43.94260869005787 -0.0035610198547999516 -1.5021059015985578 -1.2604165080205547 3.5240233608495104 0.0017061670325380592 -0.002033330691624947 -1015.8892706596962 -131.776776869447 235.38128248537552
0.74 -0.007574421035203279 -78.42947595182096 -43.94476566867204 -0.0035468515163046277 -1.5008423861906373 -1.2593562927077926 3.5264194713867716 0.001717426964199889 -0.0020467497556477536 -1015.9040629076112 -131.78319428794512 235.37232694218486
0.75 -0.007587993352425662 -78.42658025031888 -43.94681092895031 -0.0035211407372415238 -1.4996409830544941 -1.2583481957793623 3.528693610690634 0.0017341646246951175 -0.002066696922714081 -1015.9180665046708 -131.78928744098826 235.36387939231324
0.76 -0.007597976263007771 -78.4238298963266 -43.94875093361566 -0.003499845097486798 -1.498499000645669 -1.2573899587613084 3.530852266307769 0.001747489485500528 -0.0020825768734662325 -1015.931325713829 -131.7950793711127 235.3558107600046
0.77 -0.007601816436785648 -78.42121782485893 -43.950591982742665 -0.003494703172577829 -1.4974139882660715 -1.256479525273761 3.5329016550979357 0.001751307411694794 -0.0020871269007408503 -1015.9438871219506 -131.80058540223274 235.34803445363997
0.78 -0.0076003891169599555 -78.41873732358337 -43.9523399746329 -0.003507504540202433 -1.496383585999567 -1.2556149151119769 3.5348476388707364 0.0017452286930247096 -0.00207988256591491 -1015.9557987505905 -131.80581509996662 235.34053607637554
0.79 -0.007597147704731744 -78.41638196937583 -43.95400026578257 -0.0035302851740723895 -1.495405428159632 -1.254794143229276 3.536695680325348 0.0017341219102448076 -0.0020666460176131107 -1015.9671075035457 -131.8107766338663 235.33336210203143
0.8 -0.007596005418628057 -78.41414559077853 -43.95557763253231 -0.003550665078421389 -1.4944771026700288 -1.2540151856532873 3.5384508397247476 0.0017249345492067465 -0.002055696947070472 -1015.9778555744579 -131.81548077728905 235.32657813212865
0.81 -0.007599215880565365 -78.41202225269329 -43.95707631638487 -0.0035589122200008205 -1.493596157270666 -1.2532759846936017 3.5401178046237036 0.0017227771983704084 -0.002053125916455694 -1015.9880773956371 -131.81994238956824 235.3202222613721
0.82 -0.007606374881604525 -78.41000625660544 -43.9585001231061 -0.003552794614108734 -1.4927601368511212 -1.2525744802679242 3.5417009402421593 0.0017284290668842313 -0.0020598615510832264 -1015.9977986782686 -131.82417889549927 235.3142787659948
0.83 -0.007614943429268898 -78.40809214892707 -43.95985254259971 -0.0035379050614707808 -1.4919666344243403 -1.251908652674274 3.543204346839817 0.0017384226660947144 -0.0020717714588519677 -1016.0070381281392 -131.8282069875239 235.30868369953262
0.84 -0.0076218409560324645 -78.40627473094665 -43.96113686079457 -0.0035238054485162706 -1.4912133403672172 -1.2512765639087746 3.5446319122690837 0.001747367280476458 -0.002082431235186291 -1016.0158111085461 -131.832039610549 235.30335577358557
0.85 -0.00762514267529677 -78.40454906561611 -43.96235624398972 -0.0035185110284672305 -1.4904980791599414 -1.2506763884935594 3.5459873518477103 0.0017510245813685992 -0.0020867898366732345 -1016.0241336058828 -131.8356849088965 235.2982332795954
0.86 -0.007624970544971436 -78.40291047840763 -43.96351378728688 -0.0035244251493935508 -1.4898188284223863 -1.2501064294501987 3.5472742325377404 0.0017484218663002902 -0.0020836880416406386 -1016.0320248068849 -131.83914756736567 235.2932968139357
0.87 -0.007623198446109391 -78.40135455135515 -43.96461252898256 -0.0035377106476985887 -1.489173720245347 -1.249565119416772 3.548495982804176 0.0017419943036084773 -0.002076027970707192 -1016.0395073898724 -131.84243163280917 235.28856739795737
0.88 -0.007622263364698843 -78.3998771109479 -43.96565543988835 -0.0035510371949882824 -1.488561028671672 -1.2490510101432761 3.5496558924241297 0.0017359065456554787 -0.0020687728632768037 -1016.0466057936887 -131.84554319150678 235.28408379590263
0.89 -0.0076238142494728794 -78.39847421165146 -43.966645399508735 -0.0035578635742083975 -1.4879791491616672 -1.248562755261048 3.5507571075066595 0.0017336507104721555 -0.002066084463585058 -1016.0533436354824 -131.84849151195434 235.27987340421737
0.9 -0.007627932428776262 -78.39714211741517 -43.96758517015299 -0.003555812057264518 -1.4874265759678629 -1.2480990912979166 3.5518026252944446 0.0017362752315305556 -0.002069212245993733 -1016.0597416719039 -131.8512882145894 235.27593283878574
0.91 -0.007633270930652944 -78.39587728353786 -43.96847737671239 -0.0035474523481369147 -1.4869018820306437 -1.2476588208087236 3.552795291637113 0.0017421100507194645 -0.0020761659127303835 -1016.0658172048722 -131.8539451148756 235.27222736444244
0.92 -0.0076379338658627005 -78.39467634075814 -43.96932449570075 -0.003538376496159401 -1.4864037040232674 -1.2472407998264714 3.5537378021720225 0.0017479624281007825 -0.002083140504514353 -1016.0715849615451 -131.8564720135892 235.26870728978244
0.93 -0.007640545717123719 -78.39353608258013 -43.97012885367241 -0.003533893881112249 -1.4859307332188187 -1.2468439301988923 3.554632706865279 0.0017509820646882182 -0.002086739167274024 -1016.0770587212337 -131.85887559589173 235.26533068574963
0.94 -0.007640922765542421 -78.39245345590868 -43.970892633056664 -0.0035362537957510654 -1.4854817114007766 -1.2464671561569958 3.5554824169213295 0.0017501315959522464 -0.0020857256180931193 -1016.0822526925824 -131.86115988984872 235.26207965917845
0.95 -0.007640036712555529 -78.39142555431567 -43.97161788278559 -0.0035438056129351025 -1.4850554302927854 -1.2461094638364898 3.5562892130469153 0.0017465291357569952 -0.0020814323732067574 -1016.0871819355472 -131.8633278673458 235.25896228804322
0.96 -0.007639370678349107 -78.39044961287192 -43.97230653134763 -0.0035523195257098905 -1.4846507328744885 -1.2457698823820635 3.557055254323719 0.001742610533338273 -0.0020767623646973377 -1016.0918617461411 -131.86538322089487 235.25600082088076
0.97 -0.0076400779532443674 -78.38952300349952 -43.9729604004572 -0.003557521608392733 -1.4842665152378487 -1.2454474855048687 3.5577825871938997 0.0017406897931906999 -0.0020744733157196773 -1016.096306504128 -131.8673313719226 235.2532139471683
0.98 -0.00764241137748114 -78.3886432301212 -43.97358121798303 -0.0035573623525593234 -1.4839017280499611 -1.2451413927100532 3.5584731541451475 0.0017417485442721475 -0.0020757350861313113 -1016.1005287202407 -131.86917928253166 235.25060319258466
0.99 -0.0076456944851138455 -78.38780792331727 -43.97417062904805 -0.003552848263524311 -1.4835553770621814 -1.2448507697239393 3.559128801645419 0.0017450691858186412 -0.002079692472619824 -1016.104538826785 -131.8709343240894 235.2481501606858
1.0 -0.007648787776463588 -78.38701483455665 -43.97473020445519 -0.0035471605837713582 -1.483226522395782 -1.2445748278946667 3.5597512868669146 0.001748809460125246 -0.0020841499579718793 -1016.1083457887072 -131.87260292366742 235.24582483273278
1.01 -0.007650746720938937 -78.38626183024263 -43.97526144599832 -0.0035437234684394525 -1.4829142765676195 -1.2443128225354059 3.560342282887015 0.0017511066844725762 -0.002086887683348269 -1016.1119581543244 -131.87418974119828 235.2435992595557
1.02 -0.0076513012749715075 -78.38554688580675 -43.975765788825285 -0.0035443643238721734 -1.48261780142575 -1.2440640503532165 3.5609033823735525 0.0017510665732174467 -0.002086839880615924 -1016.1153849610732 -131.87569776003085 235.24145877265437
1.03 -0.0076509234846351675 -78.38486807997887 -43.976244601682154 -0.003548529606973716 -1.4823363043511684 -1.2438278462617518 3.5614361001408463 0.0017491264082994838 -0.0020845276820953143 -1016.1186360434617 -131.87712914378798 235.23940505465825
1.04 -0.007650494456758803 -78.38422358925521 -43.97669918631969 -0.003553850575720219 -1.4820690342131329 -1.2436035799875071 3.5619418752230105 0.001746671817660915 -0.002081602414891011 -1016.1217216510095 -131.8784863219458 235.23745036528203
1.05 -0.0076507927596916525 -78.38361168254796 -43.97713077737874 -0.0035576052412054082 -1.481815277591739 -1.2433906529000893 3.562422073129877 0.001745195313246655 -0.0020798427854365974 -1016.1246516564942 -131.8797727061296 235.23560698118834
1.06 -0.007652095465977978 -78.38303071603633 -43.97754054366036 -0.003558200236994935 -1.4815743556681618 -1.243188495402876 3.562877988718679 0.001745494372311928 -0.0020801991901552848 -1016.1274348200028 -131.88099270287006 235.23387797816645
1.07 -0.007654090154209539 -78.382479128302 -43.97792959100726 -0.0035558859176703095 -1.481345621960191 -1.2429965650328825 3.56331084974605 0.0017473290317524793 -0.0020823856521439126 -1016.1300784942667 -131.88215109957792 235.23225407370745
1.08 -0.007656108932844092 -78.38195543586303 -43.97829896636852 -0.003552413768680651 -1.4811284608285717 -1.242814345207421 3.5637218208302164 0.0017496677432154114 -0.0020851728199356907 -1016.1325888828935 -131.88325222413962 235.2307175016263
1.09 -0.007657523830925699 -78.38145822918558 -43.97864966225248 -0.0035499383151744723 -1.4809222864898857 -1.2426413443959063 3.564112007392489 0.001751324144063293 -0.002087146841590668 -1016.1349716613516 -131.88429935323975 235.22925005770753
1.1 -0.007658075836927073 -78.3809861691608 -43.97898262079997 -0.0035498310981196823 -1.4807265422055558 -1.2424770954390851 3.564482459206776 0.00175160302406564 -0.0020874791978449745 -1016.1372326029641 -131.88529465903446 235.22784057493737
1.11 -0.007657970998793618 -78.38053798393527 -43.97929873704937 -0.0035520445626460173 -1.4805406993779933 -1.2423211547910284 3.56483417339948 0.0017506125092497675 -0.002086298748255085 -1016.1393778917657 -131.88623966594426 235.22648793093578
1.12 -0.0076577193240853145 -78.38011246592446 -43.97959886140279 -0.003555299754573582 -1.480364256429958 -1.242173101578416 3.56516809698237 0.0017491153434487801 -0.0020845144955298164 -1016.1414140061909 -131.88713592245594 235.22519850065834
1.13 -0.007657831129910939 -78.37970846885327 -43.979883801617184 -0.0035579043735651794 -1.4801967374942286 -1.2420325365012133 3.5654851291445384 0.001748050633926403 -0.0020832456241255477 -1016.1433472969418 -131.88798551240438 235.2239800320614
1.14 -0.007658547852352313 -78.37932490474404 -43.98015432471168 -0.0035586961695486252 -1.4800376910334343 -1.241899080674628 3.565786123525339 0.0017480168510945826 -0.0020832053633120253 -1016.1451835284917 -131.88879115760963 235.22283559010745
1.15 -0.007659745869924612 -78.37896074087217 -43.9804111590242 -0.0035575980071840263 -1.4798866885154602 -1.2417723745174953 3.566071890568097 0.0017489941671624426 -0.00208437008324141 -1016.1469276402977 -131.8895559078906 235.22176076212432
1.16 -0.007661044494341541 -78.3786149967828 -43.98065499640054 -0.003555535144293742 -1.4797433232115793 -1.2416520767438897 3.566343199902136 0.0017504257713593097 -0.0020860762026986236 -1016.1485838365757 -131.89028263289092 235.22074522674868
1.17 -0.0076620376562484055 -78.37828674147735 -43.98088649431367 -0.003553831350174619 -1.4796072091076944 -1.2415378634495084 3.5666007826068005 0.0017515741246316556 -0.002087444756835208 -1016.1501559258579 -131.8909736102082 235.21977735328647
1.18 -0.0076625125299515885 -78.37797509083907 -43.98110627768667 -0.00355346302666959 -1.479477979871266 -1.2414294272448956 3.5668453332209626 0.0017519321853368933 -0.0020878714769606344 -1016.1516477075339 -131.8916304194682 235.2188490467471
1.19 -0.007662540870118957 -78.37767920529677 -43.981314940321866 -0.0035545823531819565 -1.4793552878179526 -1.2413264763882097 3.5670775114569038 0.0017514656617382952 -0.0020873154957914814 -1016.1530632004642 -131.89225416596096 235.21795824198514
1.2 -0.007662409250755245 -78.37739828766856 -43.98151304602723 -0.0035565311413776612 -1.4792388028622376 -1.2412287339048191 3.5672979436936254 0.0017505773597910762 -0.00208625685875718 -1016.1544066156562 -131.89284588023781 235.21710799145401
1.21 -0.007662443527002434 -78.37713158110634 -43.98170112966438 -0.0035582820325217313 -1.4791282114880175 -1.2411359367235093 3.5675072243957597 0.001749844231082828 -0.0020853831499862306 -1016.1556821217343 -131.89340686442705 235.2163030148224
1.22 -0.007662832512088996 -78.37687836708437 -43.98187969834561 -0.0035590247111727535 -1.4790232158006802 -1.2410478348809875 3.5677059175916375 0.0017496922586094257 -0.0020852020362377506 -1016.1568935561488 -131.89393881035983 235.21554582319737
1.23 -0.007663544289593859 -78.37663796342162 -43.982049232888876 -0.0035585702891438586 -1.4789235327102226 -1.2409641908365643 3.567894558463576 0.00175018836418925 -0.002085793271843994 -1016.1580442464114 -131.89444365530352 235.21483451480458
1.24 -0.007664368882910366 -78.37640972236962 -43.98221018946924 -0.003557380578016023 -1.4788288932521212 -1.2408847789021564 3.568073655002379 0.0017510461215523674 -0.0020868155072734044 -1016.1591370286134 -131.89492328381903 235.21416321501775
1.25 -0.007665050272639361 -78.3761930288135 -43.982363001280916 -0.003556249586090132 -1.4787390420051416 -1.240809384753959 3.5682436896120735 0.0017518178401426214 -0.0020877352056735527 -1016.1601744359764 -131.89537925323052 235.21352462305347
1.26 -0.007665427685899292 -78.37598729861743 -43.98250808000488 -0.0035558455327588945 -1.478653736539794 -1.2407378049694557 3.5684051205519958 0.0017521500706059367 -0.002088131142521494 -1016.1611589430707 -131.89581268733218 235.21291307412685
1.27 -0.0076655103156836515 -78.37579197711129 -43.98264581696474 -0.003556371719881213 -1.478572746838232 -1.240669846540726 3.5685583831631744 0.0017519600514414977 -0.0020879046865059305 -1016.1620931346324 -131.89622437728576 235.2123264348403
1.28 -0.007665453522164193 -78.37560653768234 -43.98277658399215 -0.0035575121928630438 -1.4784958546619436 -1.2406053263439816 3.5687038909080515 0.0017514487292601773 -0.0020872953164507717 -1016.1629797224421 -131.89661501443686 235.21176595933485
1.29 -0.007665460360452537 -78.37543048042424 -43.982900734135704 -0.0035586584404114774 -1.4784228528861831 -1.240544070580853 3.5688420363120708 0.0017509621188640091 -0.002086715396765774 -1016.1638214225716 -131.89698541843342 235.21123441282484
1.3 -0.007665669081697052 -78.3752633308074 -43.98301860237936 -0.003559265056040317 -1.478353544847618 -1.2404859142312574 3.5689731919029146 0.001750791699812602 -0.0020865122992482165 -1016.1646207774749 -131.8973366420045 235.21073365130542
1.31 -0.007666087755455994 -78.3751046383645 -43.98313050648114 -0.0035591313874192565 -1.4782877437523183 -1.240430700556459 3.569097711202699 0.0017510264594591284 -0.002086792074897111 -1016.1653800267086 -131.8976699124908 235.21026299846574
1.32 -0.007666605239648383 -78.37495397541166 -43.98323674793925 -0.0035584685461316212 -1.478225272167066 -1.2403782806723171 3.5692159297650763 0.0017515290005102352 -0.0020873909800035923 -1016.1661010922569 -131.8979864610944 235.20981918588421
1.33 -0.007667063977624383 -78.37481093583864 -43.98333761300122 -0.003557740812873078 -1.4781659615847182 -1.2403285131845507 3.569328166200285 0.001752034196793235 -0.002087993049483321 -1016.1667856760937 -131.89828734435653 235.20939770779398
1.34 -0.007667349034574184 -78.37467513399378 -43.98343337359768 -0.003557391136524757 -1.4781096520302057 -1.2402812638581224 3.5694347231195778 0.0017523041896020438 -0.0020883148143896317 -1016.1674354083477 -131.89857335449489 235.20899471005578
1.35 -0.0076674443938270845 -78.37454620366668 -43.983524288117486 -0.0035576092517217717 -1.4780561916706851 -1.240236405290176 3.5695358879582444 0.0017522512543003087 -0.0020882517285526914 -1016.1680519645927 -131.89884505711245 235.20860835080975
1.36 -0.007667430453742851 -78.3744237971504 -43.98361060201607 -0.003558260284791004 -1.4780054364085693 -1.2401938165684498 3.5696319336837985 0.0017519671720027917 -0.0020879131724571014 -1016.1686370963245 -131.8991029229286 235.20823897130398
1.37 -0.007667430762518715 -78.37430758435158 -43.98369254832114 -0.003558993317291481 -1.4779572494600792 -1.2401533829177396 3.5697231194346895 0.0017516542327803153 -0.0020875402260161846 -1016.1691925709175 -131.89934747417087 235.20788812074983
1.38 -0.00766754197889274 -78.37419725192322 -43.983770348129866 -0.0035594519030510696 -1.4779115009416657 -1.240114995352826 3.5698096911472685 0.001751505618827737 -0.0020873631147962915 -1016.1697200655888 -131.89957936751696 235.20755708069098
1.39 -0.007667786045522064 -78.37409250240955 -43.983844211167906 -0.0035594634756392907 -1.4778680674897053 -1.2400785503593 3.569891882208066 0.001751604258556556 -0.0020874806690470695 -1016.1702210790313 -131.89979937792185 235.20724572566579
1.4 -0.007668107354669531 -78.37399305341145 -43.98391433642314 -0.0035591098034615243 -1.477826831928688 -1.24004394961527 3.569969914132913 0.0017518915794469902 -0.002087823084752965 -1016.1706969076413 -131.9000083041442 235.20695228349632
1.41 -0.00766841127164049 -78.37389863679107 -43.98398091280953 -0.0035586547794252965 -1.4777876829841503 -1.2400110997503333 3.570043997241585 0.0017522147201362737 -0.0020882081888268906 -1016.171148693604 -131.90020685580734 235.20667401814217
1.42 -0.007668618905872663 -78.37380899793263 -43.98404411978948 -0.003558384050123209 -1.4777505150220591 -1.2399799121270405 3.5701143312859673 0.0017524182572658472 -0.0020884507549362497 -1016.1715775131179 -131.90039558472276 235.20640836719087
1.43 -0.007668707285860734 -78.37372389506444 -43.98410412789837 -0.003558451431054266 -1.4777152277922063 -1.2399503026254877 3.570181106002644 0.0017524268158540857 -0.002088460954659303 -1016.1719844553131 -131.90057489257418 235.20615387889396
1.44 -0.007668715340236593 -78.37364309863358 -43.984161099158705 -0.0035588126248811136 -1.477681726161073 -1.2399221914191685 3.57024450158888 0.001752275878725585 -0.0020882810747957625 -1016.1723706528778 -131.9007451029378 235.20591047458936
1.45 -0.007668716422549429 -78.37356639071531 -43.9842151874183 -0.003559271360643379 -1.477649919834505 -1.2398955027422858 3.5703046891273575 0.0017520804006001488 -0.0020880481130403916 -1016.172737255338 -131.90090655289436 235.20567897358836
1.46 -0.00766877574127522 -78.37349356444096 -43.984266538670525 -0.0035596007011662323 -1.4776197230827925 -1.2398701646590098 3.5703618309955076 0.0017519649381257639 -0.0020879105102233775 -1016.1730853672243 -131.90105965419087 235.2054602152148
1.47 -0.007668916950290696 -78.3734244234357 -43.9843152914064 -0.00355966673237873 -1.4775910544847761 -1.2398461088490365 3.57041608128643 0.0017519966701186477 -0.0020879483269415585 -1016.1734159893354 -131.9012048957027 235.20525428774917
1.48 -0.00766911453811818 -78.37335878126973 -43.98436157701469 -0.003559488895049867 -1.4775638367028066 -1.2398232704182277 3.570467586247422 0.00175215643006074 -0.0020881387214241854 -1016.1737299952329 -131.90134279320796 235.20506025931624
1.49 -0.00766931310018335 -78.37329646093332 -43.984405520209016 -0.0035592122574996665 -1.4775379962880741 -1.239801587735741 3.570516484720012 0.0017523587445985353 -0.0020883798305057696 -1016.1740281527191 -131.9014738196568 235.20487649503218
1.5 -0.0076694602256319605 -78.3732372943465 -43.98444723943906 -0.003559016456080144 -1.4775134635066074 -1.239781002287856 3.5705629085560173 0.0017525046786639226 -0.00208855374795016 -1016.1743111750586 -131.90159835562432 235.20470132484786
1.51 -0.007669534038614566 -78.37318112190842 -43.984486847247624 -0.0035590167288930274 -1.477490172171823 -1.23976145853743 3.570606982989229 0.0017525357724487624 -0.0020885908040819403 -1016.1745797726533 -131.90171668439814 235.20453366783102
1.52 -0.007669551427159552 -78.3731277920818 -43.984524450558474 -0.003559210327310325 -1.4774680594724288 -1.2397429037795433 3.5706488269578243 0.0017524603974688443 -0.0020885009756758588 -1016.1748346789041 -131.90182902970673 235.20437328672156
1.53 -0.00766955480873415 -78.37307716100275 -43.98456015091096 -0.003559491490200628 -1.4774470657941379 -1.2397252879918312 3.5706885533904344 0.0017523417296374248 -0.002088359552863813 -1016.175076640616 -131.9019356117319 235.2042205795522
1.54 -0.007669586887273395 -78.37302909210459 -43.98459404467458 -0.0035597192298126856 -1.4774271345410597 -1.239708563684701 3.57072626947698 0.0017522580859991265 -0.002088259870250426 -1016.1753063831017 -131.90203669012243 235.20407607082097
1.55 -0.007669668133412921 -78.37298345574953 -43.98462622327639 -0.0035597960238575865 -1.4774082119669103 -1.2396926857597208 3.570762076942825 0.0017522597726643341 -0.0020882618803481578 -1016.1755245723209 -131.9021325731583 235.20393990521816
1.56 -0.007669788596843369 -78.37294012886866 -43.984656773456116 -0.003559714517976431 -1.4773902470242568 -1.2396776113829446 3.5707960723328367 0.0017523456822512765 -0.002088364263404491 -1016.1757317953658 -131.90222359248315 235.2038116109994
1.57 -0.007669916749065218 -78.37289899461607 -43.98468577754014 -0.003559551170873476 -1.477373191232875 -1.2396632998747066 3.5708283472977365 0.0017524697734426222 -0.0020885121495299755 -1016.1759285684032 -131.9023100610972 235.20369022693043
1.58 -0.007670018732725482 -78.37285994204399 -43.9847133137106 -0.0035594162610550484 -1.4773569985628363 -1.2396497126112394 3.5708589888683373 0.0017525705928502916 -0.0020886323014265807 -1016.1761153655752 -131.9023922391207 235.20357468359302
1.59 -0.0076700766417109115 -78.37282286580296 -43.98473945624416 -0.0035593916968323924 -1.4773416253233655 -1.2396368129316784 3.5708880797034177 0.0017526055837480527 -0.0020886740019530696 -1016.1762926519605 -131.9024703249107 235.20346420771034
1.6 -0.007670096267419581 -78.37278766586542 -43.98476427570868 -0.0035594909380805007 -1.4773270300506027 -1.2396245660436733 3.5709156983068087 0.0017525714762205522 -0.0020886333541744106 -1016.1764609034401 -131.9025444736701 235.2033585323892
1.61 -0.007670101413643676 -78.37275424726695 -43.98478783912356 -0.00355965971910166 -1.477313173391721 -1.2396129389263422 3.5709419192192327 0.0017525015550386759 -0.0020885500253529058 -1016.1766206051616 -131.90261483087613 235.2032578237058
1.62 -0.00767011932223627 -78.37272251985854 -43.98481021010331 -0.0035598125336733233 -1.4773000179884335 -1.2396019002322873 3.5709668131977472 0.0017524438903371 -0.0020884813032441 -1016.1767722325396 -131.90268156144208 235.20316239444273
1.63 -0.007670165938308916 -78.37269239806473 -43.984831449004744 -0.0035598814896431463 -1.477287528365597 -1.2395914201943583 3.570990447394563 0.0017524342260371846 -0.002088469785778236 -1016.1769162274809 -131.90274485994698 235.20307238038237
1.64 -0.007670238832429193 -78.37266380064756 -43.98485161309014 -0.0035598502633646945 -1.477275670830526 -1.2395814705410544 3.571012885541297 0.0017524784855912172 -0.002088522532261531 -1016.1770529835803 -131.90280493894966 235.20298755438506
1.65 -0.00967012729404812 -78.05179988702497 -44.869961722551054 -8.193499317883379E-4 -1.597582196451345 -1.340530631895632 4.156977551345668 0.003766317933495456 -0.004488522938831927 -1026.2583234211982 -134.5498644356635 234.27216647478707
1.66 -0.01385181061617316 -77.1348405677252 -47.69300943866109 0.003279900643200051 -2.099191444420182 -1.7614307673512997 5.973883210523235 0.00725182303132817 -0.00864238622595741 -1056.886523113777 -142.9978528614371 231.5801939099652
1.67 -0.014834964756981223 -76.12585660747348 -50.94527819789799 -0.0011274031788275352 -2.792000158075556 -2.342766303430494 8.036526241177409 0.005774960770872749 -0.006882330281282965 -1088.6664627291957 -152.7375151405528 228.54766754926928
1.68 -0.01346943915760095 -75.12183174371444 -53.86291852011158 -0.00956715097265004 -3.4261145938015467 -2.874851492405611 9.921243936692637 0.001638802791586081 -0.0019530491122741322 -1113.0307608656701 -161.48024736969197 225.49249477483093
1.69 -0.013705411856626468 -74.1604211309434 -56.12422038688143 -0.01006182546424128 -3.8553997591228146 -3.2350645161159264 11.455290323665295 0.001527429921706268 -0.0018203200961186378 -1128.1023544489096 -168.25877162085743 222.60625419186118
1.7 -0.01512984623156725 -73.28517491829055 -57.8333506186138 -0.0035343439513013664 -4.1223537293408405 -3.4590654939365635 12.675477433194063 0.004856554178153996 -0.005787815912716239 -1136.7020364998136 -173.38762696384035 220.01043622121506
1.71 -0.013008629217785792 -72.6387500143948 -58.95242660234572 -0.004113415697815981 -4.270024140236103 -3.5829756811986186 13.504637013456488 0.0037242613888670948 -0.004438401900547846 -1140.8921770170707 -176.75719991000943 218.0446886015783
1.72 -0.010188997432063038 -72.27155617886854 -59.431674568892 -0.007978565265794657 -4.284071238339667 -3.594762596028147 13.89748210468033 9.253783810180924E-4 -0.001102823010248563 -1141.6727608048955 -178.2060359026747 216.90218439056244
1.73 -0.011048699366758483 -72.13208912180531 -59.42021218351125 -0.005778812733723271 -4.195959622199037 -3.520828171421954 13.950149713611244 0.002206172173912236 -0.002629213616358732 -1140.3251617467995 -178.1701908199564 216.49850648861252
1.74 -0.012956433471078915 -72.14532703191833 -59.17028047264661 -0.003087668072751626 -4.0823100237532195 -3.4254648352826678 13.819912047379662 0.004131536394444826 -0.004923773355607881 -1138.360138082668 -177.41280136219086 216.5657076316045
1.75 -0.01326380185752147 -72.24189507058773 -58.99707896033421 -0.0050792719714607415 -4.055634102796169 -3.4030810798462596 13.693067779470384 0.003426533677213615 -0.004083583828280841 -1137.7676903725837 -176.8869790552402 216.85381600110375
1.76 -0.013490335484467942 -72.35075583453002 -58.99167744091684 -0.006610537079836831 -4.117681764900446 -3.4551452502333717 13.644796866033111 0.002880330328371635 -0.003432644021637926 -1138.687221548444 -176.86602260998626 217.17896906291176
1.77 -0.014210306420922534 -72.4139507568207 -59.06729190327618 -0.005219940803698364 -4.191802088775077 -3.5173395866593182 13.656066781558353 0.003763939804809829 -0.004485688795711508 -1139.8830414237711 -177.09074477837763 217.37984162535494
1.78 -0.01391909015978494 -72.41664895968367 -59.13014414678654 -0.004811604012132875 -4.223818666831821 -3.5442046854983005 13.68629677013699 0.0038129447527297734 -0.004544090618905583 -1140.4366396986443 -177.28217972311577 217.38582582035656
1.79 -0.012944536675279936 -72.38286405930046 -59.14125285081135 -0.005761228318057476 -4.209137085303418 -3.53188537585271 13.705983761550728 0.0030073529742121598 -0.003584023716842571 -1140.2319139522879 -177.32031939682398 217.27156135996947
1.8 -0.012736325615329327 -72.34787423244389 -59.11696498195789 -0.00546008365992634 -4.176603497375162 -3.50458645422124 13.70851441148537 0.0030462585473752914 -0.0036303895736529038 -1139.7171096774568 -177.2495516889505 217.16514177420274
1.81 -0.013039688451684347 -72.33292511067435 -59.09272163756153 -0.004716269590275601 -4.155988963240841 -3.4872888062322573 13.702677038077026 0.003484672707443834 -0.004152871226852971 -1139.379802189641 -177.1762671608306 217.12546767225427
1.82 -0.013083820336831357 -72.33789741035804 -59.08934287231707 -0.0051373314782381385 -4.157305038908362 -3.488393124839419 13.698909555531873 0.0033268706961771108 -0.003964810111884707 -1139.3957455452187 -177.1649319653547 217.1397700288391
1.83 -0.01313713140054898 -72.35015959151147 -59.103622343283796 -0.005613920203714429 -4.1714992449792945 -3.500303477918436 13.700900471381157 0.0031496600753552102 -0.0037536187167254843 -1139.624964757073 -177.20638318098977 217.17588529744492
1.84 -0.013379638221013346 -72.3578680775887 -59.11981118286806 -0.005305169553622591 -4.18391475172071 -3.510721325046049 13.70575045895822 0.003380444988715086 -0.004028657467859841 -1139.8291498611043 -177.25389210581625 217.20238928320188
1.85 -0.01342111604060441 -72.35691286276776 -59.14284910543564 -0.005098104361422884 -4.194505255037576 -3.519607812473197 13.717644833171432 0.003484489658668696 -0.004152653077829271 -1140.0142185273778 -177.32313779561076 217.20047795201225
1.86 -0.013269733041188312 -72.34761977839264 -59.2638118208511 -0.00518533674537025 -4.247622489790267 -3.5641784645633408 13.781887674173802 0.0033845417695037277 -0.004033539821108719 -1140.9466578140673 -177.68682252395797 217.17061960279148
1.87 -0.013050906411098111 -72.32754016615596 -59.40975610665093 -0.005354586940946149 -4.306570074700996 -3.613641361320717 13.863109179283553 0.00322201880419847 -0.0038398524922251772 -1141.9870462394101 -178.125729531686 217.1074360284748
1.88 -0.013057721689722558 -72.29086954966289 -59.610593169522936 -0.005017203617157406 -4.382565727329471 -3.6774092854123808 13.978661638253591 0.003366046686740055 -0.004011498239657872 -1143.3261626124631 -178.72875910199417 216.99811989894476
1.89 -0.013014075881250711 -72.23371363989978 -59.98609794839 -0.004798531805484174 -4.532114356405565 -3.8028954849133214 14.189929296766387 0.0034392263761175994 -0.004098710397903043 -1145.8981021066852 -179.85577683069295 216.82629692155336
1.9 -0.012532875111284956 -72.14995982086111 -60.3406450876062 -0.005404008736597632 -4.656649899468164 -3.9073932131655056 14.401871568489252 0.002984277008809702 -0.003556522852047528 -1148.0136844853214 -180.92124336121577 216.56792585516715
1.91 -0.012483068253615715 -72.04039648343164 -60.69213236001253 -0.004878972615372845 -4.765477596054652 -3.998710493233517 14.623090244194778 0.003183219166096658 -0.0037936128838791565 -1149.8198508319954 -181.97691086982934 216.2395944785881
1.92 -0.012318356561366407 -71.91349132065632 -61.24087389435217 -0.004580801153998948 -4.963119696572139 -4.164551906882963 14.949980972338606 0.003239179796564502 -0.0038603041666470544 -1152.9569352094857 -183.62455700482624 215.85723195032443
1.93 -0.011613816373008099 -71.77058444200247 -61.66251008581837 -0.0054264643956329905 -5.090108815584408 -4.271108429809459 15.220168585271015 0.0025903410831175713 -0.0030870482954468144 -1154.864344365284 -184.89230290509337 215.41842851143485
1.94 -0.011651694284934667 -71.61657954384916 -62.12766636264469 -0.004555340105646621 -5.234055946045466 -4.391894413888394 15.516733692526229 0.0029711283807687928 -0.0035408529272585197 -1156.9162315136537 -186.28908037943717 214.95844861504705
1.95 -0.011184665223381468 -71.47793533786239 -62.475076159783015 -0.005015069132753069 -5.329132794390205 -4.471673362267666 15.748137038002378 0.002583315700615483 -0.0030786757705855176 -1158.1624619261593 -187.33336887256957 214.5360503767801
1.96 -0.011024729669455134 -71.37280690153892 -62.678659821347416 -0.005024564350868843 -5.371629256746342 -4.5073321281569605 15.893750111848384 0.0025125191621328917 -0.0029943037412185807 -1158.6334719844292 -187.94507971689174 214.21870764010254
1.97 -0.011106297627659268 -71.3213562711073 -62.708687678827566 -0.004809648788025811 -5.357280089245744 -4.495291746999484 15.930279920908733 0.0026367105461442535 -0.0031423092697908657 -1158.3483916208468 -188.03501104770476 214.06566575146337
1.98 -0.011185788248105821 -71.32621964318042 -62.641389131725205 -0.004947022617919572 -5.325964481047031 -4.46901483170987 15.894658684011377 0.0026124320587528806 -0.0031133752951221652 -1157.9043116693242 -187.8322699479087 214.08078589419148
1.99 -0.011464413130376204 -71.35051804596645 -62.851010873411056 -0.004520025240381642 -5.4462335503101045 -4.569932563370614 15.989094863503166 0.0029080260965174227 -0.0034656505529660543 -1159.6707930700343 -188.45999222068494 214.15746276637668
2.0 -0.010960372273908291 -71.29753824734001 -63.2304027421038 -0.005039490943680391 -5.6088749149921355 -4.7064048724895144 16.200629732648856 0.002479677933878843 -0.0029551650893309685 -1161.8858556356256 -189.60040821782957 213.99163173651078
2.01 -0.010491805815726049 -71.16607411292802 -63.39339978473429 -0.004941002116382265 -5.616936782791985 -4.713169582786833 16.337045438976254 0.002324859376053065 -0.0027706595162888597 -1161.7397738045972 -190.09285805042342 213.59244366841077
2.02 -0.010462331700680285 -71.08460349840684 -63.3920877168483 -0.004669046544591993 -5.569754033679974 -4.673578555409023 16.370513412243042 0.0024264644234534374 -0.002891747696915879 -1160.9166787042568 -190.08970862877922 213.34835228623263
2.03 -0.010663266495144388 -71.09541492068959 -63.45751963568655 -0.0048355625071465624 -5.609404560122545 -4.706849297522993 16.39864604721544 0.0024409198330599792 -0.002908974983300399 -1161.487243915905 -190.28414097224015 213.38235848169063
2.04 -0.010756125299381396 -71.10564356012955 -63.607190682208156 -0.004849927207352778 -5.691898475189969 -4.776069911230422 16.4690735241269 0.0024738994769130562 -0.0029482785924650735 -1162.6438183037305 -190.7323791254425 213.4138288841997
2.05 -0.010473282919954897 -71.06231837903542 -63.67143885092891 -0.004904477047915634 -5.70016393610825 -4.783005456438445 16.51929334116623 0.0023326488189732743 -0.0027799426128936955 -1162.6595079267938 -190.92699623739762 213.28074409524396
2.06 -0.01032502200081428 -71.0138834873149 -63.78503790298487 -0.0046742256773839586 -5.730927066523261 -4.808818787823554 16.596292022221018 0.002367106989065222 -0.002821008261021816 -1162.9645536914227 -191.2693159971356 213.1343807649577
2.07 -0.010162508745119486 -70.97392302696039 -63.94870085086127 -0.004904250352048223 -5.792397098192229 -4.860398268725433 16.694738856413487 0.002202815327326635 -0.002625213082383843 -1163.6961190210661 -191.76085858946774 213.0120910644813
2.08 -0.010161088154286796 -70.93128138846424 -64.0031926914189 -0.004853083279996895 -5.796255311378694 -4.86363569398722 16.739808519834142 0.0022237230357250956 -0.002650129919036706 -1163.639687566858 -191.92441240120172 212.88419801934768
2.09 -0.010188095254502335 -70.91734589411305 -63.97870949380123 -0.004804559503874373 -5.775729116127806 -4.846412171122708 16.733422898582187 0.002255355953706702 -0.002687828562782222 -1163.3295421407638 -191.85088157217623 212.84279643139115
2.1 -0.01011436724150805 -70.91652229335008 -64.18595323881247 -0.004757269151340893 -5.882159117274657 -4.935717545831267 16.837241882325078 0.0022444424354097882 -0.0026748223381084808 -1164.7437790361084 -192.4731609215488 212.83952585169646
2.11 -0.00958783116879284 -70.82456341936347 -64.57241180213846 -0.004909365039608815 -6.0301353613201805 -5.059884357633095 17.068749687784415 0.00196045771844341 -0.0023363825306483787 -1166.422713028804 -193.6357987950332 212.55756124022227
2.12 -0.00906053100915473 -70.66509920910349 -64.82258221925629 -0.00493950584565539 -6.070222330145857 -5.093521318389506 17.26051887817503 0.0017271372887409835 -0.002058322069819828 -1166.44543800353 -194.38990336134594 212.07347733912584
2.13 -0.009053453110516169 -70.59387013432624 -64.8982150654996 -0.004897304518451051 -6.069540961123177 -5.092949581893862 17.328149413067653 0.001741957941715219 -0.0020759846362815764 -1166.2055319691353 -194.6168841767803 211.85971325632025
2.14 -0.009107960682126668 -70.6039843175198 -65.0006205572019 -0.00497203141293312 -6.128644577561477 -5.14254340464845 17.375062487764303 0.0017335541144055731 -0.002065969344890858 -1166.9840928301999 -194.92348688484628 211.89034101986147
2.15 -0.008892029562904738 -70.58013949034122 -65.08067271271152 -0.004964243123211531 -6.15704253559845 -5.166372120763455 17.425045490004862 0.0016463847973041726 -0.001962084997903688 -1167.2600972997843 -195.16519800851862 211.8165906373858
2.16 -0.008779625991335407 -70.5460042272012 -65.0873053161753 -0.004944512621754882 -6.141337301132001 -5.153193864315142 17.442667135387563 0.0016075649497516759 -0.0019158213050476849 -1166.9472068437997 -195.18594714391202 211.71308207328545
2.17 -0.008898427451309308 -70.5530334252918 -65.08708176404684 -0.004956944325016366 -6.145167675880373 -5.156407930353765 17.439609033319464 0.0016521474462044396 -0.001968952655451278 -1167.0190232429752 -195.18437953147068 211.73532925090936
2.18 -0.008764866802628984 -70.55089416018961 -65.18018954758915 -0.005005015958424508 -6.192640048750231 -5.196241980919979 17.48701839466228 0.001576080294394165 -0.0018782993538773035 -1167.6037092732429 -195.46452887729924 211.72738642939623
2.19 -0.008524454112290941 -70.50795844637707 -65.25685592470998 -0.00500996409206067 -6.208676389049415 -5.209698068150431 17.54331797075283 0.0014733044524398394 -0.0017558158748480748 -1167.6519745714093 -195.6962281105611 211.59608319683076
2.2 -0.008335015912437028 -70.46857803294009 -65.37047859728528 -0.005069424087579932 -6.246143552560721 -5.241136751234066 17.616594224249017 0.0013690583396246492 -0.001631580195251108 -1167.9725204006581 -196.0382820012082 211.4757967025589
2.21 -0.008207852358641474 -70.43049004589297 -65.46287343346935 -0.005095443022717916 -6.273298862983914 -5.263922762194653 17.678727002683065 0.0013049162768571775 -0.001555138661436727 -1168.165154218055 -196.31628434427932 211.36011164457537
2.22 -0.008083940390760023 -70.4072794990499 -65.50955762576737 -0.0051327394439866225 -6.284831979485208 -5.273600195997204 17.71178495242858 0.001237367488888499 -0.0014746371506363935 -1168.2192284963762 -196.45713059598364 211.28910680683498
2.23 -0.007801749541066841 -70.38605350873911 -65.62553174033458 -0.005200296898422607 -6.333931070664853 -5.314799225297207 17.778635906281185 0.0010907985671173607 -0.0012999631114267237 -1168.7343856615967 -196.80691271742944 211.22236566741802
2.24 -0.007698778702715729 -70.34322591462262 -65.67784608655491 -0.0051982538356938335 -6.3375436202980815 -5.3178305143620435 17.82273647467805 0.0010485257002821103 -0.0012495842704810264 -1168.6127714010909 -196.9645794290572 211.09280564411122
2.25 -0.007594779319987492 -70.33261751876438 -65.72352219759996 -0.005273606448355395 -6.3556755148153385 -5.333044980364022 17.850010858115542 9.733464149015683E-4 -0.0011599890869887469 -1168.789407193004 -197.10217253653366 211.05972332163367
2.26 -0.00695331234922761 -70.30320299872601 -65.88971028127486 -0.0055413387343676845 -6.426892361055334 -5.392803009777666 17.945401332297354 5.921468636984951E-4 -7.056931521996493E-4 -1169.5237758459741 -197.60475020610986 210.96433528129094
2.27 -0.00639888427263306 -70.20334754128271 -66.08316592118169 -0.005509761722755968 -6.473540497179744 -5.431945443594714 18.08397605222587 3.729314052195948E-4 -4.4444234196614716E-4 -1169.6638213498122 -198.18917046251107 210.65921346644762
2.28 -0.006361608991951275 -70.16794086189054 -66.12785749074474 -0.00568594460327887 -6.47751675798715 -5.435281922571676 18.121167509441168 2.8341060823949436E-4 -3.377556105575789E-4 -1169.5611802725616 -198.3230720181708 210.5521395697606
2.29 -0.006300525425224613 -70.18885933556722 -66.11666483223337 -0.005659866175228956 -6.483216047683992 -5.44006419445428 18.106798210485582 2.6872328362423424E-4 -3.202519386778781E-4 -1169.7163230154079 -198.29001837251226 210.61437490779105
2.3 -0.0058114140507593715 -70.18251980983467 -66.16715927885011 -0.005944366179676308 -6.506431020999578 -5.459543870001156 18.134698842454615 -5.576823093233039E-5 6.646198956898795E-5 -1169.9612910894734 -198.4444137759848 210.58978929028794
2.31 -0.00517188722603824 -70.12068371949226 -66.31575304055916 -0.0060646165150686215 -6.550885045359401 -5.496845225445867 18.2349234350841 -3.7450727286646895E-4 4.463203879004802E-4 -1170.2106530778233 -198.89455889535952 210.39759055173977
2.32 -0.004832086694829183 -70.07465197774096 -66.39798973951584 -0.006164180157504973 -6.569031377965494 -5.512071806442833 18.295350490148643 -5.588629220635484E-4 6.660268951734254E-4 -1170.2167585108302 -199.14350098513435 210.25585516608845
2.33 -0.004993435573747032 -70.08750775160533 -66.36531909612475 -0.006212740774408587 -6.558802204888639 -5.503488511086772 18.273622451213875 -5.115312111177562E-4 6.096191585963412E-4 -1170.1562519340373 -199.04419519311324 210.2959024901241
2.34 -0.00500137206663648 -70.10844500223703 -66.3357822646415 -0.006177201619145478 -6.554727997480192 -5.500069845153021 18.25007142640528 -4.932786861962074E-4 5.878666464547035E-4 -1170.2016212267577 -198.955627287313 210.35890119738386
2.35 -0.004786922098389861 -70.10175518180242 -66.35669582231063 -0.00639770811297069 -6.562121795321055 -5.5062739781942724 18.263333930809033 -6.757599160653255E-4 8.053393077637052E-4 -1170.2577897914114 -199.01941694303778 210.33615677934236
2.36 -0.003738501692596639 -70.0571480533003 -66.4857720683044 -0.006629026232445767 -6.605998165252622 -5.543090624021261 18.346585410635004 -0.0012127553125179328 0.001445305500995348 -1170.5628608059005 -199.41378912217505 210.19139982733805
2.37 -0.003125003694837679 -70.01802917136024 -66.55533912147187 -0.007137956384184463 -6.621362398879899 -5.5559827467912015 18.397784318246302 -0.001683785710904634 0.002006657671121505 -1170.5614394142735 -199.62577924356816 210.06671782916894
2.38 -0.003072888498304604 -70.01767583272104 -66.55728089653363 -0.007027682237932709 -6.622200649644903 -5.556686122698977 18.398903551666805 -0.0016593851370314433 0.001977578199503827 -1170.569258468472 -199.63225388118752 210.06542452589042
2.39 -0.003190128256307649 -70.02996984871754 -66.53579725756954 -0.007025936771476893 -6.617567840368665 -5.552798734143977 18.38300247382598 -0.0016094299650588027 0.0019180439437434793 -1170.5725914612053 -199.56694898447654 210.10346720228316
2.4 -0.003125584040249366 -70.02785946674588 -66.54098084318252 -0.007023746039521939 -6.619158829965826 -5.554133732928165 18.386479936529998 -0.0016355990009185159 0.001949230986289446 -1170.5811276092772 -199.58298048992899 210.0965071786379
2.41 -0.0031448590926690945 -70.02383680519873 -66.54700677130984 -0.007033905748890845 -6.6201402747417895 -5.554957262877679 18.39118098246023 -0.0016317834630011848 0.0019446838052642405 -1170.5739257188818 -199.60088850785027 210.08460051621245
2.42 -0.003134897706246077 -70.02544707602206 -66.54408052859301 -0.007028123749073245 -6.619473722053659 -5.554397958762905 18.389042098427463 -0.0016335329238614297 0.00194676873154125 -1170.5737064056964 -199.59219864589153 210.08934920792655
2.43 -0.003146081359731902 -70.02655779324779 -66.54248088057281 -0.007029340019002461 -6.6192369137024585 -5.554199252962775 18.387776173049332 -0.0016293483296772994 0.0019417817263830248 -1170.5760668836351 -199.58731476343746 210.09278846570137
2.44 -0.0031386697730668434 -70.02572799903805 -66.54388986635166 -0.0070292308994055475 -6.619527690300572 -5.5544432434990085 18.38882888911899 -0.0016324143564649361 0.0019454356748138777 -1170.575595784073 -199.59159620392953 210.09022623997473
2.45 -0.00314066056886035 -70.02552279927767 -66.54415278531235 -0.0070298202340026705 -6.619554085231787 -5.5544653914760715 18.38904645751579 -0.0016318267478276384 0.0019447353901108871 -1170.5749585742487 -199.59236868909923 210.08962857967836
2.46 -0.003140723235519696 -70.02585348619544 -66.54359549631761 -0.00702921854734484 -6.619440445133506 -5.554370036111493 18.388629040107276 -0.0016315471885962802 0.001944402224401909 -1170.575174779642 -199.59069804948777 210.09062295476497
2.47 -0.0031410112645268422 -70.02586133423759 -66.543621320202 -0.007029386940260451 -6.619458533370931 -5.55438521394484 18.388638660171328 -0.0016314970099170455 0.001944342423775974 -1170.5754156997004 -199.59077297841796 210.0906488914277
2.48 -0.0031404770042710636 -70.02573888336815 -66.54381347572465 -0.007029449282704547 -6.619493052421635 -5.554414178867546 18.388786123900832 -0.0016317476197136478 0.001944641088899145 -1170.5752502772343 -199.5913531621065 210.0902760804814
2.49 -0.0031406763283224792 -70.02576379211845 -66.54376404701999 -0.007029427251197262 -6.619480526451607 -5.554403668330735 18.388750956288632 -0.0016316546745819643 0.0019445303212044284 -1170.57522133272 -199.59120347499174 210.09035283207209
2.5 -0.0031407528175504493 -70.02580125116171 -66.54370563625837 -0.007029388664989256 -6.6194701645285825 -5.554394973644932 18.388706031398243 -0.001631606303938339 0.0019444726753200829 -1170.5752742666436 -199.5910277957062 210.0904660757348
2.51 -0.0031406883130834697 -70.02578485462112 -66.54373597580455 -0.007029412520992651 -6.619477240171655 -5.5544009108144365 18.388728082090836 -0.0016316434211702034 0.0019445169099197778 -1170.575279973562 -199.59111922126257 210.0904161838132
2.52 -0.0031406703557479458 -70.0257747588267 -66.54375016586837 -0.007029418845725388 -6.619479206491842 -5.554402560752976 18.388739413713292 -0.00163165363144806 0.0019445290780478015 -1170.5752563190688 -199.59116190255966 210.0903856996412
2.53 -0.00314069578888227 -70.0257828766714 -66.54373642042046 -0.00702940933801699 -6.619476382294099 -5.554400190969687 18.388729134331157 -0.00163163895096463 0.0019445115825285784 -1170.5752612105664 -199.59112050691783 210.09041033097589
2.54 -0.0031406992429941533 -70.02578468166715 -66.54373424363851 -0.007029409365244987 -6.619476222475711 -5.554400056866143 18.38872728850765 -0.001631637509533555 0.0019445098646863862 -1170.575267617019 -199.59111395200586 210.09041578051526
2.55 -0.00314068736075735 -70.0257814362077 -66.5437396315309 -0.00702941241041799 -6.6194772943803315 -5.55440095630091 18.38873134440845 -0.001631643780674676 0.0019445173383428297 -1170.5752650135116 -199.59113019390458 210.09040591820514
2.56 -0.003140690085465957 -70.02578146839872 -66.54373924581687 -0.007029412019100789 -6.619477106887896 -5.554400798976076 18.38873113802932 -0.0016316424728368601 0.001944515779730053 -1170.5752630282684 -199.591129017674 210.09040604258402
2.57 -0.0031406928643660397 -70.0257826260769 -66.54373741496912 -0.007029410839585637 -6.6194767729963 -5.554400518807768 18.388729736790264 -0.001631640809244336 0.0019445137971353815 -1170.5752645087257 -199.5911235082226 210.0904095464413
2.58 -0.0031406918025793026 -70.02578236400493 -66.5437379389077 -0.007029411337732938 -6.619476906853269 -5.554400631127095 18.3887301087414 -0.0016316414644841606 0.0019445145780205612 -1170.575264835798 -199.59112508647667 210.0904087483931
2.59 -0.0031406907662296776 -70.0257820092366 -66.54373848153526 -0.007029411591112478 -6.619476999362654 -5.554400708751672 18.388730528931603 -0.0016316420064462376 0.0019445152239065792 -1170.5752642708512 -199.5911267211735 210.0904076731089
2.6 -0.003140691506777119 -70.02578217726119 -66.54373817830377 -0.007029411392338147 -6.6194769309396655 -5.5544006513379856 18.388730306803488 -0.001631641611892857 0.0019445147536999918 -1170.5752642586986 -199.59112580660835 210.09040818504184
2.61 -0.0031406916479361406 -70.02578226835058 -66.54373804999403 -0.007029411327543755 -6.619476913049628 -5.554400636326449 18.388730204423943 -0.0016316415252802616 0.001944514650473002 -1170.5752644704469 -199.59112542084978 210.0904084599007
2.62 -0.0031406913875270995 -70.02578218884281 -66.54373818516376 -0.007029411420504061 -6.619476940999981 -5.554400659779617 18.388730305374303 -0.0016316416737436053 0.0019445148274100767 -1170.57526442584 -199.591125828003 210.09040821854583
2.63 -0.003140691377441042 -70.02578217342948 -66.54373820220123 -0.007029411419850362 -6.619476941539336 -5.554400660232147 18.388730320360903 -0.0016316416777326075 0.001944514832159398 -1170.575264361741 -199.59112587918312 210.0904081722026
2.64 -0.0031406914789364293 -70.02578220499495 -66.54373815034785 -0.007029411388643325 -6.619476931406425 -5.554400651729651 18.388730281187794 -0.0016316416219722726 0.0019445147657098782 -1170.575264390398 -199.59112572296993 210.09040826798974
2.65 -0.0031406914583160515 -70.02578220378714 -66.54373815535048 -0.007029411394782414 -6.61947693340084 -5.554400653403164 18.388730284196082 -0.0016316416332098232 0.001944514779090039 -1170.5752644075644 -199.59112573811393 210.09040826414736
2.66 -0.003140691427437784 -70.02578219278419 -66.54373817275017 -0.007029411404879227 -6.619476936573555 -5.554400656065397 18.388730297513277 -0.0016316416504237622 0.00194451479961781 -1170.57526439349 -199.59112579050927 210.0904082308044
2.67 -0.003140691441133675 -70.02578219556432 -66.54373816726661 -0.007029411400438335 -6.619476935193234 -5.55440065490717 18.388730293604787 -0.0016316416428068302 0.0019445147905448915 -1170.5752643904684 -199.59112577397022 210.09040823929197
2.68 -0.0031406914492152975 -70.02578219889043 -66.54373816223136 -0.007029411397802221 -6.619476934353667 -5.554400654202681 18.38873028969139 -0.0016316416383023117 0.0019445147851773795 -1170.5752643960818 -199.5911257588133 210.0904082493578
2.69 -0.0031406914426777175 -70.02578219719226 -66.5437381652597 -0.00702941139994806 -6.619476935025862 -5.5544006547667095 18.388730291918183 -0.0016316416419551243 0.001944514789519165 -1170.5752643959843 -199.5911257679403 210.09040824419296
2.7 -0.0031406914411290753 -70.02578219636821 -66.54373816640818 -0.007029411400424124 -6.619476935181158 -5.554400654897023 18.38873029283823 -0.0016316416428075668 0.0019445147905365944 -1170.5752643939945 -199.59112577139547 210.090408241704
2.71 -0.003140691443834931 -70.0257821971492 -66.54373816508462 -0.007029411399571472 -6.6194769349088425 -5.5544006546685125 18.388730291848713 -0.0016316416413076943 0.0019445147887491169 -1170.575264394458 -199.59112576740745 210.09040824407612
2.72 -0.00314069144378039 -70.02578219727634 -66.5437381649572 -0.007029411399578578 -6.619476934911383 -5.554400654670644 18.388730291731655 -0.001631641641336793 0.0019445147887822672 -1170.5752643950664 -199.59112576702566 210.09040824445702
2.73 -0.003140691442844186 -70.025782196971 -66.54373816545606 -0.007029411399877006 -6.619476935007938 -5.554400654751674 18.388730292109223 -0.0016316416418523084 0.0019445147894050438 -1170.5752643947721 -199.59112576852814 210.0904082435308
2.74 -0.0031406914430550828 -70.02578219699072 -66.54373816539517 -0.007029411399813057 -6.619476934986448 -5.554400654733627 18.38873029207051 -0.0016316416417404946 0.0019445147892633802 -1170.5752643946178 -199.59112576834414 210.09040824359232
2.75 -0.0031406914433472406 -70.02578219709534 -66.54373816523038 -0.007029411399720686 -6.619476934956623 -5.5544006547086155 18.3887302919442 -0.0016316416415755105 0.0019445147890713456 -1170.5752643947555 -199.59112576784787 210.09040824390928
2.76 -0.0031406914432104307 -70.02578219706601 -66.54373816528721 -0.0070294113997562135 -6.619476934970635 -5.554400654720382 18.38873029198492 -0.0016316416416489832 0.0019445147891604378 -1170.5752643947812 -199.59112576801925 210.0904082438198
2.77 -0.003140691443133632 -70.02578219703497 -66.54373816533382 -0.007029411399784635 -6.61947693497828 -5.554400654726777 18.388730292021247 -0.001631641641688238 0.0019445147892125693 -1170.5752643947267 -199.59112576815951 210.09040824372582
2.78 -0.0031406914431999725 -70.02578219705202 -66.54373816530364 -0.007029411399763319 -6.619476934971651 -5.554400654721235 18.388730291999003 -0.0016316416416597367 0.0019445147891686628 -1170.575264394729 -199.59112576806862 210.0904082437778
2.79 -0.003140691443211398 -70.02578219705947 -66.54373816529345 -0.0070294113997562135 -6.619476934970347 -5.554400654720126 18.388730291990786 -0.0016316416416466727 0.001944514789160738 -1170.575264394748 -199.59112576803793 210.09040824380023
2.8 -0.003140691443184138 -70.0257821970518 -66.54373816530638 -0.007029411399770424 -6.619476934972976 -5.554400654722343 18.388730292000467 -0.0016316416416610983 0.0019445147891802245 -1170.575264394743 -199.5911257680769 210.09040824377684
2.81 -0.003140691443185356 -70.02578219705079 -66.54373816530726 -0.007029411399770424 -6.6194769349729015 -5.554400654722272 18.38873029200134 -0.0016316416416646423 0.0019445147891783306 -1170.5752643947376 -199.59112576807956 210.0904082437739
2.82 -0.0031406914431998736 -70.02578219705373 -66.54373816530246 -0.007029411399770424 -6.61947693497196 -5.554400654721491 18.388730291997696 -0.001631641641660587 0.0019445147891666156 -1170.5752643947405 -199.5911257680651 210.09040824378295
2.83 -0.003140691443192468 -70.02578219705347 -66.54373816530318 -0.00702941139977753 -6.619476934972205 -5.5544006547216895 18.38873029199817 -0.0016316416416641462 0.0019445147891746816 -1170.575264394742 -199.59112576806731 210.09040824378206
2.84 -0.003140691443192154 -70.02578219705246 -66.54373816530475 -0.007029411399770424 -6.619476934972486 -5.554400654721917 18.388730291999376 -0.001631641641660299 0.0019445147891746833 -1170.5752643947403 -199.59112576807195 210.09040824377897
2.85 -0.003140691443192881 -70.02578219705279 -66.54373816530415 -0.0070294113997562135 -6.61947693497234 -5.554400654721803 18.388730291998936 -0.0016316416416562918 0.0019445147891729677 -1170.5752643947403 -199.59112576807016 210.09040824377993
2.86 -0.003140691443193059 -70.02578219705305 -66.54373816530371 -0.007029411399763319 -6.619476934972269 -5.554400654721746 18.38873029199861 -0.0016316416416592803 0.0019445147891734705 -1170.5752643947403 -199.59112576806885 210.09040824378076
2.87 -0.003140691443192257 -70.0257821970529 -66.543738165304 -0.007029411399770424 -6.619476934972347 -5.554400654721789 18.388730291998826 -0.0016316416416637615 0.0019445147891726925 -1170.575264394741 -199.5911257680698 210.09040824378036
2.88 -0.003140691443190286 -70.02578219705282 -66.54373816530412 -0.007029411399770424 -6.619476934972351 -5.554400654721803 18.38873029199892 -0.001631641641656432 0.0019445147891784813 -1170.5752643947405 -199.59112576807001 210.09040824377993
2.89 -0.0031406914431900655 -70.0257821970529 -66.54373816530399 -0.007029411399770424 -6.6194769349723295 -5.554400654721803 18.38873029199881 -0.0016316416416605653 0.0019445147891772865 -1170.5752643947405 -199.5911257680697 210.09040824378025
2.9 -0.0031406914431903223 -70.0257821970529 -66.54373816530395 -0.007029411399763319 -6.619476934972308 -5.554400654721775 18.388730291998787 -0.0016316416416572944 0.001944514789177975 -1170.5752643947405 -199.59112576806953 210.09040824378022
2.91 -0.0031406914431939426 -70.02578219705289 -66.54373816530403 -0.007029411399770424 -6.619476934972344 -5.554400654721803 18.388730291998847 -0.0016316416416652104 0.0019445147891713527 -1170.5752643947408 -199.5911257680699 210.09040824378036
2.92 -0.0031406914431930046 -70.0257821970529 -66.54373816530402 -0.00702941139977753 -6.61947693497234 -5.554400654721803 18.388730291998836 -0.001631641641659644 0.0019445147891769504 -1170.5752643947408 -199.59112576806973 210.09040824378025
2.93 -0.003140691443191438 -70.0257821970529 -66.54373816530399 -0.007029411399770424 -6.619476934972326 -5.554400654721789 18.38873029199882 -0.0016316416416594965 0.0019445147891767722 -1170.5752643947405 -199.59112576806965 210.09040824378022
2.94 -0.003140691443193398 -70.0257821970529 -66.543738165304 -0.007029411399763319 -6.619476934972337 -5.554400654721803 18.38873029199882 -0.001631641641656956 0.0019445147891737438 -1170.5752643947408 -199.59112576806973 210.09040824378033
2.95 -0.003140691443191037 -70.0257821970529 -66.543738165304 -0.00702941139977753 -6.6194769349723295 -5.554400654721789 18.38873029199882 -0.001631641641660517 0.0019445147891795143 -1170.5752643947408 -199.5911257680697 210.09040824378022
2.96 -0.0031406914431943997 -70.0257821970529 -66.543738165304 -0.00702941139977753 -6.619476934972333 -5.554400654721803 18.388730291998826 -0.0016316416416633352 0.0019445147891744613 -1170.5752643947408 -199.59112576806973 210.09040824378033
2.97 -0.0031406914431930145 -70.0257821970529 -66.54373816530399 -0.007029411399770424 -6.619476934972333 -5.554400654721789 18.38873029199882 -0.0016316416416615337 0.0019445147891746061 -1170.5752643947405 -199.5911257680697 210.09040824378033
2.98 -0.003140691443194024 -70.0257821970529 -66.543738165304 -0.007029411399770424 -6.6194769349723295 -5.554400654721789 18.38873029199882 -0.0016316416416610048 0.001944514789173972 -1170.5752643947408 -199.59112576806976 210.09040824378036
2.99 -0.0031406914431933984 -70.0257821970529 -66.543738165304 -0.007029411399763319 -6.619476934972333 -5.554400654721775 18.388730291998826 -0.0016316416416566936 0.001944514789174948 -1170.575264394741 -199.59112576806967 210.09040824378025
3.0 -0.0031406914431919277 -70.0257821970529 -66.543738165304 -0.007029411399770424 -6.619476934972337 -5.554400654721789 18.38873029199882 -0.0016316416416626296 0.0019445147891751409 -1170.5752643947408 -199.59112576806976 210.0904082437803
3.01 -0.003140691443194169 -70.0257821970529 -66.54373816530402 -0.007029411399763319 -6.619476934972326 -5.554400654721775 18.388730291998833 -0.001631641641654867 0.0019445147891735321 -1170.5752643947408 -199.59112576806973 210.09040824378027
3.02 -0.0031406914431951847 -70.0257821970529 -66.543738165304 -0.007029411399770424 -6.619476934972333 -5.554400654721789 18.38873029199882 -0.0016316416416630973 0.0019445147891703387 -1170.5752643947408 -199.5911257680698 210.0904082437804
3.03 -0.003140691443192287 -70.0257821970529 -66.543738165304 -0.007029411399770424 -6.6194769349723295 -5.554400654721775 18.388730291998826 -0.001631641641658504 0.0019445147891755644 -1170.575264394741 -199.59112576806973 210.09040824378027
3.04 -0.0031406914431952437 -70.0257821970529 -66.54373816530402 -0.007029411399770424 -6.619476934972344 -5.554400654721789 18.388730291998833 -0.0016316416416638322 0.0019445147891712076 -1170.5752643947408 -199.59112576806982 210.0904082437804
3.05 -0.003140691443188617 -70.02578219705289 -66.543738165304 -0.00702941139977753 -6.619476934972333 -5.554400654721803 18.388730291998836 -0.0016316416416605557 0.0019445147891810628 -1170.5752643947403 -199.59112576806973 210.0904082437802
3.06 -0.003140691443192079 -70.0257821970529 -66.543738165304 -0.007029411399770424 -6.6194769349723295 -5.554400654721789 18.38873029199882 -0.0016316416416566361 0.0019445147891779173 -1170.575264394741 -199.59112576806967 210.09040824378022
3.07 -0.003140691443193123 -70.0257821970529 -66.543738165304 -0.0070294113997562135 -6.619476934972326 -5.554400654721775 18.388730291998833 -0.0016316416416541732 0.0019445147891734497 -1170.5752643947408 -199.59112576806973 210.09040824378027
3.08 -0.0031406914431932422 -70.0257821970529 -66.54373816530402 -0.007029411399770424 -6.619476934972333 -5.554400654721803 18.388730291998826 -0.0016316416416614547 0.0019445147891744825 -1170.5752643947408 -199.59112576806976 210.09040824378033
3.09 -0.0031406914431963808 -70.0257821970529 -66.543738165304 -0.007029411399763319 -6.61947693497234 -5.554400654721789 18.388730291998836 -0.0016316416416649181 0.0019445147891663753 -1170.5752643947408 -199.59112576806984 210.0904082437805
3.1 -0.003140691443190822 -70.0257821970529 -66.543738165304 -0.007029411399770424 -6.619476934972326 -5.554400654721789 18.38873029199882 -0.0016316416416636993 0.0019445147891786823 -1170.5752643947408 -199.59112576806973 210.09040824378025
3.11 -0.0031406914431922617 -70.0257821970529 -66.543738165304 -0.007029411399770424 -6.6194769349723295 -5.554400654721775 18.388730291998826 -0.0016316416416588598 0.0019445147891767353 -1170.575264394741 -199.5911257680697 210.09040824378025
3.12 -0.0031406914431929677 -70.0257821970529 -66.543738165304 -0.007029411399770424 -6.619476934972333 -5.554400654721803 18.38873029199882 -0.001631641641658474 0.0019445147891747406 -1170.5752643947408 -199.59112576806973 210.09040824378027
3.13 -0.0031406914431967425 -70.02578219705288 -66.543738165304 -0.007029411399763319 -6.6194769349723295 -5.554400654721803 18.388730291998836 -0.0016316416416601622 0.0019445147891698695 -1170.5752643947403 -199.59112576806973 210.0904082437803
3.14 -0.0031406914431911176 -70.0257821970529 -66.543738165304 -0.007029411399770424 -6.619476934972337 -5.554400654721789 18.388730291998826 -0.0016316416416621076 0.0019445147891783037 -1170.575264394741 -199.59112576806973 210.09040824378025
3.15 -0.003140691443191808 -70.0257821970529 -66.543738165304 -0.007029411399770424 -6.619476934972322 -5.554400654721789 18.38873029199882 -0.0016316416416547407 0.0019445147891771666 -1170.575264394741 -199.59112576806967 210.0904082437802
3.16 -0.003140691443194759 -70.0257821970529 -66.543738165304 -0.007029411399763319 -6.6194769349723295 -5.554400654721803 18.38873029199882 -0.0016316416416580644 0.0019445147891719492 -1170.5752643947408 -199.59112576806973 210.09040824378033
3.17 -0.0031406914431916337 -70.0257821970529 -66.543738165304 -0.00702941139977753 -6.619476934972333 -5.554400654721775 18.388730291998826 -0.001631641641659231 0.001944514789177924 -1170.575264394741 -199.5911257680697 210.09040824378022
3.18 -0.0031406914431928615 -70.0257821970529 -66.543738165304 -0.007029411399763319 -6.619476934972337 -5.554400654721775 18.388730291998833 -0.0016316416416608426 0.0019445147891721966 -1170.5752643947408 -199.5911257680698 210.09040824378036
3.19 -0.0031406914431919017 -70.0257821970529 -66.543738165304 -0.007029411399770424 -6.6194769349723295 -5.554400654721775 18.388730291998826 -0.0016316416416575553 0.0019445147891766859 -1170.575264394741 -199.59112576806973 210.09040824378025
3.2 -0.0031406914431930644 -70.0257821970529 -66.543738165304 -0.00702941139977753 -6.6194769349723295 -5.554400654721775 18.388730291998826 -0.0016316416416582863 0.00194451478917679 -1170.575264394741 -199.5911257680697 210.09040824378025
3.21 -0.0031406914431932795 -70.0257821970529 -66.543738165304 -0.007029411399770424 -6.619476934972337 -5.554400654721789 18.38873029199882 -0.001631641641661594 0.0019445147891761425 -1170.5752643947408 -199.59112576806973 210.09040824378033
3.22 -0.003140691443195125 -70.0257821970529 -66.54373816530399 -0.007029411399770424 -6.6194769349723295 -5.554400654721775 18.38873029199882 -0.0016316416416631383 0.0019445147891695702 -1170.5752643947405 -199.59112576806973 210.0904082437804
3.23 -0.003140691443192662 -70.0257821970529 -66.54373816530402 -0.007029411399770424 -6.61947693497234 -5.554400654721803 18.388730291998836 -0.0016316416416603233 0.0019445147891753861 -1170.5752643947408 -199.59112576806976 210.09040824378027
3.24 -0.003140691443192641 -70.0257821970529 -66.543738165304 -0.00702941139977753 -6.619476934972333 -5.554400654721789 18.388730291998826 -0.001631641641663583 0.001944514789175446 -1170.5752643947408 -199.59112576806976 210.09040824378033
3.25 -0.0031406914431931342 -70.0257821970529 -66.543738165304 -0.007029411399770424 -6.6194769349723295 -5.554400654721789 18.38873029199882 -0.001631641641658948 0.0019445147891752723 -1170.5752643947408 -199.59112576806973 210.09040824378027
3.26 -0.003140691443193357 -70.0257821970529 -66.54373816530402 -0.007029411399763319 -6.619476934972322 -5.554400654721775 18.388730291998833 -0.0016316416416568347 0.001944514789170458 -1170.5752643947408 -199.5911257680698 210.09040824378036
3.27 -0.003140691443192554 -70.0257821970529 -66.543738165304 -0.00702941139977753 -6.619476934972337 -5.554400654721803 18.38873029199882 -0.0016316416416593553 0.001944514789177281 -1170.5752643947408 -199.5911257680697 210.09040824378025
