0.0 0.0 0.0 0.0
0.01 -5.407074187034364E-4 -0.023939429810639012 -0.6852599899456138
0.02 -0.001189081701004416 -0.08147050685396806 -2.1658482013632394
0.03 -0.0013557017787922416 -0.10155786621704976 -4.058380964465819
0.04 -0.0012466863862407329 -0.028236190323511323 -6.148286703304933
0.05 -9.764544846099547E-4 0.14679213421997872 -8.278221681675362
0.06 2.293298241434782E-5 0.3966392264987064 -10.326558670458567
0.07 6.622517595446204E-4 0.6860976379302741 -12.217866651608624
0.08 8.109286676520702E-4 0.9956097476871975 -13.927357602415999
0.09 5.867637485971046E-5 1.310259783643147 -15.466617838969857
0.1 -5.216217321041662E-4 1.6058934531179574 -16.872492151697244
0.11 -2.540743028189538E-4 1.8754882940551596 -18.16420022735499
0.12 0.0010835178852012864 2.1197518961908344 -19.35483127285935
0.13 0.00153355678117912 2.331683915097763 -20.472216181083454
0.14 0.0022925596956810046 2.5269436215480283 -21.499190110578873
0.15 0.0017973439919938574 2.707310465417663 -22.445157605053645
0.16 0.0017086631213349835 2.868750576169937 -23.327155805398068
0.17 0.001418815023502446 3.031536092156429 -24.113470263844277
0.18 0.0015130138656293864 3.1745296677836947 -24.85772274048962
0.19 7.768568770825313E-4 3.325338301976089 -25.508417236764153
0.2 -1.372572387486651E-4 3.455959568828618 -26.135933812496248
0.21 -9.448343770427393E-4 3.587084642116082 -26.708308982283874
0.22 -0.002031467602998664 3.7222318483130223 -27.21397404558559
0.23 -0.0014090658987202412 3.8335408634592056 -27.740107331301285
0.24 3.065674616952256E-4 3.9591036654998533 -28.19174097255187
0.25 0.0018671824654283222 4.08443851583143 -28.593402941116235
0.26 0.0011525214735173992 4.180022398789404 -29.041600152454492
0.27 3.79942324068057E-4 4.287254435018028 -29.423381003919737
0.28 4.8426660620319193E-4 4.410800906038531 -29.704045746778874
0.29 2.9132418195711846E-4 4.509397599709381 -30.000508195817552
0.3 5.449980240904693E-5 4.573068523545864 -30.375200996171543
0.31 5.904108321851775E-4 4.654151239165074 -30.67322408374602
0.32 9.94462747071924E-4 4.754909869419876 -30.863189361910365
0.33 7.574838886319587E-4 4.850755868139345 -31.016208337132078
0.34 2.1618569827409082E-4 4.927875585655457 -31.191508987766547
0.35 -0.001214193514492882 4.961518525319995 -31.4911833216088
0.36 -8.322189224128375E-5 4.9965480250812675 -31.79416128455852
0.37 0.0012354866736637563 5.069689649927 -31.954550663958244
0.38 0.001166989115245015 5.153063206356599 -32.03890829282068
0.39 4.7349831185356883E-4 5.217282745396787 -32.155857049186935
0.4 1.7267670235035406E-4 5.265668516596023 -32.31558671771503
0.41 3.892045903426407E-4 5.314949900923196 -32.46665963810153
0.42 2.6023367878996815E-4 5.341228473203756 -32.691265665787355
0.43 5.774650161517971E-4 5.373627351435815 -32.90319536661702
0.44 0.0010308274804140152 5.435669234816245 -32.999619286784636
0.45 7.835776238709236E-4 5.499194560280706 -33.06215198767336
0.46 3.4238594658337577E-4 5.545457838010016 -33.16863873980644
0.47 3.3275549390865563E-4 5.584808192484978 -33.29584161050276
0.48 5.917626097971657E-4 5.629312193943669 -33.398465938118754
0.49 6.841616227985594E-4 5.676074940718024 -33.48032218441844
0.5 5.715933972767217E-4 5.718355908145043 -33.56621490657753
0.51 5.038493940088328E-4 5.75660440870422 -33.65825207345104
0.52 5.439835582499772E-4 5.794386710645256 -33.743924764294654
0.53 4.4177378146368284E-4 5.825539531731735 -33.84499348549643
0.54 2.4540442328936185E-4 5.831437844417124 -34.0452818987575
0.55 8.92441281036446E-4 5.865494189519325 -34.14642052022655
0.56 9.62014504772361E-4 5.9166841688658 -34.160555301061805
0.57 4.5237193396038E-4 5.9507613659817125 -34.21755177636609
0.58 3.3162731944546024E-4 5.973367230677894 -34.31323269575127
0.59 5.817056919145051E-4 6.002277108627169 -34.3806601338009
0.6 6.969773797344638E-4 6.0342424672462585 -34.42480158549182
0.61 5.891897982921395E-4 6.060423813648541 -34.48071203791071
0.62 5.206521530910788E-4 6.083180271276262 -34.543730192945425
0.63 5.791098002740829E-4 6.106761288306515 -34.59751781782111
0.64 6.154286226693346E-4 6.129831994686853 -34.645972413632364
0.65 5.901712939219102E-4 6.150725945535029 -34.69630093813636
0.66 5.838400905326525E-4 6.170362696418472 -34.74593627333684
0.67 5.973127448115939E-4 6.18957535449448 -34.79154342822106
0.68 5.911196916289805E-4 6.207862081195344 -34.83498886227593
0.69 5.865499757092803E-4 6.2249374183627 -34.87787870881394
0.7 5.936621743031699E-4 6.24117578456292 -34.91914780821074
0.71 5.929844075704146E-4 6.256737840521623 -34.95829542028945
0.72 5.902381878175483E-4 6.271479495080754 -34.996101975934536
0.73 5.924497525371814E-4 6.28542420487922 -35.032797532381394
0.74 5.917705822231972E-4 6.298714167743356 -35.06805913331029
0.75 5.910863565194794E-4 6.311376309153019 -35.10196886730456
0.76 5.929944243396883E-4 6.3234011988386385 -35.1347886003738
0.77 5.922588820230132E-4 6.334844740212731 -35.16651771924456
0.78 5.915171114390274E-4 6.345760110218023 -35.19712955642282
0.79 5.930413598692878E-4 6.3561645065667705 -35.226734218364896
0.8 5.928276584343021E-4 6.366084095960311 -35.255406977643005
0.81 5.922293384413029E-4 6.37555717724122 -35.28315858284645
0.82 5.927456852316704E-4 6.384611987186034 -35.310036972602745
0.83 5.925065839884063E-4 6.39327316896285 -35.33610831836323
0.84 5.923595450631626E-4 6.4015666011265395 -35.36140228984086
0.85 5.935520145085753E-4 6.409515999711346 -35.38594545161581
0.86 5.939498177800204E-4 6.417139256723068 -35.40978160542433
0.87 5.936465191808725E-4 6.424455076277262 -35.43294440110042
0.88 5.941760343347339E-4 6.431482351360216 -35.455458987815305
0.89 5.945511787860585E-4 6.438237174194036 -35.47735589430592
0.9 5.945299879325162E-4 6.444734743425634 -35.4986641738334
0.91 5.949823130883404E-4 6.450990134157244 -35.51940776111283
0.92 5.953193726630254E-4 6.45701706735899 -35.539610832278456
0.93 5.953611397647574E-4 6.462828201056226 -35.55929722685475
0.94 5.95732232883089E-4 6.468435724236009 -35.57848816374828
0.95 5.960775821949509E-4 6.473850988038365 -35.59720389603223
0.96 5.962050281273118E-4 6.479084512488029 -35.61546412358204
0.97 5.965301761699613E-4 6.484146250653637 -35.63328709548043
0.98 5.968594188007184E-4 6.489045541123019 -35.650690030598085
0.99 5.970410984380535E-4 6.49379108166778 -35.66768946641182
1.0 5.973473965596529E-4 6.498391057955629 -35.68430096808808
1.01 6.758998929957011E-4 6.505597047217407 -35.67571829564563
1.02 6.079907549704018E-4 6.511405925762865 -35.65938678708388
1.03 5.574195734562626E-4 6.512798233350765 -35.65479032559352
1.04 5.970464655058591E-4 6.5147325735518535 -35.6435845147941
1.05 6.122172257831966E-4 6.516687353901361 -35.6280663404329
1.06 5.98298074037613E-4 6.51697991856129 -35.616440791333375
1.07 5.94069141736521E-4 6.517099639364027 -35.603226675028985
1.08 5.958167506342341E-4 6.51721242871357 -35.58753985295762
1.09 5.962447305574298E-4 6.516620452743446 -35.57262840065048
1.1 5.9579906394898E-4 6.51569737088613 -35.55729056020334
1.11 5.962287000032135E-4 6.514673769252219 -35.5405896858424
1.12 5.963471919182691E-4 6.51331071955201 -35.52361211806807
1.13 5.942811973209644E-4 6.511662533435327 -35.506316474536085
1.14 5.942331768549948E-4 6.509862969935526 -35.488201718392915
1.15 5.957948937881528E-4 6.507858980971385 -35.46952343646329
1.16 5.945334519938964E-4 6.505636785874017 -35.45041487240295
1.17 5.935701138399213E-4 6.503252134481627 -35.43068879100256
1.18 5.946231867405837E-4 6.500708102783321 -35.41034715910682
1.19 5.94115219923487E-4 6.497991631617509 -35.38946763513078
1.2 5.932483988585161E-4 6.495119171356649 -35.36800151564391
1.21 5.938648213602136E-4 6.49210109329217 -35.34590773061799
1.22 5.936829054488365E-4 6.488933569133451 -35.323200490549155
1.23 5.929703832395887E-4 6.485618675667325 -35.29986795280401
1.24 5.932688793742005E-4 6.482161957567911 -35.27587679597193
1.25 5.932673742953434E-4 6.478563330486978 -35.251210372346236
1.26 5.927700865539196E-4 6.474821520721989 -35.225854377315635
1.27 5.928808364277192E-4 6.470937074008802 -35.199782783706745
1.28 5.929408563635134E-4 6.4669095796211735 -35.172968609452376
1.29 5.926268408439725E-4 6.462736909379842 -35.14538782699772
1.3 5.926633053040492E-4 6.458416910955577 -35.117013044554874
1.31 5.927565089789906E-4 6.4539473455472205 -35.087813022993785
1.32 5.926832545883256E-4 6.4493252593531025 -35.05775582615396
1.33 5.931039675717564E-4 6.4445493635840165 -35.02681178808597
1.34 5.934504942051717E-4 6.439617373461104 -34.99494768975051
1.35 5.932231296772935E-4 6.434525227683537 -34.9621223175779
1.36 5.929525252482552E-4 6.429267954852747 -34.92829214211055
1.37 5.929527688402947E-4 6.4238392094150925 -34.893414739027
1.38 5.930403674690454E-4 6.418232323580341 -34.857444104227625
1.39 5.93193601353032E-4 6.412440649634036 -34.82032937183159
1.4 5.934034722272011E-4 6.406456913912159 -34.78201707275939
1.41 5.895928152754937E-4 6.40025704360599 -34.742534935230864
1.42 5.720094951304027E-4 6.39362704295192 -34.70297342916415
1.43 5.672736501171459E-4 6.386686069106993 -34.66314127555123
1.44 5.741855325712548E-4 6.379758101838007 -34.621607301613885
1.45 5.777299404689433E-4 6.372760422602269 -34.57835636479502
1.46 5.755476076959689E-4 6.365498360248914 -34.533968782158524
1.47 5.73171862602E-4 6.3579808861479705 -34.48832453756984
1.48 5.73392034317248E-4 6.35027503464471 -34.44101117069702
1.49 5.74215634284114E-4 6.342350582355962 -34.39195167676101
1.5 5.739493690886749E-4 6.334146081337906 -34.34122012419459
1.51 5.736426692271649E-4 6.325646895387123 -34.288727473472456
1.52 5.739908866612343E-4 6.316856879912386 -34.23429062585799
1.53 8.870014497453135E-4 6.326228669671423 -34.1036004770737
1.54 7.005954228493849E-4 6.338146963943558 -33.939697790346415
1.55 1.1812718839196738E-4 6.318799914490697 -33.88547330071001
1.56 2.5480144905620946E-4 6.292785303746115 -33.86981007203333
1.57 7.214493309328861E-4 6.28137378870489 -33.80629084906661
1.58 8.090553349025902E-4 6.276589949897328 -33.71053799077674
1.59 5.741948037458399E-4 6.2659276767654575 -33.627931977320415
1.6 4.258240819620641E-4 6.250071828765272 -33.56161335743211
1.61 5.00515724603482E-4 6.235335225183675 -33.48973407794103
1.62 6.110419395232837E-4 6.223101751671962 -33.4041414505881
1.63 6.08687080307169E-4 6.210599819359217 -33.312777748290536
1.64 7.061503561454777E-4 6.2042600774319965 -33.19220229382017
1.65 9.318751296886072E-4 6.22067806461915 -32.96852599823736
1.66 4.0571957546200674E-4 6.21422694553992 -32.80228323520882
1.67 2.743659319279679E-5 6.182823667503598 -32.7249383497906
1.68 3.259674854323766E-4 6.1522765372808905 -32.6555837612652
1.69 7.566415061363212E-4 6.134403445942482 -32.54198231082725
1.7 8.161689280864223E-4 6.121804408674009 -32.39831230126016
1.71 6.446733540213922E-4 6.107861807478841 -32.2459967069603
1.72 8.552593994483057E-4 6.118538686136574 -31.989444602645193
1.73 5.849180142115911E-4 6.118281872684612 -31.739876395803797
1.74 1.0267299679965632E-4 6.0896129866805495 -31.574311742021557
1.75 1.1565785424493382E-4 6.049776660146257 -31.450605583855577
1.76 5.234135880443705E-4 6.016885471991905 -31.305420059758276
1.77 0.0010900096610383775 6.014089702767848 -31.04867916196762
1.78 0.0011390029444730688 6.029751605466608 -30.692871107312932
1.79 4.0803054482193256E-4 6.017712783412122 -30.393253856388206
1.8 1.0552897736348119E-4 5.992866261109434 -30.124882654461985
1.81 5.274542625565946E-4 5.985797915230265 -29.783105053896804
1.82 5.915231474852448E-4 5.968447478279401 -29.449023658291743
1.83 4.3506659550004143E-4 5.941083083403669 -29.130921481948604
1.84 6.737704793495312E-4 5.937989331876132 -28.717066081355597
1.85 6.39203064279965E-4 5.929551400360467 -28.285570976775894
1.86 0.0016493717824680875 5.92228821765697 -27.82608200304228
1.87 0.0014697676431822877 5.92211541002284 -27.312164618045536
1.88 0.001611964398924001 5.918706493065812 -26.778606188127817
1.89 0.0013403412178607768 5.924882320911536 -26.18312657227837
1.9 0.0016696889922088217 5.9327187200422955 -25.55076539140583
1.91 0.0015325543636384438 5.947185374406665 -24.862063056001617
1.92 0.0017986970448884893 5.972049400713836 -24.109521171567344
1.93 0.0011160393181604091 6.002082768947638 -23.303837177853424
1.94 4.5818164921312726E-4 6.042623761791255 -22.429684231430613
1.95 2.6845004627146186E-4 6.095309992250506 -21.482651002175217
1.96 3.7019420198000045E-4 6.158661279234501 -20.465469576656467
1.97 4.852881292407746E-4 6.234314017846316 -19.371124185314045
1.98 4.712725151299627E-4 6.3230287031267665 -18.19417812284294
1.99 4.919593428254511E-4 6.424446020437244 -16.929626702416858
2.0 3.100718104378072E-4 6.520451950240798 -15.711576877951057
2.01 -1.0925838199093974E-4 6.5876471273021195 -14.679320841590613
2.02 -1.3481082708398959E-4 6.62054666866478 -13.860187137679596
2.03 0.023841174940722586 6.622725044745387 -13.356309082862388
2.04 0.04474302777612659 6.590510960976779 -13.042299759102931
2.05 0.0589787424100722 6.546488754237984 -12.792434630392833
2.06 0.06710298583205404 6.495418865085597 -12.583315886361781
2.07 0.07154788015539933 6.439774951759169 -12.405540655624833
2.08 0.07354222092138668 6.381385504670483 -12.252839812596385
2.09 0.0738178933186393 6.321560162515709 -12.12054640729906
2.1 0.07289420220578272 6.261289377872544 -12.00503115226067
2.11 0.07113772119974464 6.201287621116265 -11.903408428273188
2.12 0.06880252836186937 6.142102263125594 -11.813369437221073
2.13 0.06608808473744045 6.0841261172735415 -11.733047277398015
2.14 0.06315167191515436 6.027653278488756 -11.660929952438803
2.15 0.06010073928224341 5.97288485981818 -11.595783572546146
2.16 0.057011462713355075 5.9199614577114374 -11.536601379990287
2.17 0.053945169814794955 5.868967500669228 -11.482555343876427
2.18 0.050859241946511397 5.819950396427657 -11.432972226886658
2.19 0.04767840513956968 5.772923374360076 -11.387311303772545
2.2 0.04450297479897963 5.72787670765053 -11.34510576874532
2.21 0.041495071588877996 5.684784256931948 -11.305939272799048
2.22 0.03876076774768464 5.643609387163401 -11.269454673182508
2.23 0.03631512652983528 5.604304403794529 -11.235359166032637
2.24 0.034113342464677 5.566813678875768 -11.203418087874436
2.25 0.03209170465557558 5.531075287695913 -11.173440153353162
2.26 0.03019759283989572 5.4970240506239065 -11.145263597452598
2.27 0.028405719193687364 5.464593225498646 -11.11874547480599
2.28 0.02671469973115589 5.433716182224288 -11.093756282155585
2.29 0.025130939889935276 5.404327045620192 -11.070178554645189
2.3 0.023657196885867086 5.376361131895173 -11.047907319415309
2.31 0.022290196051560872 5.349755057545913 -11.02684972874015
2.32 0.021021296520710418 5.324446960121932 -11.006923835599927
2.33 0.019838792853478702 5.300376709461091 -10.988056836252994
2.34 0.01873206876287347 5.27748612177421 -10.970183191143487
2.35 0.017693914476617913 5.255719139985729 -10.95324295734678
2.36 0.01671954756346141 5.235021936692419 -10.937180801474657
2.37 0.01580520387070005 5.215342947323016 -10.92194552369821
2.38 0.01494763753367889 5.196632828928514 -10.907489733761288
2.39 0.014143528732283358 5.178844417906284 -10.893769548594232
2.4 0.013389031689964633 5.161932665052269 -10.880744315435827
2.41 0.012680192181406974 5.145854580153504 -10.868376282761407
2.42 0.012013502880785133 5.130569167080914 -10.856630229032433
2.43 0.011385892462656933 5.116037369429051 -10.845473160431894
2.44 0.010794602968090164 5.102221998395578 -10.834874102669215
2.45 0.010237051187149208 5.08908757561359 -10.824804024515391
2.46 0.00971092018720864 5.076600367289643 -10.815235605024458
2.47 0.00921424726054842 5.064728385155696 -10.80614298774271
2.48 0.008745126386802454 5.0534411756685245 -10.797501744782608
2.49 0.008301768546154206 5.042709790430273 -10.789288826196202
2.5 0.007882526192699028 5.0325067131160495 -10.781482458573088
