#DH parameters for mouth opening
theta1 d2 d3 d4

0 0.0 0.0 -0.0
0.0 0.0 0.0 -0.0
0.357574244436 0.0059 -0.2476 0.3629
0.357574244436 0.0059 -0.2476 0.3629
1.11149895688 0.0186 -0.7419 1.1106
1.12843989011 0.0189 -0.7525 1.127
2.01102371186 0.0331 -1.2528 1.9367
2.01102371186 0.0331 -1.2528 1.9367
2.95435882504 0.046 -1.6885 2.6903
2.95435882504 0.046 -1.6885 2.6903
3.88820039416 -0.0175 -2.0493 3.3527
3.88820039416 -0.0175 -2.0493 3.3527
4.78389513718 -0.0778 -2.3052 3.8481
4.78389513718 -0.0778 -2.3052 3.8481
5.62103295971 -0.0834 -2.454 4.1443
5.62103295971 -0.0834 -2.454 4.1443
6.39430905237 -0.0865 -2.532 4.3053
6.39430905237 -0.0865 -2.532 4.3053
7.10894046937 -0.0879 -2.5674 4.3797
7.10894046937 -0.0879 -2.5674 4.3797
7.77911621342 -0.0883 -2.5779 4.4018
7.77911621342 -0.0883 -2.5779 4.4018
8.41428326311 -0.0883 -2.5773 4.4005
8.41428326311 -0.0883 -2.5773 4.4005
9.0225162316 -0.0882 -2.5762 4.3981
9.0225162316 -0.0882 -2.5762 4.3981
9.610173243 -0.0884 -2.5816 4.4094
9.610173243 -0.0884 -2.5816 4.4094
10.1795799031 -0.0891 -2.5972 4.4423
10.1795799031 -0.0891 -2.5972 4.4423
10.7356571651 -0.0902 -2.6264 4.5037
10.7356571651 -0.0902 -2.6264 4.5037
11.2815369766 -0.0919 -2.6703 4.5962
11.2815369766 -0.0919 -2.6703 4.5962
11.8023464399 -0.094 -2.7217 4.7046
11.8023464399 -0.094 -2.7217 4.7046
12.2901565264 -0.096 -2.7743 4.8164
12.2901565264 -0.096 -2.7743 4.8164
12.7724377549 -0.0991 -2.8482 4.9818
12.7724377549 -0.0991 -2.8482 4.9818
13.2480362295 -0.1026 -2.9335 5.1726
13.2480362295 -0.1026 -2.9335 5.1726
13.6846712816 -0.1056 -3.0074 5.338
13.6846712816 -0.1056 -3.0074 5.338
14.0915720937 -0.0872 -3.0734 5.491
14.0915720937 -0.0872 -3.0734 5.491
14.5198951442 -0.1105 -3.188 5.764
14.5198951442 -0.1105 -3.188 5.764
14.9221641842 -0.0353 -3.281 5.9853
14.9221641842 -0.0353 -3.281 5.9853
15.3308683744 0.0429 -3.3883 6.2568
15.3308683744 0.0429 -3.3883 6.2568
15.7545975606 0.0705 -3.53 6.6176
15.7545975606 0.0705 -3.53 6.6176
16.1874944191 0.0605 -3.6842 7.0363
16.1874944191 0.0605 -3.6842 7.0363
16.6038204895 0.0314 -3.8291 7.4463
16.6038204895 0.0314 -3.8291 7.4463
16.9882614299 -0.0296 -3.9599 7.8296
16.9882614299 -0.0296 -3.9599 7.8296
17.3199649612 -0.1352 -4.0684 8.1698
17.3199649612 -0.1352 -4.0684 8.1698
17.5147587533 -0.1568 -4.1032 8.2787
17.5147587533 -0.1568 -4.1032 8.2787
17.5525974905 -0.1547 -4.0632 8.1533
17.5525974905 -0.1547 -4.0632 8.1533
17.4455743068 -0.1495 -3.9659 7.8483
17.4455743068 -0.1495 -3.9659 7.8483
17.2080637389 -0.1417 -3.8112 7.3939
17.2080637389 -0.1417 -3.8112 7.3939
16.870769397 -0.1319 -3.61 6.8341
16.870769397 -0.1319 -3.61 6.8341
16.481042004 -0.1214 -3.3819 6.2393
16.481042004 -0.1214 -3.3819 6.2393
16.0746405124 -0.1111 -3.1469 5.6647
16.0746405124 -0.1111 -3.1469 5.6647
15.6498341282 -0.1011 -2.9098 5.118
15.6498341282 -0.1011 -2.9098 5.118
15.2062541258 -0.0914 -2.672 4.5977
15.2062541258 -0.0914 -2.672 4.5977
14.7578813749 -0.0822 -2.4366 4.1065
14.7578813749 -0.0822 -2.4366 4.1065
14.3095238261 -0.0733 -2.2023 3.6398
14.3095238261 -0.0733 -2.2023 3.6398
13.8635495182 -0.0648 -1.9694 3.1985
13.8635495182 -0.0648 -1.9694 3.1985
13.4189455241 -0.0566 -1.7392 2.7766
13.4189455241 -0.0566 -1.7392 2.7766
12.9554877507 -0.0481 -1.4973 2.3472
12.9554877507 -0.0481 -1.4973 2.3472
12.3438057674 -0.0357 -1.1307 1.7284
12.3438057674 -0.0357 -1.1307 1.7284
11.4089506139 -0.0141 -0.4634 0.6773
11.4089506139 -0.0141 -0.4634 0.6773
10.3027867573 0.0004 0.0057 -0.0147
10.3027867573 0.0004 0.0057 -0.0147
9.13945863584 0.0004 0.0055 -0.0147
9.13945863584 0.0004 0.0055 -0.0147
8.07213868911 0.0003 0.0053 -0.0146
8.07213868911 0.0003 0.0053 -0.0146
7.19517231917 0.0003 0.0052 -0.0146
7.19517231917 0.0003 0.0052 -0.0146
6.36862491148 0.0003 0.0052 -0.0145
6.36862491148 0.0003 0.0052 -0.0145
5.46057528636 0.0002 0.0051 -0.0145
5.46057528636 0.0002 0.0051 -0.0145
4.35641224335 0.0002 0.0049 -0.0144
4.35641224335 0.0002 0.0049 -0.0144
2.93188528466 0.0001 0.0047 -0.0142
2.93188528466 0.0001 0.0047 -0.0142
1.01922796292 0.0 0.0043 -0.0137
1.01922796292 0.0 0.0043 -0.0137
0.0228151000056 -0.0007 -0.0026 -0.0039
0.0228151000056 -0.0007 -0.0026 -0.0039
0.0228151000056 -0.0007 -0.0026 -0.0039
0.0228151000056 -0.0007 -0.0026 -0.0039
0.0228150999737 -0.0007 -0.0026 -0.0039
0.0228150999737 -0.0007 -0.0026 -0.0039
0.0228150999737 -0.0007 -0.0026 -0.0039
0.0228150999737 -0.0007 -0.0026 -0.0039
0.0228151000056 -0.0007 -0.0026 -0.0039
0.0228151000056 -0.0007 -0.0026 -0.0039
0.0228150999737 -0.0007 -0.0026 -0.0039
0.0228150999737 -0.0007 -0.0026 -0.0039
0.0228150999737 -0.0007 -0.0026 -0.0039
0.0228150999737 -0.0007 -0.0026 -0.0039
0.0228150999737 -0.0007 -0.0026 -0.0039
0.0228150999737 -0.0007 -0.0026 -0.0039
0.0228151000056 -0.0007 -0.0026 -0.0039
0.0228151000056 -0.0007 -0.0026 -0.0039
0.0228150999737 -0.0007 -0.0026 -0.0039
0.0228150999737 -0.0007 -0.0026 -0.0039
0.0228150999737 -0.0007 -0.0026 -0.0039
0.0228150999737 -0.0007 -0.0026 -0.0039
0.0228150999737 -0.0007 -0.0026 -0.0039
0.0228150999737 -0.0007 -0.0026 -0.0039
0.0228150999737 -0.0007 -0.0026 -0.0039
0.0228150999737 -0.0007 -0.0026 -0.0039
0.0228150999737 -0.0007 -0.0026 -0.0039
0.0228150999737 -0.0007 -0.0026 -0.0039
0.0228150999737 -0.0007 -0.0026 -0.0039
0.0228150999737 -0.0007 -0.0026 -0.0039
0.0227403820466 -0.0007 -0.0032 -0.003
0.0227403820466 -0.0007 -0.0032 -0.003
0.0211110900179 -0.0012 -0.0177 0.0183
0.0211110900179 -0.0012 -0.0177 0.0183
0.0286977941886 -0.0023 -0.0655 0.0884
0.0286977941886 -0.0023 -0.0655 0.0884
0.0252454280775 -0.0027 -0.1282 0.1802
0.0252454280775 -0.0027 -0.1282 0.1802
0.0312390354658 -0.0008 -0.2478 0.3555
0.0312390354658 -0.0008 -0.2478 0.3555
0.171953052277 0.0041 -0.4541 0.6608
0.171953052277 0.0041 -0.4541 0.6608
0.39933598874 0.012 -0.7572 1.1265
0.39933598874 0.012 -0.7572 1.1265
0.681260146479 0.0224 -1.1301 1.7244
0.681260146479 0.0224 -1.1301 1.7244
0.989479896684 0.0341 -1.5342 2.4062
0.989479896684 0.0341 -1.5342 2.4062
1.30311152976 0.0463 -1.9215 3.1034
1.30311152976 0.0463 -1.9215 3.1034
1.61380968426 0.0583 -2.272 3.7731
1.61380968426 0.0583 -2.272 3.7731
1.92353823024 0.0698 -2.5812 4.3998
1.92353823024 0.0698 -2.5812 4.3998
2.24034795554 0.0806 -2.8446 4.9647
2.24034795554 0.0806 -2.8446 4.9647
2.58326845127 0.0903 -3.0558 5.4398
2.58326845127 0.0903 -3.0558 5.4398
2.96891312776 0.0986 -3.2085 5.8033
2.96891312776 0.0986 -3.2085 5.8033
3.40519195712 0.1047 -3.2988 6.0193
3.40519195712 0.1047 -3.2988 6.0193
3.91696439252 0.1092 -3.3356 6.1128
3.91696439252 0.1092 -3.3356 6.1128
4.50993309264 0.112 -3.323 6.0806
4.50993309264 0.112 -3.323 6.0806
5.17081664321 0.112 -3.2516 5.9054
5.17081664321 0.112 -3.2516 5.9054
5.86289195552 0.1079 -3.1036 5.5529
5.86289195552 0.1079 -3.1036 5.5529
6.57093459959 0.1003 -2.8886 5.0619
6.57093459959 0.1003 -2.8886 5.0619
7.27552653681 0.0903 -2.6264 4.4933
7.27552653681 0.0903 -2.6264 4.4933
7.96742815206 0.0801 -2.3531 3.9322
7.96742815206 0.0801 -2.3531 3.9322
8.64043932358 0.071 -2.1015 3.4401
8.64043932358 0.071 -2.1015 3.4401
9.35283918739 0.0615 -1.9226 3.1027
9.35283918739 0.0615 -1.9226 3.1027
10.0991627397 0.0544 -1.8252 2.923
10.0991627397 0.0544 -1.8252 2.923
10.7885655648 0.049 -1.7441 2.778
10.7885655648 0.049 -1.7441 2.778
11.4137177225 0.045 -1.6806 2.6646
11.4137177225 0.045 -1.6806 2.6646
11.9707585624 0.0418 -1.629 2.5723
11.9707585624 0.0418 -1.629 2.5723
