0.0 0.0 0.0 0.0
0.01 -0.00136576375590242 -0.04449570581287787 -0.6982137564536544
0.02 -0.00200814208049948 -0.17223433490064366 -2.26291105459169
0.03 -0.001985424376248447 -0.23468794086043232 -4.2223448878651695
0.04 -0.001173961833098085 -0.16738095912948125 -6.33391115391521
0.05 -8.764949068007144E-4 0.04541827814358612 -8.417010188659638
0.06 -5.26945883246981E-4 0.376279625342093 -10.339122165788417
0.07 -4.4539692548814047E-4 0.7837243288146141 -12.023044464906008
0.08 -4.5920734807981925E-4 1.232258481325033 -13.464670967373685
0.09 -7.839447103131917E-4 1.6971541301603068 -14.685478067301858
0.1 -5.530926648925342E-4 2.107041508701599 -15.816461615310978
0.11 5.622069174368567E-4 2.5059183180491047 -16.79433066940151
0.12 8.755826516587361E-5 2.874067040210292 -17.65227079830894
0.13 -4.773040730819497E-4 3.190378520569041 -18.453321691578132
0.14 0.0012022067719109151 3.4370184064946585 -19.27334429351098
0.15 0.0011176389870715835 3.699367127573865 -19.938608394724163
0.16 -1.2269929556801363E-4 3.9476705078202627 -20.495798394597884
0.17 5.238410488680019E-5 4.167274326621239 -21.000044031108427
0.18 3.3756842977990877E-4 4.317598906638075 -21.567144576268973
0.19 1.9059468451772615E-4 4.460093763130359 -22.104858766913843
0.2 1.5249957403191703E-4 4.633561714484898 -22.47306114368503
0.21 1.3922201658087563E-4 4.791289954730956 -22.778690014305763
0.22 9.394960487433122E-5 4.920890301479908 -23.086226490666746
0.23 5.8443032232001176E-5 5.027377662161378 -23.40593746062754
0.24 -3.685841213179987E-5 5.1008840249989476 -23.76489218017859
0.25 -1.5753866055928493E-5 5.131699251148959 -24.221155616230234
0.26 2.8007378741921787E-4 5.236435799021329 -24.44484072830064
0.27 3.5388703632457605E-5 5.340568857914249 -24.577851147914473
0.28 -5.465540090891677E-6 5.416177006964759 -24.741771509253866
0.29 5.1078449344733786E-5 5.469766058351759 -24.953921352642972
0.3 -9.303510239115352E-5 5.500859378667954 -25.21167450772247
0.31 -9.92080039873981E-5 5.479092091058668 -25.616832140190265
0.32 2.879885136067321E-4 5.5520555412362995 -25.743687366984833
0.33 -2.5913181258126693E-5 5.627577991961886 -25.76533739203645
0.34 2.6578305884755868E-6 5.669071386681011 -25.8480735655231
0.35 1.9202461200837947E-6 5.688522167171342 -26.001097183904797
0.36 -4.688251023254273E-5 5.703756943672403 -26.16678924984137
0.37 2.7437497918009858E-5 5.720950329991034 -26.30801620526995
0.38 7.604536518139354E-7 5.737658830128424 -26.42515308107732
0.39 1.1450937670124848E-5 5.750685067627238 -26.53240491613309
0.4 9.904605826022438E-6 5.75953662752692 -26.637621565275637
0.41 -4.880250328995021E-6 5.765398177175413 -26.740129100811696
0.42 -0.0021934869927692996 5.699645527968201 -27.031286668347143
0.43 0.003937384571927573 5.700478540444692 -27.19071407797694
0.44 -7.129868265077354E-4 5.760263771069553 -27.085807146308206
0.45 -0.013717100767986982 5.754470144038557 -27.129265254990806
0.46 -1.0390822727121551E-5 5.757801933607645 -27.19411163660191
0.47 -0.006133613557427512 5.761978034661503 -27.25234154549167
0.48 2.0211479934487586E-4 5.76127460541997 -27.317096240886062
0.49 -0.0014997973686405842 5.758093797586078 -27.38636151676102
0.5 -4.092418889506514E-4 5.754371926288414 -27.4535688659183
0.51 -4.1444252485777345E-4 5.75037434841866 -27.516591016812185
0.52 -7.112569280913754E-4 5.745825050577395 -27.57661941000761
0.53 -2.150650557710498E-4 5.740645481405451 -27.63485880590344
0.54 -3.8501707747399584E-4 5.735014727455983 -27.6913387747148
0.55 -1.969209024181314E-4 5.729094749215747 -27.745753697003728
0.56 -2.427511757257929E-4 5.722949590661116 -27.79810442591286
0.57 -6.39054453206955E-5 5.716600020069308 -27.848606560339046
0.58 -1.7441184742022668E-4 5.710078317295697 -27.897435596053164
0.59 -7.024150389460071E-5 5.703427610197302 -27.944666311914986
0.6 -5.367680452440508E-5 5.69668151993816 -27.990357514768128
0.61 -3.4470670363254575E-4 5.633942011238311 -28.190102232783797
0.62 2.238197406832517E-4 5.602237675535861 -28.3752824517328
0.63 -2.2279802890141855E-4 5.636214033946793 -28.256060052984097
0.64 2.0823169105889215E-4 5.623981399904835 -28.296487803488134
0.65 -2.947618843569487E-4 5.627703886366881 -28.289733205568496
0.66 -7.673290266133919E-5 5.6402062617112705 -28.269755644919854
0.67 1.2057468929696909E-5 5.634453369740648 -28.299660963224916
0.68 -4.219026130435142E-5 5.636784811656327 -28.310353148535945
0.69 2.190645680205303E-5 5.632787181595752 -28.338142141272016
0.7 -2.573621810441582E-5 5.626126409556662 -28.377491054201997
0.71 -6.7909771366574025E-6 5.620288976644915 -28.41333404974941
0.72 5.438098585799922E-6 5.614859265413671 -28.44438231619727
0.73 -3.158696947784599E-7 5.608937928838294 -28.475014344436296
0.74 -1.768765312711452E-6 5.6025899475603325 -28.506125924907828
0.75 9.037812115747631E-6 5.596170679937799 -28.536311235853038
0.76 5.3062669012724655E-6 5.589728675245297 -28.565138572586886
0.77 2.4988153985562134E-6 5.5831875797967285 -28.5930668481751
0.78 1.1680018092191614E-5 5.576547200296105 -28.620334429041257
0.79 7.409291259401142E-6 5.569854926310441 -28.6468548619625
0.8 6.200163192254999E-6 5.5631340031609255 -28.672588874187817
0.81 3.803219543955117E-5 5.563049638588126 -28.663010390334534
0.82 2.7073609702370747E-5 5.567763107769032 -28.62353867088658
0.83 1.035686664558347E-5 5.571048165412762 -28.589240117311967
0.84 7.238356747605809E-6 5.573737662930547 -28.56310380381361
0.85 5.9132394415767776E-6 5.57776582006656 -28.535099957891383
0.86 7.295890846574884E-6 5.582872256360801 -28.503752593067446
0.87 8.22851313042784E-6 5.588295520585561 -28.472221977457448
0.88 6.350733074261903E-6 5.5939436321953195 -28.441260311601205
0.89 4.524654190450942E-6 5.599964804620058 -28.40985007393288
0.9 6.1963483597131256E-6 5.606339526104783 -28.37753416710435
0.91 4.839163785017096E-6 5.612957401180637 -28.344504301769973
0.92 3.6028288901527607E-6 5.619763678277991 -28.310853363648654
0.93 4.356085723019839E-6 5.626747686655918 -28.276457369235466
0.94 -0.0035336740696985 5.624582097641394 -28.267974008040643
0.95 0.0023214271342776906 5.623815228316332 -28.262075756174518
0.96 -1.0171896118140096E-5 5.622811431101894 -28.254137759120105
0.97 0.0011104431359767733 5.618672135438331 -28.25187930723921
0.98 -0.0029205786178809904 5.615179427237493 -28.247210102189282
0.99 0.0017870744733783038 5.611567897589957 -28.24103062291122
1.0 0.0027852966401708977 5.606152718614638 -28.237425861554982
1.01 -2.1100385468813136E-4 5.601943829512393 -28.229827227429702
1.02 -2.5623673941092763E-4 5.596801167038308 -28.222943645099882
1.03 5.105391338468615E-5 5.591400787402264 -28.21577869981941
1.04 0.0015233945693291606 5.585545908653714 -28.208276104646714
1.05 6.898352815498263E-4 5.579174461541172 -28.200856175593504
1.06 -0.0015370271859089844 5.571902512323192 -28.193668785310372
1.07 -0.0014342037675999476 5.564808671960591 -28.185297474193007
1.08 -7.360697341920764E-4 5.559823138249783 -28.169854217785154
1.09 -3.7880611471769745E-4 5.564455368239749 -28.120562748813313
1.1 -2.9041446680885325E-4 5.572193865778239 -28.053923514098983
1.11 1.9121271766141216E-5 5.5786624734504 -27.989572299490455
1.12 -1.8978509934550251E-4 5.584414959210527 -27.92922983131149
1.13 9.044682586485229E-5 5.611166407902246 -27.81417495829804
1.14 5.5544698708455916E-5 5.7242058546867725 -27.404791981347238
1.15 -1.634835268430222E-4 5.780455441238296 -27.12042098160876
1.16 -2.0018620080831942E-4 5.760519940150033 -27.12675577009483
1.17 -5.7686891769281727E-5 5.77011075164264 -27.110689368904943
1.18 -1.6447043400743327E-4 5.766489683714525 -27.097174039500246
1.19 -1.4237087657586863E-5 5.763344738343804 -27.08000434905513
1.2 8.7028684918874E-4 5.756827139990577 -27.0643364219563
1.21 -5.724031501936507E-5 5.746298555845868 -27.05233859752385
1.22 -2.796122402648859E-4 5.733250324742912 -27.039629382345186
1.23 8.019454836305407E-4 5.7183122023267074 -27.024594117788453
1.24 -0.003652499509261781 5.710624615990852 -26.982816429325744
1.25 5.202866551047292E-4 5.71100925014143 -26.904840472111033
1.26 -0.0013537959393107 5.716988800608377 -26.79694732979821
1.27 -0.004181866904975729 5.727882704238411 -26.667890712937066
1.28 -0.0041463020249794804 5.8149778417756295 -26.30727861056177
1.29 -3.2141512309327583E-4 5.884864941869665 -25.939047199601838
1.3 -0.003418166404048802 5.86269864532391 -25.8451059490246
1.31 0.008657475500591061 5.8448476156689395 -25.835120435811984
1.32 0.007298613817836587 5.832732382197861 -25.78539352052522
1.33 -0.0022824036835352845 5.813081393083529 -25.756521690141902
1.34 -0.006603266972713991 5.795933680144138 -25.700366111806613
1.35 0.001751068452228729 5.788641404647578 -25.602134445392082
1.36 -0.0013117612681303858 5.793131434527361 -25.44920594335607
1.37 -0.010148273837527338 5.845876807401808 -25.14627920151095
1.38 0.0012036542895372468 5.916304918249374 -24.734530734018055
1.39 0.001735171222810685 5.888077614943917 -24.585856481408015
1.4 -0.003750055961587616 5.839461338052317 -24.552560137449497
1.41 -0.0012650570147002141 5.817624421207505 -24.457626462346973
1.42 0.0029632271991478784 5.853753422329689 -24.180045818589047
1.43 3.163543202312046E-4 5.933759858158012 -23.71508897181367
1.44 3.931292923150387E-5 5.969078049903288 -23.32114477676992
1.45 0.003358484958657765 5.931425773126371 -23.143697936422356
1.46 0.007133033429205726 5.941152526019565 -22.873693455719074
1.47 9.94611184005178E-4 5.979497738479495 -22.48664240200416
1.48 0.0011281531027399136 6.010500291544744 -22.076962423644353
1.49 0.009670384443325939 5.988776935701601 -21.783266025975305
1.5 0.02001454294470797 5.9936269117113525 -21.42743966132034
1.51 0.006220403786348121 6.024766460662214 -20.96151267778254
1.52 2.4075992093779662E-4 6.045395728391128 -20.472412364255838
1.53 -0.0027374504942358152 6.05559081215236 -19.985755515834203
1.54 0.0016724631954522068 6.085663843984598 -19.41079648058636
1.55 0.006535984083256903 6.106869746822319 -18.8067367900253
1.56 0.007215904239543024 6.139763563654995 -18.13131467289469
1.57 0.0011682492011223125 6.1774095303847005 -17.383375398748278
1.58 -0.0018795120264646047 6.225666134222145 -16.54786107965334
1.59 -0.0015784282699723815 6.283863392679471 -15.611645685326994
1.6 5.19247867238953E-5 6.339686541957036 -14.691858961885682
1.61 0.0012322088689851827 6.369192067020073 -13.927128719208476
1.62 0.02353140466683632 6.370763268055114 -13.441238555352623
1.63 0.038311496388810706 6.323613153047859 -13.164869871828369
1.64 0.06188433220469374 6.2575856204702305 -12.96100540622897
1.65 0.07475535887570342 6.1924905365879255 -12.781292427071655
1.66 0.07820074445392158 6.129156215123416 -12.620315298697399
1.67 0.07816295472196702 6.065776374456263 -12.478651099561993
1.68 0.06598635164841532 6.000178398511068 -12.358516421871634
1.69 0.06182381948712821 5.936410472196194 -12.25082890823936
1.7 0.05734573521411848 5.873216903302911 -12.155467317119065
1.71 0.05687642259349536 5.812459138112814 -12.068692816792804
1.72 0.05655697220700165 5.753663298810771 -11.990007643859943
1.73 0.055205121455971166 5.697065914543643 -11.918633265112256
1.74 0.0523168733274692 5.642686792566735 -11.853705078288787
1.75 0.04896305657616921 5.590400771346438 -11.794625150091122
1.76 0.04548435747015378 5.540205772874778 -11.740628577953778
1.77 0.04223324702720202 5.492113292132231 -11.691029924015954
1.78 0.03939107170267583 5.446119938570924 -11.645250737849018
1.79 0.03695528545847784 5.402201039392352 -11.60282618859926
1.8 0.03481801514799785 5.360313920576161 -11.563388802155512
1.81 0.032851280111305475 5.320402192459952 -11.526641020388343
1.82 0.030969560873830827 5.282400921890726 -11.492331438382962
1.83 0.029151482824408433 5.246240559626003 -11.460238137658685
1.84 0.02741652699105639 5.211849457156966 -11.43016191550294
1.85 0.025790034377441665 5.179155331892183 -11.401925440380786
1.86 0.024285565648681263 5.148085722500127 -11.375373607704304
1.87 0.02290219152426435 5.118568138623431 -11.350372560689692
1.88 0.03390038381121764 5.087001222370482 -11.331752196735152
1.89 0.04960802452079682 5.051054940907413 -11.323281774402783
1.9 0.06640050343938095 5.015680435813152 -11.317005030700937
1.91 0.07245098583012768 4.978837093249112 -11.315797382410977
1.92 0.06066301689255344 4.938753391581471 -11.323346383639507
1.93 0.04715722619151899 4.900145259256185 -11.331094377226105
1.94 0.041420220619402426 4.86446987644387 -11.335149147716063
1.95 0.03754599857296079 4.832012561268336 -11.334744455369375
1.96 0.02497476183444504 4.806065876690816 -11.325926783836898
1.97 0.017946922368186253 4.792035513251399 -11.3002376976392
1.98 0.014453554536214292 4.776381503622112 -11.279263494902935
1.99 0.012203102595818704 4.762239879345309 -11.258546881448815
2.0 0.010315885907726191 4.749175847652978 -11.238664976212362
