0.0 0.0 0.0 0.0
0.01 -0.0013021301552064955 -0.043753810120833236 -0.6973396843431843
0.02 -0.001843270563947121 -0.171570473113988 -2.2623576282122855
0.03 -0.0012773822063073157 -0.23347648142573973 -4.220579057349326
0.04 -6.117449940951754E-4 -0.16620379180763223 -6.3316640464349305
0.05 -9.432728212647529E-5 0.046383123962350226 -8.414932064507227
0.06 3.6020811163212985E-5 0.3784815952019258 -10.33510803158956
0.07 -7.672914008316955E-5 0.785646224867051 -12.019842805175657
0.08 -1.1992607621117737E-4 1.2318097379695772 -13.464238313092597
0.09 4.375381690740298E-6 1.6853067842079668 -14.707323959246633
0.1 1.3430576952647546E-4 2.1164339886758867 -15.80014985307302
0.11 1.4206099376673509E-4 2.5086171416499354 -16.78370590430438
0.12 1.0201021010748219E-4 2.8584695027807285 -17.681596765221894
0.13 1.1606815257951992E-4 3.169710049261269 -18.50347668653544
0.14 1.53066724312416E-4 3.4481170921680473 -19.252257604457988
0.15 1.522770505250517E-4 3.6987643494648452 -19.930170958311336
0.16 1.3608500006849863E-4 3.925135396088585 -20.541755051092387
0.17 1.3725142478132445E-4 4.129414203747274 -21.09396196519599
0.18 1.37595391777698E-4 4.313179347199842 -21.594735138810343
0.19 1.2531809042260936E-4 4.477945995760479 -22.051490256102042
0.2 1.1586769051506736E-4 4.625372723833202 -22.47029965027282
0.21 1.1106815057737457E-4 4.757205837562218 -22.855861653952566
0.22 1.0278495746820059E-4 4.875065512127506 -23.212005603006297
0.23 9.429602252712577E-5 4.980468407281421 -23.542057247203072
0.24 8.818684148694622E-5 5.074862670019883 -23.84883492081123
0.25 8.142134605322642E-5 5.159540348748152 -24.134750508468994
0.26 7.473838931278313E-5 5.235609412161317 -24.40187331113505
0.27 6.921701968902634E-5 5.3039962987119935 -24.651936090125858
0.28 6.389632593473257E-5 5.365455199571031 -24.886329924438208
0.29 5.9154142209073764E-5 5.420582389570761 -25.106125872612395
0.3 5.514077044174223E-5 5.469840230402681 -25.312137560503842
0.31 5.1400117607120876E-5 5.513590896262912 -25.505015363132955
0.32 4.8043255331141335E-5 5.552134726389944 -25.685348694835724
0.33 4.486912156721237E-5 5.585736414330782 -25.85376380630739
0.34 4.143795451356014E-5 5.614582202106789 -26.01119577667525
0.35 3.81453402388439E-5 5.638994653085547 -26.158667491558532
0.36 3.515696662644576E-5 5.6594293642328495 -26.296886634902112
0.37 3.224609975715919E-5 5.676299775028845 -26.426443324071307
0.38 2.9546136918606913E-5 5.689959865894721 -26.547971949740443
0.39 2.6945213777524864E-5 5.70073340915026 -26.6621557243106
0.4 2.446587571831399E-5 5.708933316610604 -26.76966393959151
0.41 1.1424516169410586E-4 5.725057716740608 -26.803593987914432
0.42 1.0310397080873085E-4 5.751145183276684 -26.742288287745673
0.43 6.830983257133735E-5 5.775383726787389 -26.643970536846325
0.44 4.78487474422363E-5 5.792650399786282 -26.54932270878644
0.45 2.3785470883912043E-5 5.805409455103778 -26.46169164603954
0.46 2.668782728981389E-5 5.817112704944314 -26.370457505882896
0.47 2.6732234438264633E-5 5.828930407136504 -26.26964585214867
0.48 2.4734538865073816E-5 5.840462105715851 -26.15995371202554
0.49 2.5150076871603993E-5 5.851219320915426 -26.043862432264994
0.5 2.142459291107316E-5 5.861173604600218 -25.92247487937798
0.51 2.01509908444772E-5 5.870559669958887 -25.795451203734906
0.52 2.0744035521047654E-5 5.879592449066465 -25.662020701143966
0.53 1.9781010263117375E-5 5.888372030411361 -25.521586185400597
0.54 1.9857377825714925E-5 5.896926880529676 -25.37374635744071
0.55 2.0880527473794084E-5 5.905270770229961 -25.218116113396846
0.56 2.105045424879273E-5 5.913383467713153 -25.0542913903466
0.57 2.1430734763229728E-5 5.921253151594264 -24.88187011217508
0.58 2.291627003673019E-5 5.928956586075657 -24.70020495191548
0.59 2.4485563009107434E-5 5.936568847609834 -24.50844041831099
0.6 2.6103989735660972E-5 5.94413668839249 -24.305618216736804
0.61 2.846139805417096E-5 5.951690985362966 -24.09071246062109
0.62 3.122811969524123E-5 5.959260494452138 -23.86261355965072
0.63 3.411926509691421E-5 5.966882577653287 -23.62009250682832
0.64 3.758808928645182E-5 5.97460923418496 -23.361767092231133
0.65 4.178222554876611E-5 5.982512267629772 -23.08607158497928
0.66 4.651090731880619E-5 5.990688139474734 -22.791226188439065
0.67 5.195289756370884E-5 5.999264818083546 -22.4752006806434
0.68 5.841640062310024E-5 6.008405673543891 -22.13567237238016
0.69 6.594099624599443E-5 6.01826598370468 -21.770030544455395
0.7 7.468249294613634E-5 6.029097967945617 -21.375265736955633
0.71 8.51919229866377E-5 6.0412997878815204 -20.947768324412316
0.72 9.797039495081835E-5 6.0553858621794845 -20.483247610755647
0.73 1.1345550955917067E-4 6.072006989278044 -19.976635364923407
0.74 1.3232289044124947E-4 6.0919859487526935 -19.421930670722368
0.75 1.556146203477535E-4 6.116363207010245 -18.811976327995872
0.76 1.8482805418329462E-4 6.146446070322803 -18.138159608518293
0.77 2.2211920730974967E-4 6.183854620442602 -17.390023816269434
0.78 2.706375072649719E-4 6.230547241879698 -16.554768678391817
0.79 3.350718719850429E-4 6.288832463658267 -15.61661390506979
0.8 1.619196834639848E-4 6.343863993138079 -14.697518125509667
0.81 -1.5861297814916386E-4 6.373447961517158 -13.929853293628803
0.82 0.023104484257519414 6.373236413721855 -13.44638272210766
0.83 0.03857847207661688 6.335831238126971 -13.152061199110285
0.84 0.04489824811222862 6.273238304336324 -12.942441038670971
0.85 0.04942457472255652 6.1979471359283025 -12.780210909999084
0.86 0.05198168505950981 6.119089580179185 -12.644692186796554
0.87 0.05296683549368064 6.0403945629782285 -12.52680063458191
0.88 0.052857788817541024 5.963407461188446 -12.42207141654254
0.89 0.052037497621005915 5.888803106496788 -12.327904199463703
0.9 0.050744226761605005 5.816906339515995 -12.242555312970012
0.91 0.04911615600584634 5.747868019839025 -12.164728717299983
0.92 0.04710310473835139 5.681749513616957 -12.093421647652661
0.93 0.044615120892657435 5.618553083172458 -12.027841697465846
0.94 0.041840626041374826 5.558244505142994 -11.967310784788417
0.95 0.03570198032589661 5.501487535540178 -11.91019691008723
0.96 0.025721153996977664 5.448233328292048 -11.856477222959086
0.97 0.016850106233879045 5.3981062896452485 -11.805519587533862
0.98 0.01971888869884317 5.354227668301789 -11.751293813843418
0.99 0.02074507188199107 5.313863536163147 -11.697960062743313
1.0 0.02050122992862996 5.275865401487977 -11.648233644598726
1.01 0.02361973127469755 5.240207340243124 -11.600973688989743
1.02 0.0236052078269307 5.2055947554767315 -11.55833783385814
1.03 0.023662197094561414 5.172617962252978 -11.518957735227843
1.04 0.0229211409950852 5.140952199523959 -11.482908163003732
1.05 0.021506422132294603 5.110518990587693 -11.44994600609354
1.06 0.019876845926362935 5.081307018618993 -11.419692930659888
1.07 0.018419380700843358 5.053319004633515 -11.391771043735808
1.08 0.017312981252966812 5.026549857876297 -11.365864373499871
1.09 0.016520734263981054 5.000976115926896 -11.341732951075613
1.1 0.015880623963785142 4.97656670824594 -11.319203770697033
1.11 0.01524824354071828 4.95328771252948 -11.29814194867636
1.12 0.014566137860812015 4.93110220401465 -11.27842693628254
1.13 0.013841375453237229 4.909971862355846 -11.25994424107651
1.14 0.013110794657888062 4.889857844458554 -11.242586261777483
1.15 0.012418113899515717 4.870720914580303 -11.226255191937273
1.16 0.011788120460705253 4.852521577864607 -11.21086548079425
1.17 0.011216678489903183 4.835220071087775 -11.196344919419069
1.18 0.010686996259470123 4.818776662347631 -11.182632630355485
1.19 0.010185432296295895 4.803152048821701 -11.169675398452462
1.2 0.009703221007033278 4.788307911092723 -11.157425056531789
1.21 0.009236630561595892 4.774207166536101 -11.14583723223899
1.22 0.008788167210628615 4.760814139407529 -11.134870618402879
1.23 0.00836217986783518 4.7480945756349655 -11.124486793656583
1.24 0.007959803028401002 4.736015641794744 -11.114650504762075
1.25 0.007579690652772685 4.724545842786284 -11.105329635430465
1.26 0.007220189378014239 4.7136550116320635 -11.096494739634299
1.27 0.0068791728671438205 4.703314301123314 -11.08811860499711
1.28 0.00655432864932598 4.693496183397826 -11.080175958095644
1.29 0.006244479188970101 4.6841744175811115 -11.072643142222056
1.3 0.0059493898645720175 4.675324027216163 -11.065497889098676
1.31 0.0056686481539626014 4.666921253952296 -11.05871926707136
1.32 0.0054016150344879145 4.658943503514394 -11.052287646693223
1.33 0.005147777671774991 4.651369289443068 -11.046184590977273
1.34 0.004906497558989755 4.644178188429322 -11.040392761353395
1.35 0.004676904118613984 4.637350792312226 -11.034895850780938
1.36 0.004458259156851492 4.630868662397006 -11.029678490537613
1.37 0.0042500500217095335 4.624714286649585 -11.02472615519055
1.38 0.004051765827312153 4.618871038546729 -11.020025110604141
1.39 0.003862888336667053 4.6133231332063644 -11.015562375012713
1.4 0.003682997146276083 4.608055585524674 -11.0113256678517
1.41 0.0035116931123553062 4.603054171036021 -11.007303365915675
1.42 0.0033485245406506894 4.598305388020691 -11.00348447213289
1.43 0.0031930619983982834 4.593796420664567 -10.999858578115735
1.44 0.003044936684102055 4.589515104941398 -10.996415823152354
1.45 0.002903788474120743 4.585449896317151 -10.993146862809741
1.46 0.0027692614089314077 4.581589838285197 -10.99004284242741
1.47 0.0026410389228516814 4.577924532327913 -10.987095368026278
1.48 0.002518829351685687 4.5744441097068105 -10.984296479767288
1.49 0.0024023395162180838 4.571139204474086 -10.98163863042485
1.5 0.0022912884970165796 4.568000927585302 -10.979114663684985
1.51 0.00218541931426744 4.565020842532597 -10.976717791637583
1.52 0.002084485178677134 4.562190942332407 -10.974441575033772
1.53 0.0019882457236741653 4.5595036275285565 -10.972279905554014
1.54 0.0018964771635044293 4.55695168527707 -10.970226987857906
1.55 0.0018089704544215321 4.55452826961767 -10.968277322573847
1.56 0.0017255232535089541 4.55222688272076 -10.966425691246275
1.57 0.0016459420845732773 4.550041357020007 -10.964667141927173
1.58 0.0015700457400577008 4.547965838300044 -10.96299697494467
1.59 0.001497661545772458 4.545994769699412 -10.961410729759123
1.6 0.001428623291041974 4.544122876496722 -10.95990417282956
1.61 0.0013627736677991882 4.542345151667327 -10.958473285808203
1.62 0.0012999641385527268 4.5406568422151565 -10.957114254265377
1.63 0.0012400524955259505 4.539053436208292 -10.955823457283863
1.64 0.0011829029240539748 4.537530650458365 -10.954597457601619
1.65 0.0011283868825335238 4.536084418841696 -10.953432992100392
1.66 0.001076382044175506 4.53471088123429 -10.952326962855736
1.67 0.0010267713560322882 4.533406373007807 -10.951276428756604
1.68 9.79443453713458E-4 4.532167415059547 -10.950278597486562
1.69 9.342926044295848E-4 4.530990704363425 -10.949330817876536
1.7 8.912178958834216E-4 4.529873105008349 -10.948430572722742
1.71 8.501230156023258E-4 4.528811639690275 -10.947575471988902
1.72 8.109163843360519E-4 4.5278034816418895 -10.946763246311253
1.73 7.735107925532021E-4 4.526845946980302 -10.945991740848072
1.74 7.378229767302072E-4 4.525936487445065 -10.945258909478007
1.75 7.037735832269836E-4 4.52507268350611 -10.94456280928112
1.76 6.71287073859162E-4 4.524252237826694 -10.943901595286988
1.77 6.402914044761487E-4 4.523472969061984 -10.943273515508437
1.78 6.107178359477785E-4 4.522732805972666 -10.942676906236983
1.79 5.825008773533843E-4 4.522029781839819 -10.942110187565572
1.8 5.55578112295027E-4 4.521362029166077 -10.941571859140517
1.81 5.298899873745587E-4 4.52072777464705 -10.941060496139993
1.82 5.053797088480021E-4 4.520125334398699 -10.940574745454665
1.83 4.8199314556728924E-4 4.519553109428472 -10.940113322058188
1.84 4.5967866925339704E-4 4.519009581337826 -10.939675005565789
1.85 4.383870236280011E-4 4.518493308242988 -10.939258636971488
1.86 4.1807123992107086E-4 4.5180029209036405 -10.938863115547342
1.87 3.986865292581845E-4 4.51753711904891 -10.938487395899884
1.88 3.8019016141819595E-4 4.5170946678899 -10.938130485179084
1.89 3.625413743168844E-4 4.516674394809954 -10.937791440428033
1.9 3.4570129296814694E-4 4.5162751862226 -10.93746936606616
1.91 3.296328336110501E-4 4.515895984589747 -10.9371634115004
1.92 3.143006149597767E-4 4.51553578559097 -10.936872768858684
1.93 2.9967088586748216E-4 4.515193635436226 -10.936596670837467
1.94 2.8571145084271604E-4 4.514868628315497 -10.9363343886575
1.95 2.7239159252318614E-4 4.51455990397735 -10.936085230124483
1.96 2.5968200381552197E-4 4.514266645430524 -10.93584853778701
1.97 2.475547258941782E-4 4.513988076761741 -10.935623687188027
1.98 2.3598308416550984E-4 4.513723461064245 -10.935410085204431
1.99 2.249416270273948E-4 4.513472098471439 -10.935207168470534
2.0 2.144060710199548E-4 4.513233324289601 -10.935014401881666
2.01 2.043532475975686E-4 4.513006507225356 -10.93483127717299
2.02 1.9476105028553653E-4 4.512791047703125 -10.934657311569719
2.03 1.8560838565513215E-4 4.512586376267095 -10.934492046506154
2.04 1.7687512761793695E-4 4.512391952064384 -10.934335046408986
2.05 1.6854207260234806E-4 4.512207261404818 -10.934185897541731
2.06 1.6059089651288377E-4 4.512031816393332 -10.93404420690796
2.07 1.5300411465557083E-4 4.511865153631639 -10.9339096012094
2.08 1.4576504343063407E-4 4.511706832985496 -10.93378172585652
2.09 1.3885776317449315E-4 4.511556436413997 -10.933660244029209
2.1 1.3226708299052308E-4 4.51141356685811 -10.933544835784645
2.11 1.2597850756175777E-4 4.511277847185326 -10.933435197210127
2.12 1.1997820520252454E-4 4.511148919187548 -10.933331039618245
2.13 1.1425297723754592E-4 4.5110264426293725 -10.933232088783154
2.14 1.087902290530921E-4 4.510910094344595 -10.933138084214725
2.15 1.0357794250215968E-4 4.510799567378143 -10.93304877846941
2.16 9.860464940118939E-5 4.51069457017131 -10.932963936495781
2.17 9.385940629195732E-5 4.510594825787983 -10.932883335012995
2.18 8.933177047714875E-5 4.5105000711799335 -10.932806761920475
2.19 8.501177709370483E-5 4.5104100564890075 -10.932734015737246
2.2 8.088991718382566E-5 4.510324544384723 -10.93266490506944
2.21 7.695711683818854E-5 4.510243309434863 -10.93259924810462
2.22 7.32047173152653E-5 4.510166137508037 -10.932536872131443
2.23 6.962445602318655E-5 4.510092825206229 -10.932477613083496
2.24 6.620844837862332E-5 4.510023179325877 -10.932421315105927
2.25 6.294917053228798E-5 4.509957016346135 -10.932367830143974
2.26 5.983944287131115E-5 4.509894161942789 -10.932317017552172
2.27 5.687241426017608E-5 4.509834450526569 -10.93226874372322
2.28 5.404154701915182E-5 4.509777724805062 -10.93222288173499
2.29 5.1340602598757785E-5 4.509723835366174 -10.932179311015982
2.3 4.876362789735731E-5 4.509672640282808 -10.932137917027084
2.31 4.630494220323679E-5 4.509624004737347 -10.932098590959388
2.32 4.395912474463264E-5 4.5095778006650775 -10.932061229447285
2.33 4.1721002806654014E-5 4.509533906415385 -10.932025734295806
2.34 3.958564038694197E-5 4.5094922064300675 -10.931992012221855
2.35 3.75483273729905E-5 4.509452590937954 -10.931959974607928
2.36 3.560456921748891E-5 4.509414955664596 -10.931929537268864
2.37 3.375007708230528E-5 4.509379201556612 -10.931900620229857
2.38 3.198075843256558E-5 4.509345234520154 -10.931873147515532
2.39 3.029270806345619E-5 4.509312965172086 -10.931847046949912
2.4 2.8682199536496058E-5 4.509282308603829 -10.931822249966302
2.41 2.7145677005229372E-5 4.509253184157345 -10.931798691426355
2.42 2.567974741619356E-5 4.509225515211924 -10.93177630944875
2.43 2.4281173066630295E-5 4.509199228981828 -10.931755045246128
2.44 2.294686450178816E-5 4.509174256324243 -10.931734842970247
2.45 2.1673873735262368E-5 4.509150531556671 -10.931715649564978
2.46 2.0459387781181483E-5 4.509127992283631 -10.931697414626491
2.47 1.9300722481324182E-5 4.50910657923189 -10.93168009027075
2.48 1.8195316614466034E-5 4.5090862360942054 -10.93166363100719
2.49 1.7140726273624755E-5 4.509066909380593 -10.931647993619222
2.5 1.6134619500918844E-5 4.509048548277384 -10.931633137050333
