345.5668458381048 -291.1606823590773 -1754.1491770694506
365.0151924675976 -291.90538891370466 -783.5066425386117
223.8911447533173 -237.6662803111884 -158.59535253426316
41.450324052419106 -200.16552978034952 -512.5383739483169
60.98267396065761 -171.1075850287358 -1018.6490588563402
458.7660015442511 -50.80665493608194 -856.1704553132188
607.8779094399438 82.26886426847102 -525.9067413129515
157.42826431728207 102.20424243996719 -663.7399580080938
-40.11000225806377 102.49005970251801 -901.6777833150513
369.6494986707316 161.15769477075048 -833.4711184775045
582.8792027377267 206.1408663321629 -733.4671681491045
135.73613691156478 149.74917122685838 -906.271095572535
10.991290367860202 137.93417977019828 -974.7109774473017
333.5920860745778 131.04161716924523 -952.7426289272967
420.7246426951067 166.0534150956039 -889.401505401537
99.56595681744673 209.57919340979458 -914.7139733691745
18.15422179888421 251.2366754035611 -980.1814736393766
256.98472641912053 301.7931692401987 -986.9509564688173
370.6393152951531 349.53848431968026 -975.8261874757324
198.6009031596092 383.11019695569826 -1002.0685598619394
157.35963911859386 380.529294901919 -1089.745432685092
237.53875384022294 388.1830988990487 -1108.731100474145
269.15509665696777 411.5084605353303 -1083.355725818862
174.9581825516311 456.9902697367922 -1060.1350861143287
8.716058125800563 496.1435469638076 -1106.3329165139635
93.01505706794555 529.6621971356075 -1151.5575956742907
223.4912492774271 558.9356888651054 -1160.6332837061473
227.80218627031616 569.6569033904808 -1185.6105284552855
177.5061169066927 588.2558032416796 -1185.4140881530384
152.0700927165952 625.4903793924171 -1176.2458595542569
164.37482253615076 659.0205498380897 -1200.7858751383083
176.93164806247273 690.2054249999168 -1230.076522292265
156.34699815772535 717.9434409243868 -1245.6293043148748
-10.875929749673553 753.7777047730289 -1232.4598025389832
19.659313533085253 784.2302950831481 -1246.0247707972626
231.40866217082782 781.0831146107233 -1325.592621745173
195.8281987433219 789.6185965375935 -1335.325218195962
19.783460257482012 810.1256711847071 -1305.1653799963246
21.12244365360616 839.5560097122257 -1298.982381826761
162.82299724958648 871.5971127058708 -1324.650325207699
207.9952610433744 908.9380407819192 -1332.2639221269837
150.36368136128965 954.6034596735353 -1313.3739249501275
100.56949091522549 986.3805538368098 -1327.2184974738366
69.85429070245908 998.2301113203818 -1372.1922800499442
130.7519921683431 991.5244890906649 -1410.9872084114982
180.30115449510942 992.5055116399051 -1403.0680854600064
144.70483495659047 1005.14739449153 -1385.2429970458502
105.37471489178829 1025.8144453944597 -1389.7166885684696
133.08695942744197 1048.492539817829 -1408.2402495404267
163.36970605723366 1073.9878720839613 -1408.9989679069959
163.24885256161048 1089.4184021822184 -1421.752780104839
-55.64177352558208 1104.0812019768255 -1424.460748316534
-743.221621494572 1114.6372326282262 -1427.4578453121478
32.40319258456692 1113.5716543130059 -1471.4729010019312
699.6857355097641 1109.1005956983936 -1488.7373748144482
150.66075239240752 1110.8595498397021 -1468.015501154838
-479.48724823150604 1124.3367661679572 -1447.9209355605603
2.2137461418236803 1161.9439171597178 -1433.0583233466855
443.36275196919075 1186.1522859415174 -1459.7245608048581
59.02209861339269 1190.3006349238153 -1488.7136083201112
-356.23614931300176 1188.0494585599877 -1491.5199187547755
-95.02111955291825 1190.0468578890154 -1481.4558192454542
276.15176365955006 1195.739189681575 -1480.2255835619603
98.40476313886626 1200.8225290573905 -1487.643754630099
-238.46753633731788 1204.6607076174355 -1493.4333925358346
-137.36873901628144 1208.5507256292517 -1494.787537649458
149.86718063039194 1211.651214512841 -1494.8742499684186
94.01353778510368 1212.513378042388 -1495.725157392158
-158.65606880705263 1212.1109123324204 -1497.8098917037387
-147.74654569267742 1212.0659795574084 -1501.0691022663636
59.500973579489354 1211.818404953533 -1503.9809491833012
71.02491679469969 1209.379962720689 -1506.2843768481216
-68.17317869163064 1188.4194770452439 -1534.8666085223429
-97.2636638986668 1165.169246733697 -1552.1710943646738
9.729332878125607 1150.0214451105962 -1545.9041777475236
45.362337122935024 1142.668829742206 -1535.6193804279883
21.567632593834098 1140.494955362854 -1535.9946199455976
-40.270731920220015 1138.365181169192 -1544.174020058122
-50.99533503853948 1134.1633564605047 -1549.1553602758045
-19.283099962594807 1127.999689583703 -1548.4066117529237
-3.53917441076268 1120.9856813647434 -1547.131895143714
-19.7655099911187 1113.6249748366113 -1549.1470669185503
-37.5763146552488 1105.6198722420163 -1553.1304139713598
-35.946575754916 1096.6714695511114 -1556.1903410584678
-26.110058490914632 1086.9528260509753 -1557.7475027123455
-60.56138525423083 1060.5217520865294 -1585.9389091148657
-103.9439909152684 1021.6331379896814 -1619.4614032189136
-97.59640710228945 991.309172424124 -1620.8624401862082
-70.98035773362321 972.6531108755411 -1606.029742055597
-65.31136330559129 962.7736429585809 -1602.69300700989
-80.82607118256591 956.1654813245468 -1613.0117986875448
-90.83073708906709 948.4452161233037 -1621.800574533232
-85.57174140987556 938.6284624187624 -1622.1338093532722
-78.13297296746514 927.9531470653524 -1620.495394194137
-79.32774806913012 917.3645548321474 -1623.5323046592853
-84.89723276490557 906.6596359735257 -1629.8563429846524
-86.54877568141318 895.3840751379971 -1634.851143689211
-83.95456491428699 883.6166868726281 -1637.5076791051413
-73.6173763638337 874.5757898584117 -1634.6576005443935
-34.42810046546785 879.3092171396211 -1614.7666382556026
-38.39911549985753 881.8700739048069 -1612.3803242780355
-74.40502698320195 877.0351024908507 -1627.4748382433302
-75.73826044613541 865.5455783642907 -1639.3699181561417
-45.675932053161894 850.5997400430232 -1640.146056337528
-42.57932711071666 835.436987755358 -1639.1961350719698
-69.23202527128858 821.4748731976584 -1644.4405229199078
-64.94109038915008 808.457530761828 -1652.6358609785418
-42.89712973329918 795.3999920718502 -1658.2811764082805
-43.33401365610556 782.117518698513 -1661.1952395804153
-56.70892512658065 769.0481279345107 -1664.5707553302102
-60.13976262407018 756.2765759746526 -1669.9160450827221
-51.769021814818686 743.5493898174173 -1675.7708240000825
-45.612060430612054 730.6979551363213 -1680.6028971863896
-47.735080238063276 717.7912166810074 -1684.7517682683133
-51.25752086278912 704.9285133957994 -1689.3247849790428
-49.90207319944151 692.0706640702434 -1694.527435411004
-45.91611516041705 679.1151970765696 -1699.727951516401
-44.114503938912364 666.0357912497261 -1704.5504981694037
-44.718160308361846 652.8848904622464 -1709.2512496044776
-44.706128151867915 639.7004494341019 -1714.1615823073764
-42.89581011902133 626.464054468201 -1719.2359046233819
-40.82860474975747 613.1419447842035 -1724.237966112554
-39.79976811480268 599.7272497791073 -1729.1023815081985
45.509743755117185 593.1631934612369 -1716.1726576558679
-14.243752720355108 575.54242870971 -1746.1929456468183
-137.89412998485406 558.8224769044103 -1757.9722821202993
-95.97427723312346 542.8221596424265 -1749.8708845627675
16.668684722039306 529.059286005662 -1745.5604478200826
-10.380323524049606 516.7595188829921 -1755.4046064087458
-111.43380066041486 503.89456766104956 -1767.8698944469318
5.935745704774287 490.7205844833129 -1770.2689469945199
33.06698455285834 476.44695585233876 -1770.7307590156063
-56.12373459427778 469.7448785179859 -1757.2725151525858
-58.38440909948173 451.47104835912444 -1790.9694839611134
-17.420651392736076 435.01356229036503 -1802.4464318491696
-0.4366565907684694 418.88710937989515 -1792.1183095419478
-19.62714448915048 405.05929928933426 -1786.9039732785907
-35.40662688911678 393.18257106891963 -1797.076080361819
-26.487623485278444 380.75842505278956 -1809.7954752397882
-11.486331812306517 366.6830968059287 -1813.83534667777
-10.547442972829446 352.10754060415184 -1813.0257983325394
-58.90673035807398 320.50245535330646 -1848.4009231980635
-128.32471409668838 264.25413475443804 -1915.7191628512749
-106.6195039271789 217.53254586926118 -1928.882132694625
-46.97304993657864 188.2511265927178 -1900.4953899037246
-57.81477166872051 175.23499671298737 -1887.417236928428
-108.36026498438733 170.28586406809154 -1903.8304988234954
-99.3124879245276 164.15761626682013 -1920.718916257762
-50.31667272979185 153.66361818578866 -1919.6566937783998
-51.58273572347563 141.36337025547618 -1912.3942812807115
-92.60225650809222 129.8997180647632 -1914.4292340936531
-91.91321701187056 118.98440389146003 -1923.7901133322312
-52.5560687974623 107.24235584056885 -1930.1624299799514
-47.60103900644866 94.61090646020409 -1931.0779909593734
-79.94998217270246 82.07551829812587 -1931.8592933278467
-130.1452811820059 81.95309620838032 -1912.6490041658074
-97.76325170733597 92.51232789864616 -1889.209650072985
-77.18776776502366 96.71042745402758 -1895.1635934996248
-89.67346400032744 91.4202033407463 -1914.3377058173173
-105.56765022231306 78.25994621406096 -1921.6668839669992
-100.79991018948478 62.20374503207893 -1917.3953361149997
-87.11634217639009 47.72213057080421 -1916.4122807362105
-84.42117533947767 35.64717571464371 -1923.5419851985469
-91.41299227288555 24.33456117891808 -1931.223672878879
-94.35827007446481 12.758682029243573 -1933.8386627563154
-58.912350112795345 10.61936612302361 -1914.195187174208
-1.8607206538780174 25.947573906535126 -1879.0072777484922
-31.25393613102593 36.64433174229487 -1880.943770046848
-84.91362130895776 36.5309503685296 -1905.5652849160153
-60.9482248911488 26.07727446807928 -1916.5443840725516
-9.798811676858428 11.092413598134954 -1909.5898468182427
-27.82586760456212 -2.2501573747746306 -1905.38460662097
-75.03950701602584 -12.439746363739346 -1913.197171712433
-60.82119403321069 -21.658401116724235 -1922.9883181348127
-16.062021571667458 -31.492707834743786 -1925.6764461374587
-25.621349343418476 -41.386452491778414 -1924.6107571143511
-66.54378951051073 -50.4581102674706 -1926.5487883072296
-44.90194124623134 -64.69271635701546 -1943.6354631460163
79.70122142396077 -116.669038487629 -2025.922252158594
75.36837140306882 -169.57881917122108 -2065.294862355067
7.730828977782281 -204.8423774698449 -2035.844265592921
-16.698095334107197 -231.0394651055958 -2031.4170936374153
-86.75094760085607 -280.0500151572294 -2125.447097237405
-80.0249914498731 -321.54819556168945 -2171.8181062896847
-17.21724905086007 -348.58495831841196 -2134.0367746537227
-17.993862362092397 -356.9157694302305 -2092.760825935329
-74.65484588743077 -351.1186588395532 -2101.1767486588797
-76.39988919636006 -344.297607773214 -2128.453477450485
-23.703230379788845 -344.70349699930125 -2131.069025166852
-18.625863042442266 -349.6843147144091 -2113.7853418524346
-66.75773743647376 -353.467492224695 -2105.7338760195066
-74.40408800889239 -355.2686621501522 -2113.804109370676
-30.830838475746773 -358.1148394969347 -2122.0003163663037
-21.61384911333372 -363.0733214617976 -2120.3531580802705
-61.69712517283807 -368.7012206216167 -2115.3877996282945
-73.23434226036429 -373.6166168867072 -2115.5721340855393
-37.942947010654315 -378.15705015304957 -2119.90341655067
-26.477710401725112 -383.28716828139875 -2122.8258118400236
-59.68657258858853 -389.1382943140087 -2122.8389220820177
-73.56368197920807 -395.2462428083692 -2122.7852528244994
-45.28135418690862 -401.42078786949753 -2124.812170843029
-32.64840552260117 -407.93687677073365 -2128.0832071125387
-59.94848506229222 -415.12386814154917 -2130.8174031968365
-75.11862322543931 -423.02717363064346 -2132.7450559129347
-52.853991508728384 -431.4426090323309 -2135.0288708027065
-39.88744690460372 -440.1983920700303 -2138.4324465716986
-16.102472717595127 -438.97016341631456 -2116.72917264746
70.34905301098765 -418.6942832736662 -2073.191589742258
51.65921051193928 -404.0416683548642 -2074.95516553756
-33.237062701099994 -402.5559839154625 -2105.90429039037
-39.419139459561656 -418.8629839697455 -2130.166472908641
-143.4708262841247 -485.3179933128615 -2218.1000577941745
-216.2590587922253 -550.9276684433217 -2253.1229969152023
-203.92113034033156 -578.3397874444773 -2191.614542651372
61.03883534394006 -622.6273759308043 -2239.2355163014345
98.51545406434542 -660.0971138379919 -2317.8264903868494
-152.22125019399346 -687.759886029653 -2322.447325938093
-203.83347276089648 -705.393175329263 -2276.5945616684035
22.91542308363731 -710.0397820909877 -2258.2636649713804
75.0854655308289 -706.8373087850688 -2282.182292702224
-142.02677789557526 -706.6526224802061 -2302.828419060212
-207.90975066281194 -714.1310796024669 -2294.266836087857
-14.826599891653858 -724.1216621127933 -2278.227768400143
47.50405553268804 -730.6995944115613 -2280.010674510464
-139.26315157652914 -735.0869257737713 -2293.0612829267006
-214.29687498366434 -741.9452179763653 -2297.463492070193
-50.425896910486486 -751.4072970026576 -2291.4055728074345
18.98344860870371 -759.6005455874177 -2288.257178253588
-140.09288880748093 -765.4482064751988 -2293.0567978297845
-220.00520096475017 -771.8742990211069 -2297.832869511289
-297.9413109624823 -805.2222992098734 -2361.0711606525215
-248.91575314636594 -857.3328707885963 -2407.1789133129682
-78.40233624805792 -881.2119003670915 -2362.197730250557
-116.61369040862125 -884.5370652788631 -2321.5481177605925
-275.3879971080142 -875.8191726436593 -2335.009807238286
-239.0793743328068 -870.2637298075899 -2361.14838060157
-78.91220889574168 -874.311644451069 -2357.434433180998
-97.25169530219513 -881.5070106825829 -2337.9959546913296
-239.05357448927356 -885.5641655809876 -2332.6240198000646
-212.64667459966137 -888.8456048092053 -2342.7209346116483
125.34734702292549 -934.6600976703456 -2437.106022126798
204.66041989922687 -1003.6121234433892 -2525.8001268844055
-696.0317316126742 -1095.974626177494 -2611.0348468091615
-545.6719987169512 -1178.4200231685559 -2600.320968418579
100.73964748547272 -1213.8349735115385 -2537.684353978413
146.54387525454894 -1202.334808252985 -2512.293233902838
-209.55835358004828 -1146.0962877982438 -2473.43406561491
-323.48619061615346 -1074.1530187453209 -2401.7827219157793
-45.11115200198979 -1014.9430427999562 -2365.1014404197213
80.38944000402171 -982.006227236667 -2383.23043467183
-175.6184454097376 -971.5673466225637 -2403.7949405409977
-351.32596144801465 -988.2238015846667 -2425.5595358279434
-347.8047816071683 -1056.251084624691 -2520.7441612796442
-200.87681862882013 -1116.3244115287796 -2541.1839467363607
-192.18513629282396 -1144.4661326732585 -2486.5169413555323
-325.2014020527039 -1138.4660965798332 -2448.293245881672
-329.63114344477407 -1115.132922577402 -2457.813135314488
-185.95033160477615 -1092.4532662569675 -2461.30169410236
-137.20657650274416 -1057.0042642986978 -2393.858234378072
62.90603814637419 -1069.1297472726546 -2462.047617860392
19.39539665835044 -1111.2454738933764 -2591.529789260605
-372.29019974975296 -1191.5938936432012 -2677.430916318393
-343.17124308146816 -1252.1641446589626 -2610.837508500303
38.64398771405098 -1265.9753622607896 -2521.9616469942353
24.4804449062741 -1232.7416184286476 -2525.2793641113412
-339.3918676181795 -1186.7319998119542 -2567.208589500112
-331.12318709934254 -1160.4860588884235 -2552.2801873265166
-26.596105739611357 -1136.4765601648942 -2461.034587522022
-123.81491207266171 -1077.4163341584142 -2368.8304590472953
-493.34885766706645 -1029.6740968721706 -2427.7391593604134
-480.4673189479858 -1024.3021656357598 -2517.9240269644865
-112.46128583102477 -1042.2758616528681 -2490.7884495051035
-106.95064713186486 -1047.4567039248227 -2412.679213265214
-320.6943739905022 -1056.6210304267543 -2472.745936884486
-170.26797290813357 -1092.9095797148136 -2596.1745413976446
43.28691121112893 -1124.0790357848596 -2585.361367115233
-96.25017594478757 -1128.2548461777253 -2490.02125339306
-423.14062487960547 -1123.3953285924513 -2523.853795783921
-489.5555016677311 -1148.6037376111112 -2656.193799822404
-130.58830393282594 -1170.2594439233849 -2621.8523812075036
81.31294212742723 -1138.6923420877793 -2427.826454652546
-265.7993883356879 -1075.6135952880186 -2426.0605628439434
-473.4400918597604 -1018.9218547930068 -2500.766368430334
-134.8462880698831 -1001.850788726486 -2494.1283688396966
79.31770191084375 -999.5140319907136 -2421.926854013208
-243.23734266703534 -980.9371647821763 -2390.560432782074
-595.5697958125961 -982.406937529845 -2497.217287057012
-475.36979928180403 -1025.8440459215024 -2576.3931558760332
-107.90042215349516 -1071.0070102890513 -2534.22069610469
-76.66168212545621 -1108.8877734042057 -2524.159121316671
-420.83926147202806 -1103.917054352337 -2523.5439404581684
-330.9889229853136 -1062.1677663344542 -2439.191282096651
41.5435565835609 -1013.6662910361594 -2380.1974167572125
-38.71825965545472 -964.4340360912196 -2392.444424329163
-403.98075586662196 -930.4084427921566 -2410.386302215137
-332.5888117260534 -924.992247923484 -2377.8101301030574
-82.90590482030291 -947.6697784807442 -2398.501908240007
-335.3228962817312 -990.2306053962207 -2498.019461154435
-583.0997476542788 -1023.3496563047595 -2500.170800980932
-336.880990024322 -1044.3676417428094 -2411.7886619109895
-138.8638101824724 -1031.9339841885976 -2359.818879149529
-806.5590131065026 -973.9519789253847 -2368.335057425597
-566.9842702466287 -955.8942852689256 -2380.1257069839467
89.92288611188394 -962.5950778714554 -2347.4459679582083
-129.51630678488257 -948.4321150151231 -2310.150514687166
-668.8308702334522 -900.0969875042132 -2240.071725920778
-426.0002490754955 -862.9768102836265 -2199.5745736221297
100.58297879524503 -843.4172784215832 -2205.958819830336
-213.58346523913326 -840.5367399792141 -2288.1778890647197
-833.8057419903811 -885.139048719452 -2381.1676560952933
-534.5340521935427 -951.51688868782 -2331.7825290475726
75.77204255898363 -989.8021677987856 -2240.4360423903922
-211.05460093888252 -963.7504941905206 -2242.255022361448
-817.9981663332114 -919.6406456310058 -2286.347471112151
-550.1790053743472 -915.6147395638214 -2262.514725212661
46.408610534034445 -928.6382253601033 -2199.404279386954
-210.3131034157224 -910.0806493232483 -2187.9866716058414
-805.4075100678393 -880.1528261587066 -2211.8254385589607
-569.91293702509 -883.7228043146439 -2196.936018446074
12.042154642100124 -900.7072311064235 -2155.2821926745837
-214.73008204859312 -887.0508511483877 -2147.5151438443163
-796.1428107416557 -861.6263305961525 -2161.0430678401826
-591.1451662564992 -867.3324431649121 -2143.8532029551284
-24.42000023574753 -885.5010330433544 -2110.8107110455167
-222.3768336723575 -873.8021145532571 -2108.860550473359
-788.8832020137881 -850.6785822100937 -2120.6463497498617
-612.5029533088444 -858.3588335270065 -2101.764716105947
-61.56049250265472 -878.6113362852888 -2071.3715419725177
-232.15167192930593 -869.2267165374545 -2072.8631276636024
-782.9381985974137 -848.0025433122762 -2086.1129523903087
-650.7300583410558 -845.1736987904468 -2046.3253258958503
-171.2366149709199 -832.7305337039093 -1929.9867402217785
-216.03725221045698 -813.8805577270602 -1959.4686342192701
-685.7428249025199 -794.2954093432775 -2050.2403595551755
-655.6990401900941 -815.0442591133356 -2043.5682005599888
-202.4118229823202 -854.4271834463757 -1969.0703096122775
-232.08599068097246 -858.5022068182014 -1954.630941190274
-685.0804325468074 -837.3746853817465 -2001.5784391983616
-672.8766940573915 -842.251453309828 -2011.2807775818098
-237.79264296964087 -870.0849257621002 -1969.7808924480498
-250.48447618190917 -875.8065085851996 -1952.4540138815282
-686.0015317827406 -861.0076327227034 -1975.8492174393893
-688.1121976502947 -865.5487822775854 -1982.4424538965243
-332.36216818411714 -861.6013572050463 -1890.2969390362755
-372.0125127304996 -831.5275969349045 -1817.092230842583
-725.4572181741015 -794.6680080532076 -1851.6034719165475
-698.6760542031778 -793.5516432998213 -1898.9158011885365
-339.5964273392416 -829.3389561430331 -1879.4527182800634
-280.34365063362986 -869.8137856396215 -1897.1184772289716
-630.1761625573521 -886.8975149052716 -1939.6516770417093
-707.6510376257028 -908.1157242854232 -1936.516299501534
-380.5929632121874 -936.9862586193278 -1897.4216427395872
-310.15812195574364 -943.5149849038993 -1888.6010146328047
-651.2679069883865 -913.2991698092496 -1889.4062443210657
-811.160787885572 -882.1838848886898 -1813.8603763285844
-489.17685905267126 -879.4525349348703 -1770.135394047081
-334.3211848185978 -876.8688440439831 -1803.6212122598627
-651.7478375799124 -868.9227106039965 -1848.3092207670638
-817.7427162632522 -882.6584476192068 -1833.3471811128989
-523.2286728539704 -916.0306026090126 -1787.5122417526513
-357.31854958253706 -933.1325078709085 -1777.4980477290114
-581.7090834567296 -937.4735303434534 -1831.5261323700938
-726.0019043847788 -957.1787192454906 -1910.6231058102805
-533.0652614775566 -985.271423279741 -1856.5153254061784
-471.00928773216924 -978.1789320766165 -1715.4417198564786
-671.5176560474134 -942.4555112342858 -1698.948967555971
-747.048305166107 -917.6594516814163 -1773.3924630084275
-561.4941048915157 -929.4304364308914 -1793.162584107151
-491.2917351701296 -951.3940660374942 -1745.5627502168625
-604.9142958113496 -930.6688102378757 -1647.3271174541537
-624.9797136669777 -882.5454921732501 -1576.5451209146163
-532.8128407835919 -848.6554150987757 -1602.2419993874237
-524.5596515580875 -838.1994958870109 -1647.5830698639627
-621.0653684159606 -848.2035672417254 -1640.4642898847044
-618.4861649068729 -862.5476065160598 -1577.0062786860706
-539.5025860037616 -870.025900298188 -1556.2648719083681
-553.6694456941582 -867.107863266412 -1589.3608989237862
-641.4819315322528 -867.4437830096338 -1609.9786115220381
-655.9624719865376 -882.0072723457173 -1590.6672156904378
-695.055691596922 -912.2028228566137 -1609.1739471948686
-716.2424742437868 -939.0827997737006 -1634.904989699244
-690.3504250421299 -958.8982913761868 -1625.6861116528398
-680.2359124668201 -968.3605851753185 -1598.9631689612693
-716.0246545079651 -967.3061325587184 -1587.965498500914
-737.2367595998064 -964.4281111773267 -1591.1368196530161
-707.9103074654291 -959.3663123175133 -1582.896463895942
-751.5869178172529 -938.6664476107143 -1512.3413531294004
-789.7953756071274 -920.3540568455537 -1479.3515166039483
-754.9497454959386 -911.5533152382227 -1498.0449278159824
-668.345588426309 -926.0601925482348 -1532.204897730054
-669.9774687299076 -951.6555467232735 -1560.78231534849
-760.4941477322313 -971.2842873433658 -1545.366708947249
-771.116871989701 -984.538812745228 -1512.9145582867309
-694.7675345665605 -989.9392155880093 -1501.5223900419273
-690.5404969898576 -986.2209607679517 -1511.130033898489
-770.0886417442821 -981.220597439787 -1513.0258794246743
-783.2605438032214 -983.9577049987723 -1494.1241785881944
-707.5145914685165 -985.0276197235531 -1471.990824963143
-749.8348937848043 -963.239494128203 -1418.5375929318411
-830.6125998254643 -941.0460274072108 -1400.9002561020268
-796.8888516883687 -933.3341701533016 -1414.5221203402868
-721.8514753956296 -938.1655281251255 -1419.3555394940204
-755.1189032402128 -943.1945989339141 -1406.1137154889636
-615.4483847489711 -966.3093518925335 -1403.1431900921375
-630.587984211175 -973.225034332188 -1406.72461298486
-831.4817514891004 -964.358568496948 -1394.3357288609805
-843.9823407211655 -973.8951541415021 -1402.0295750732002
-678.2356709569015 -992.673244023763 -1407.8719687941543
-668.0830493232115 -999.1613390909748 -1400.13668756783
-814.854450794602 -994.7035786362335 -1389.0693421862466
-767.9843193760671 -995.6270933838596 -1377.4685592962398
-737.1011979010689 -978.9619616807245 -1319.5028220120976
-762.32530873666 -960.6089630941028 -1297.7811731820311
-794.537800991284 -948.2949446275769 -1315.8288883384728
-786.3150050300227 -947.8304616710176 -1322.9537708243556
-760.6202312448485 -954.3734671510152 -1303.1316018982152
-761.1273945744301 -957.6399551502845 -1284.2186786780019
-781.1447202862088 -955.8106397533807 -1282.7345809481726
-789.3674148978303 -953.3203731356822 -1284.0792048268313
-778.890361777611 -952.9113092230546 -1274.2795006020913
-771.4391592971381 -952.7110923223603 -1259.961216255583
-778.6770400724486 -950.8414370723273 -1252.048599991049
-794.5870413793266 -947.0762189206994 -1241.157141211211
-791.3092561137613 -952.2053543616239 -1254.0246436955017
-755.7316843151441 -955.7366508123266 -1257.2622015937895
-778.4971217246461 -948.7227678726383 -1218.2244341961734
-811.9586488387487 -939.0884843321601 -1192.3737903964238
-809.3312114024975 -930.4674147333003 -1194.975249697734
-786.5825382106628 -926.4168534483731 -1200.6172592048615
-729.1085285180188 -905.7554502913945 -1143.96573440402
-677.1977194957923 -870.0425009903512 -1067.212377608513
-712.1345085137332 -839.2258287476295 -1063.8223134794343
-775.1243642601669 -825.7695300147105 -1088.0809131779401
-776.3985801547158 -831.4272831125891 -1083.9111408930435
-737.6403869706039 -844.575930846645 -1055.3166770146304
-735.880501486994 -851.1024336453943 -1041.4063415164064
-779.414671537193 -848.7403363379541 -1040.0551593485475
-805.3354216362152 -847.3699071761588 -1025.463329153169
-779.1426088639408 -845.7916294248946 -1016.0543274703571
-803.2558565137915 -834.7155905114078 -961.4726600591085
-860.0103562061001 -826.8210491414862 -916.0525075117575
-902.590540854522 -832.2168610872184 -940.1950370238765
-916.5018229668576 -866.9501320049022 -1033.9028960179419
-888.2307772867115 -910.7844400453047 -1067.598255064688
-870.4697192251576 -945.699202146386 -1028.714241023536
-893.0758138256323 -961.0006293251415 -1002.0042900665161
-923.0244104086528 -962.6674396492518 -1021.2391441882928
-925.5018539610038 -965.225788448052 -1045.4138932703927
-874.5688161723741 -982.1430749504145 -1068.4031543421925
-906.8902439081671 -984.0772392428221 -1019.9939074693275
-970.6827283019416 -980.0009430384195 -983.2953874521877
-951.3222404414191 -939.5514800552718 -914.1243622418925
-795.2836972097898 -896.4396440359224 -865.6394009247847
-801.6403429951158 -873.039569416747 -919.4379469959201
-928.4590786962266 -879.4574893433803 -998.8631027530204
-865.3045806483918 -917.2724863335446 -986.7101017475476
-811.4946153725277 -939.0604710448258 -896.3976693155473
-869.7328151999974 -948.7633669291995 -888.0962749047328
-1118.6514205092913 -963.5217695259968 -941.8684576493063
-1100.8707133165262 -1028.524425671833 -1090.694147841731
-810.1375915952768 -1065.441191502856 -1045.4844952517205
-705.9878233309291 -1041.0935787471942 -830.340998055874
-880.1666357763338 -994.8186719737606 -798.6195923033179
-3909.0804478572495 919.6552351566822 2084.8822286032487
-1042.289710826747 -25.420262185136266 -520.2207340550302
-653.0214015828051 320.956303054416 -685.0120274745918
-1085.561578180645 -36.781599401081166 -545.2369874547003
-1522.3764975715958 -390.995748411882 -411.9316775077663
-1507.3955031785324 -463.5479989618574 -300.7222416881916
-1309.501344823012 -372.74871837752244 -266.7134857962594
-1251.3213362947795 -285.9274126395661 -341.2720570243266
-1323.621689151242 -270.1518179409135 -424.367887931325
-1371.4496404611155 -302.0093930862089 -421.21440944953287
-1340.678398076056 -330.73293752032384 -357.3564232164017
-1321.2094818424625 -335.9308002428918 -335.60000953155367
-1347.8402286745172 -332.6339118583377 -364.34080048277195
-1319.1484678350473 -395.4659660437443 -252.05184966903715
-1378.5741689434694 -365.42938501582967 -346.3966396774154
-1245.1727174299522 -294.6252557256912 -337.66354152589884
-1058.57365869519 -251.84403844548342 -242.78584194792785
-1085.2948606661705 -258.6302169828514 -257.0311214865484
-1381.4406891807707 -319.2927014645619 -424.6666389541076
-1520.5020290340433 -374.7244131543681 -466.69505703217595
-1418.189892145696 -396.756285585127 -348.7696115774952
-1314.804379762231 -386.44613823620944 -276.3018204899481
-1329.3966553828795 -360.54913288992907 -330.11233829505215
-1192.407080654867 -306.2756885502438 -293.509697698191
-1084.8770989138502 -278.73229799020294 -242.0361954202832
-1124.349764875916 -284.13719246081826 -271.50426532571714
-1142.5592400861362 -305.8394545266197 -257.40924929333886
-1533.6211283795187 -387.4021082118162 -490.79639922812385
-1584.4548969929483 -431.0393799006107 -476.1536799708211
-1173.9357130846174 -382.5674375629262 -178.5952850352146
-972.0901312744345 -320.42994825118853 -90.29045613829112
-1133.8912597788476 -298.9636765843784 -277.5628517955653
-1333.0992149623455 -336.5048602505283 -410.8509557026352
-1385.166172466308 -391.22950905564835 -379.4957829970968
-1208.6637185956395 -394.1075946315209 -210.75752022035485
-1127.6676089244208 -373.6667470698052 -168.88698584480719
-1229.990446657645 -366.6830373128249 -284.7376800574608
-1212.8144611896196 -322.88211075524487 -189.3895770943743
-1167.4512919591252 -341.26859024574685 -235.58612724713157
-1246.4592547374575 -367.3834410712118 -276.602034840181
-1290.067836365081 -387.66810954996345 -292.9566530408323
-977.4621634117153 -327.9712568588167 -75.47278965546411
-1091.5027500877538 -351.91098559735684 -155.93141992724213
-1364.9567146120046 -399.0255967622858 -370.9237448367731
-1121.3658098306878 -353.62793250335756 -196.5521899847289
-987.1039855833175 -345.6478247304773 -67.42042425521788
-1158.696444069296 -372.3544261994505 -213.5902071509577
-1144.290522069471 -356.2847327423668 -233.93727273941067
-1040.7754673265001 -341.8816583288731 -148.23068183098087
-1058.9968964497932 -351.5532485756978 -156.54747994780394
-1140.135978347283 -369.86761808229573 -224.7136994515131
-967.7643036569306 -319.6951952740079 -120.33487584275804
-1009.3697865893713 -334.48540329651166 -147.57027930720312
-915.9389357209568 -295.00131038282973 -114.37130948785068
-892.1646733196199 -271.1502197828253 -137.1231828279207
-1193.8355685751544 -367.39271434015563 -342.7967354012651
-837.8241856024238 -351.5536113034301 -398.21687684771234
-1442.1636146539229 -422.48345129287657 1656.595463468946
238.82629979660487 -765.0183552656388 -2345.573193177799
-566.2853376506175 -538.3355641010468 395.9210399828095
341.0155067278039 -188.2096906096109 699.9956411545583
-289.41619038586174 -220.70037697837108 -51.72373035357226
-2482.7630892677716 -239.32014139560917 428.4968312894932
-2172.138008629445 -252.98713070455392 -133.21946835695542
899.4632253547836 -1481.4924486847758 382.5789568202964
-308.3234811191129 -485.23098046572954 109.15086345036684
-1808.4558927237144 43.01641833222902 -86.10521882687294
-685.115999481067 -652.4594916643167 -34.74116946676986
3024.6376327924804 2222.9137579349613 -579.6962142451179
241.4516515505832 299.13249695660227 -149.07838385788352
-679.7683752382308 -382.566490733538 20.962295596405056
1107.7839285058665 876.8001532097003 -176.1018712493012
-388.451268270845 -115.70399716823943 -140.25160877807252
-219.69668239068773 -42.031992009015084 -64.1137159202998
873.9020753059256 700.5385734740344 -126.26794248795647
-398.47584849129146 -147.2230032803168 -87.87023139106509
536.0864275734483 482.76692069187277 -131.41233182274448
-37.77613990704643 105.60956544964029 -124.97603861163498
143.9270927987754 216.4033746423399 -108.93551612930709
126.29544020476565 206.22698484928037 -111.69727302466015
126.29544020476722 206.2269848492804 -111.69727302466015
126.29544020477074 206.22698484928037 -111.69727302466015
126.29544020477212 206.22698484928034 -111.69727302466015
126.29544020477296 206.22698484928037 -111.69727302466015
126.29544020476652 206.22698484928037 -111.69727302466015
126.29544020476801 206.22698484928037 -111.69727302466015
