53.096141790083806 -48.064949090971254 -362.6010476846986
90.27269593243317 -80.64187540579582 -567.6895014981653
120.95298637514878 -109.53585412966761 -749.1599104758607
166.4204523027082 -143.53167556951263 -908.8058113997732
207.65873315619794 -172.09703641881902 -1027.8485783501878
261.7860098462734 -186.01714148932302 -1090.5218259144433
327.1849980759917 -182.2702092166395 -1099.1081403958347
384.039589668655 -165.38664308068718 -1068.8024171178156
409.9833072656985 -147.1494150874264 -1028.0366152100485
405.8434548769741 -122.7473116883715 -972.0313033206196
383.80983478699847 -89.42665303447228 -904.474825626842
351.93713385549233 -49.744756277583235 -837.142365277117
319.46592728309093 -6.395171505495512 -780.468624776276
288.6724197146281 37.42052611777069 -742.5751023830073
256.7631637405548 82.68193706644666 -723.4977972458267
212.4405834733091 129.18657543078638 -723.4174154500295
174.92375731105042 174.32992779042422 -744.2297238895535
147.45940117595973 218.44850188866616 -780.8187575689019
134.90478187289614 261.9477852700314 -827.9669004225809
132.4382589248485 302.2293749530647 -884.8408472712777
148.63497455251286 335.9315347999825 -951.3497886150901
172.0615495767891 365.6462757524537 -1017.1130168792431
198.1730047337904 392.1089678872037 -1077.8980934683702
220.6427673383818 416.50244994968944 -1129.4808451370031
221.09252813811906 439.8300429472357 -1169.653404166162
213.27141347904782 462.3422486019635 -1198.1238127138738
196.61962838463083 484.91268319995845 -1214.798387064242
179.57617166251796 505.9985234526465 -1224.5571731576633
166.79662879770103 526.7962183614827 -1226.4082551333288
159.07847546272004 550.4411099849804 -1219.338070895226
153.43475466008226 575.0986361695709 -1210.153515260366
150.23359032518502 601.3486942218549 -1200.5215027182103
148.33939550547737 628.9814644447133 -1193.105670596708
127.90618161414054 660.0339767605235 -1185.5427753945237
108.91966858779855 690.5920340852134 -1186.1612933117271
98.70127692844261 718.4497314505834 -1197.8619854044937
89.89133004027205 745.6451767719228 -1214.7184882387662
84.26395059522085 771.8559934577486 -1236.439512340226
82.7497466224858 797.1086151020045 -1261.2831789125778
85.51986798778222 821.4858126398283 -1287.3247722770031
94.60191187396272 846.2539273372371 -1310.4851458250266
111.72397389229927 872.1978717123592 -1329.1935562378399
131.84114322110196 898.0560737591147 -1344.8415869178732
143.1375492535425 922.8554406075772 -1358.2276513296777
151.52282365597014 944.7144990512513 -1371.5716733952022
156.681760671174 965.0975998631139 -1382.2007088191058
158.39084873607246 984.2001715597703 -1390.4266644441066
157.2053277848845 1002.2914697243125 -1396.3910220637033
153.99340330346013 1019.6214286020577 -1400.4044479162303
149.75939109720227 1036.4120240836883 -1402.9074397276986
145.47709768060633 1052.8481573782144 -1404.411207806895
119.7901767961429 1068.8392568353677 -1405.566686579931
8.077953000240612 1083.4194745864067 -1408.2106877567212
-60.05819834837889 1096.4037256036363 -1414.2369290661704
-63.18576128504394 1107.8802507065077 -1422.438627524798
-60.281501136476 1117.9222464090444 -1432.3675383993973
-45.488831999774824 1128.1463231796706 -1440.9474358536656
-25.02211739462412 1138.7854650998363 -1448.4664160238126
1.459792640471358 1150.6229888794905 -1452.8730826013714
23.85826345340847 1160.2636528072096 -1460.1708859770213
41.20252106799727 1169.1938850568206 -1466.8319754616732
50.45962225281364 1177.326797739795 -1472.9196557804157
50.475363958432105 1184.6941432656522 -1478.1847247146018
41.604992129256615 1191.3176195745123 -1482.4603183095064
25.49829076223309 1197.2077062213061 -1485.683302838048
4.726536862368347 1202.3657054850646 -1487.8947011963105
-17.690009763928206 1206.7869160968314 -1489.2284317935278
-38.774987903488764 1210.4635930039365 -1489.8903148296938
-56.03417951564494 1213.3867666699061 -1490.130285786755
-67.77936962409636 1215.5467421261435 -1490.211601067024
-73.30077150869418 1216.9327953647269 -1490.3810987748934
-72.66131225918681 1217.4651566833816 -1490.9893017511777
-62.62106353308427 1215.1529612573597 -1495.3021060458482
-47.09573554063206 1210.368397635584 -1502.2611407534469
-29.658255102760766 1203.6600073193426 -1511.037090428431
-13.617877769090958 1195.3627661461396 -1520.803990140216
-1.7194158618966116 1185.817870893473 -1530.702458648623
4.208571159872165 1175.363678881105 -1539.9342373842728
3.4399275816165975 1164.3232628861 -1547.8428690162182
-3.645819315956089 1152.9913667574476 -1553.9704588026382
-10.174921059251663 1141.7001596859322 -1558.0028339246078
-7.141416948747148 1130.7368247033978 -1559.8322750241246
-9.721468530616285 1120.0200546362282 -1559.9157684372499
-14.031731336065501 1109.6847506180652 -1558.5865514827901
-19.458361089418897 1099.7548358899678 -1556.3445485028283
-29.480004961571215 1088.3230947607103 -1556.8150889010112
-44.05101178656334 1074.5606581312118 -1561.2541789086442
-60.19060767047057 1059.4437846573258 -1568.4379979453665
-76.0765351358883 1043.2886630242067 -1577.7091357696095
-90.11919325680462 1026.4146925644013 -1588.2447237369845
-101.11662189127956 1009.1343194235593 -1599.1685598861416
-108.33873846151864 991.7460125604549 -1609.6498448867535
-111.54932143300877 974.5259883433732 -1618.9864802569432
-110.97126890422193 957.7191526460638 -1626.6660854100755
-107.20578626049304 941.530162570956 -1632.400838532515
-101.11993070945292 926.1156304643591 -1636.1353668100342
-93.7186737814516 911.5783972297464 -1638.0297525952692
-86.0174212087017 897.964561643505 -1638.422034612148
-78.92897417849653 885.2636494470545 -1637.7762081033432
-72.54898139206517 873.622265737275 -1636.2001568451844
-63.433455243634974 864.4676305376464 -1631.844312658952
-54.168080720659596 857.0818754640896 -1626.3824696442698
-46.4704899470475 850.9394472557119 -1620.8742206949012
-41.45070073486523 845.6015172759735 -1616.2454226631517
-39.6923904779134 840.6402874416231 -1613.2576954397316
-41.21469019350482 835.6530421990626 -1612.444123608654
-43.558152851298495 830.3012390051024 -1614.0383526464498
-45.51731670849046 824.2832464462069 -1618.0423589229777
-48.61722023665194 817.3340071019552 -1624.2728016700526
-51.88381462605085 809.2915752278884 -1632.3084047191116
-54.8330350305995 800.0651096687861 -1641.6073779431883
-57.08057235710856 789.638460347426 -1651.5663505736989
-58.363080220169834 778.0632424747935 -1661.5870204927496
-58.55346274737744 765.4479833237815 -1671.1353201947609
-57.65922015916165 751.9445815855263 -1679.7876864757377
-55.805759768411676 737.7333943096787 -1687.261084862346
-53.20833562476535 723.0082071961874 -1693.4254546567117
-50.137144052619654 707.9621618689913 -1698.299174575606
-46.88033789219836 692.7754767365002 -1702.0298284031555
-41.044686174749046 678.2038972153259 -1703.007832340795
-26.63175952709984 663.3309031255053 -1705.7720940026222
-21.598434006887544 648.6565133592492 -1707.9733047614986
-22.40895400402926 634.195168846361 -1710.3499874013296
-28.339139532364 619.9770252807114 -1713.1376240105744
-38.01412828379772 606.0072579917276 -1716.4851589887853
-49.56265141450727 592.2706405597821 -1720.4594515030003
-51.77938411636649 578.8175108417092 -1724.8891694391766
-51.44700342222405 566.1532649853384 -1727.8975535119123
-50.69514044718753 553.0252170695604 -1734.0740366700657
-46.31406094357998 540.0231466301619 -1740.0141791249446
-41.08545086224366 526.9927605758795 -1746.128235432849
-35.17669760956202 513.9067678798881 -1752.2289695253335
-29.186228839008646 500.7465114064402 -1758.144222089424
-23.662042189388778 487.50506828582724 -1763.7388000765063
-19.03506896515167 474.18539124105763 -1768.9248777103471
-15.583232487225569 460.7978913610821 -1773.6660558737149
-13.417301506859769 447.35779728554803 -1777.9754705530947
-12.487457804935959 433.88255059053193 -1781.9087807066403
-12.607506112103927 420.3894434327893 -1785.5533249238854
-13.491971602569986 406.8936603693629 -1789.0150203129274
-14.800374239668514 393.40685074080284 -1792.4046648927394
-20.868019035248096 377.88787448725714 -1799.5833857792754
-35.220819433963854 358.1893845463924 -1814.136187580715
-53.101389564143844 336.0475722483258 -1832.7915296130116
-71.85979579978269 312.0937947809921 -1853.707284995103
-89.08132375329642 286.959845795387 -1874.9726401217615
-102.78418722327751 261.27742093905226 -1894.7912161077163
-111.03732989825275 235.6624175838462 -1911.6552694259071
-112.63937978231519 210.6885201256148 -1924.490864195434
-107.70355259830146 186.86193464517942 -1932.7396528595032
-97.38774184359207 164.60214469194767 -1936.365956755175
-83.61909699627932 144.22491168943452 -1935.8089376307676
-68.72279803274095 125.93049981536099 -1931.8890563211255
-55.0167341174753 109.7987806448586 -1925.683449033002
-44.43973585507306 95.79183097770283 -1918.386987167846
-38.27040628738887 83.76381529341614 -1911.1754632816157
-36.97452092051353 73.4772176075893 -1905.0853116749522
-40.19531020197767 64.62395326646941 -1900.92093539187
-46.876859771368444 56.84973739750632 -1899.1965803487076
-55.49031269265424 49.78482491107883 -1900.11569003401
-64.31822497450878 43.073751685724915 -1903.5850649090057
-71.74664169742034 36.38949874954278 -1909.25735866049
-82.72653880561315 30.871349170560336 -1913.7647883412612
-100.10150599574777 26.97966218502046 -1915.679171020823
-107.37626626469083 23.810881440304854 -1915.833885768592
-107.08177000076162 20.93501832082012 -1914.6771576543388
-106.2956891993596 17.990973325474613 -1912.8130503551865
-103.3300766204686 14.731863601085138 -1910.7768982939178
-98.66284518369487 10.95266167393305 -1909.111178503533
-92.9774537105588 6.501032370245241 -1908.2784753496185
-80.39685328698613 3.249264557396714 -1904.4948172572872
-61.996159253947944 1.3336920587292411 -1898.4100029967444
-42.233894662009526 -0.05137627383078325 -1891.6279706397177
-24.41677694832535 -1.2559449291416058 -1885.2238398046418
-11.252047411985377 -2.5992638017413583 -1880.131938291605
-4.483289657020439 -4.367897224888395 -1877.0657762431497
-4.67640314268658 -6.809964537524138 -1876.4598310589874
-9.503004823838006 -10.791597861050661 -1879.8234669599801
-8.39840086270277 -20.54801425796171 -1894.737279177061
-3.8204316740061626 -34.74974655556906 -1917.7533023543347
2.545296380858791 -52.469143330000634 -1945.6650075572668
5.639146669165831 -74.42189114982511 -1978.4507768081205
2.5386872612517126 -103.51686956298067 -2019.9663726413241
-4.761857307580588 -136.90603980567317 -2063.3396513006373
-18.25432513698582 -172.9119802995882 -2104.0820385540646
-34.76267015608124 -209.94874493872828 -2138.4364829009073
-51.81022432221956 -246.49308327447272 -2163.641458945911
-66.56222237197554 -281.13858688335824 -2178.111697392726
-76.65887363288853 -312.6585809692628 -2181.506601887779
-80.78321739301259 -340.0610762847833 -2174.6540489956524
-78.72247937201819 -362.63084375647736 -2159.350016788739
-71.319810630165 -379.96094214822307 -2138.0763743077937
-60.25097333049657 -391.9820084401593 -2113.6828481393622
-47.676663338632814 -398.911823379855 -2089.043532503556
-35.86048683303804 -401.25422607321326 -2066.762342469062
-26.799600806367284 -399.720209182135 -2048.923262044706
-21.903739962700758 -395.1716067066613 -2036.9235166300648
-21.79689382772028 -388.56758333306374 -2031.404859404784
-26.269988004411147 -380.89256034371743 -2032.269049671278
-34.375858032195254 -373.09262732442505 -2038.772367173518
-44.640624648815546 -366.02065136850825 -2049.6800929329775
-55.347548699643674 -360.3926686001202 -2063.4573800525936
-64.84068566910348 -356.7576598246802 -2078.4714621535018
-71.79642503246374 -355.48176132031983 -2093.1815928569717
-75.42015266754923 -356.7469408877244 -2106.2970745174603
-75.54074793731671 -360.56317103451363 -2116.8894870338486
-72.59447800309474 -366.79215779617635 -2124.4518996272354
-67.5087764741001 -375.17979089134457 -2128.904564254839
-61.51227986135939 -385.3937795096485 -2130.5525775975375
-55.90792403294166 -397.062566691595 -2130.0056743243445
-53.71920237177461 -410.2972358453627 -2129.2831014499925
-67.12754282678036 -427.7444146678633 -2134.964534108974
-86.18474154757679 -447.0341918041143 -2143.886385430278
-105.1370096584403 -468.4853303399805 -2157.2442330174545
-97.5780618056532 -496.2113144015845 -2183.465040217758
-69.03398653120826 -528.0897438566967 -2217.747006863657
-27.442221898023867 -562.5350435854415 -2255.683353798208
19.03974684714233 -598.3195503981519 -2293.357480699463
61.93818052072281 -634.2500956328579 -2327.190030335373
93.86329854357112 -669.1946426404272 -2354.285958550264
109.68430668950604 -702.1181116958176 -2372.6862330521926
107.24720437040493 -732.1218459502531 -2381.494241553508
84.57091330922623 -757.7838855947405 -2379.1184581817683
33.56029493083279 -776.0614813921762 -2361.865036769437
-33.810869832067716 -787.8112432372575 -2334.502156509739
-105.3960060194828 -793.5091786066905 -2300.99190886266
-169.6756074218578 -793.7847567602673 -2265.4941170625875
-217.12037539351996 -789.4895425728521 -2231.9817062049374
-241.64754979235175 -781.650957570399 -2203.8318692587923
-241.41738391927376 -771.4135540815548 -2183.5200785892716
-243.8578373267802 -762.8497844796912 -2179.8088150254457
-253.47651686402654 -760.0661231113647 -2197.6415763373147
-263.72902923662815 -761.81705133326 -2230.3882863776357
-273.05028006692237 -768.2062228700557 -2273.137905443008
-271.8615163374835 -777.3212192296696 -2315.2556423946003
-251.24256246992746 -787.2886973456872 -2349.9653591101223
-218.5784073682781 -798.7001894199252 -2375.555747727507
-179.4312494196343 -811.0624263143861 -2389.914150815695
-139.915818333938 -823.7543248229429 -2392.486337080495
-105.38488390745032 -836.185385543864 -2384.332099298643
-98.39106827534027 -851.6559260355905 -2377.07908983273
-92.48279937881826 -870.9754400611657 -2375.235373036375
-93.92365409179982 -897.800745506281 -2389.896874639419
-107.00382610198955 -929.5077263275431 -2415.396330240771
-125.74692014536537 -963.9031043958823 -2447.4686284764857
-145.94020298366706 -999.3675491673315 -2481.8075602769695
-163.64185566603018 -1034.3885544146046 -2514.115145255413
-175.62512591960734 -1067.571555002047 -2540.5910704152748
-177.15547593818658 -1097.0918774908255 -2556.1876655430106
-158.41204157437284 -1118.8533976520532 -2552.9307950056614
-127.13165814778715 -1133.111780226841 -2534.7262931162186
-96.59386120356551 -1140.3653392681078 -2505.8458310159713
-104.87496320804811 -1142.9541822077026 -2475.4208764882255
-140.5981182777055 -1140.4274858444196 -2444.5306838092406
-194.30227423070323 -1133.0619505989503 -2415.4775296372222
-255.08959877490244 -1121.5036777369392 -2390.224369679128
-311.4427231145373 -1106.5744601099682 -2370.0812064261177
-353.231089231017 -1089.1935634737138 -2355.6461785245374
-367.9290596226936 -1071.5690009514844 -2350.14585960025
-329.77071790740393 -1059.7054617197089 -2363.338101986372
-262.32870299150056 -1053.1861024065847 -2391.194880257679
-206.13251562273837 -1052.399265602837 -2431.3716302569333
-148.03647096626293 -1056.513648538946 -2476.8882468794827
-97.62157707947473 -1064.4610838402714 -2521.0718867528394
-60.12749453478351 -1075.0703231197178 -2558.1956548274397
-40.286280717393154 -1086.9471206965998 -2583.7482893842534
-40.47593605252197 -1098.6066602522371 -2594.8472273477564
-59.09852336118293 -1108.616491343284 -2590.4466840100504
-91.94052782941165 -1115.7674552303831 -2571.7736540979
-155.63862598541922 -1123.5682340843312 -2554.2502997389784
-242.9827152979891 -1131.4845963302034 -2537.9459523599658
-337.92075489495477 -1134.1439336069216 -2510.1378803842067
-417.2122328176042 -1127.5848493675512 -2473.0075985184462
-450.75997062398625 -1117.369122937113 -2438.3871788536558
-421.9610929331474 -1106.600649573828 -2413.8570748669786
-344.3424280180829 -1093.794102444825 -2397.4026317377193
-234.09180476419377 -1079.0715875463163 -2388.744334957327
-125.46248888873235 -1065.2100472091065 -2395.411268867402
-55.923932538610714 -1055.5569864733272 -2420.501418892158
-28.9035605095167 -1048.2928559997263 -2454.9856670112645
-46.170105675859 -1043.0930870165867 -2492.681841622382
-101.66774002914435 -1039.561579435926 -2527.0805871092784
-170.38255891566934 -1034.7808260734225 -2545.08646695184
-236.25100490803462 -1028.1622114711554 -2546.0579413119076
-289.5880793068795 -1019.8451659433161 -2529.8777307785335
-321.4993081005924 -1009.4724009785238 -2498.2193472001945
-343.300988493388 -999.6867988353131 -2464.6158141182896
-366.1054626963744 -992.4729400810861 -2435.936503124143
-365.12476211088557 -989.3571084143814 -2419.7693239927
-328.58402660716933 -992.2714833177081 -2420.6926706361996
-269.68757259261844 -998.5562561379878 -2433.2402024999133
-199.93950668296233 -1007.0578672841889 -2453.5221528125994
-133.17372120661085 -1016.3931550150807 -2476.1734812298287
-91.442649701724 -1022.1941563937876 -2488.220709431683
-66.4793405405506 -1021.5823652963962 -2481.6769265940584
-62.26158391387071 -1015.2309002555526 -2459.641695957906
-91.83483257741321 -1005.6490315397683 -2431.7458240341593
-166.3559331681197 -996.1247616382352 -2407.1159804318045
-264.2695418655627 -985.4248541169852 -2383.1656271614675
-366.6712801719396 -973.8243547399605 -2360.4979111542334
-461.13322275310395 -961.4343219912414 -2339.351628721893
-579.6860565161743 -946.6131822344082 -2318.3820355065163
-635.448424493793 -933.0214598091401 -2299.3622322657
-636.2691512695984 -920.1798083371317 -2281.9643873522464
-585.6630690123387 -908.1745376014181 -2266.152863182036
-495.5399534511062 -896.9426396964052 -2251.844124344178
-384.16577221149885 -886.293290807565 -2238.9028681354794
-272.6208559081922 -875.968921395689 -2227.1342013099547
-188.33327590059622 -867.5238594107882 -2222.023071057002
-139.97902502700387 -861.6961494035636 -2223.4803015088646
-131.975066465444 -857.2473412398551 -2228.2167095886152
-164.70469573245606 -854.1415516671336 -2233.9679955016577
-230.54686707862038 -852.2712236208818 -2238.4259067658973
-316.46572333255074 -851.5486420655094 -2239.5788677986593
-406.61828837187164 -851.856405999385 -2235.9514844829855
-485.2911968075313 -853.0048755739016 -2226.76353523644
-539.6610376087252 -854.7092305825287 -2211.9926842660043
-561.9013235915781 -856.5914194505098 -2192.336699396353
-550.2980172357685 -858.2058184641639 -2169.0840782059163
-509.22820267209846 -859.0832325797493 -2143.9140502115706
-448.0649320036578 -858.786268821028 -2118.6561444620897
-379.25771787293615 -856.9688359731842 -2095.0442733971463
-315.9707478399465 -853.432093931481 -2074.499623104877
-269.7190228713331 -848.1681883969117 -2057.970662580715
-248.41990195795694 -841.3825508250028 -2045.8485175737628
-255.18224231464882 -833.4870131874438 -2037.963800253202
-288.00790933290125 -825.0606012828498 -2033.6590013342716
-337.4935628139841 -817.4816538421226 -2032.7562046662883
-384.5802588617553 -813.6098391146618 -2039.6752030105959
-424.03763852423504 -813.0264177751201 -2051.1054373995207
-452.5143364761064 -814.2740296132445 -2061.53888234633
-475.8549553853353 -814.1368472692534 -2059.7934775297945
-488.7552589238786 -813.8201426334746 -2048.3251848090235
-489.61552778794555 -813.3572760362995 -2028.8855491731538
-479.5403778269858 -812.625720123883 -2003.7472174777095
-461.56501938025673 -811.4844037566015 -1975.7131744537303
-440.00127041179616 -809.8432352773699 -1947.733613963649
-419.60470984017115 -807.7159242273879 -1922.5293435913215
-404.69936043480146 -805.2467918241391 -1902.275717954165
-398.433222049388 -802.716418928 -1888.3834909399511
-402.2810799022469 -800.5208221634418 -1881.394193957462
-415.8686409378087 -799.12676107881 -1880.9917215121352
-436.70203617316884 -798.8136974631389 -1886.2266670811678
-468.67257161257834 -796.7917632486632 -1887.7756667492563
-508.99887858123714 -793.758301960672 -1883.1894811884276
-546.0662975539376 -791.5136065865979 -1874.443639939205
-565.3898333669272 -792.3608224717782 -1868.3324071970553
-567.5143137422256 -795.7322008182643 -1864.1976925471404
-554.1481596532539 -801.444866153247 -1861.729670692025
-529.3672884656164 -809.2369339227546 -1860.8427089317736
-499.05382339120894 -818.7798747511721 -1861.338967089168
-469.74914806051646 -829.6479360434362 -1862.8829191603024
-447.48615447652406 -841.3982721327073 -1865.02487612195
-438.20187599791893 -851.7057167894748 -1864.4296779223168
-451.82904139882794 -858.8578666398305 -1854.12662527634
-482.87311601635577 -863.8803142536844 -1838.1521723676108
-525.701200503934 -867.10056520527 -1818.4381234705959
-573.0749562662618 -868.9469921222326 -1797.058713222768
-617.7328578875496 -869.6909918970874 -1773.2685525161073
-642.0025861840472 -872.3391094531507 -1758.6275846697674
-645.0150156326818 -876.8564400649836 -1751.7769385551496
-638.7550800488784 -884.2943637257506 -1755.8595978894687
-630.9628837014247 -895.0741624705572 -1771.7920208658456
-622.0988559767227 -907.2562337976109 -1793.5672392164115
-622.635196339223 -918.5962194994346 -1810.4162144609859
-630.6589652183137 -929.8521296463491 -1822.350474480281
-644.9581160170848 -940.8900686026911 -1828.0121818526318
-663.5341869646049 -951.5068030547269 -1826.6967685511127
-683.7944281986053 -961.4738286298774 -1818.518717385089
-694.2454663147313 -967.604438974412 -1796.3171941021371
-689.4898145196748 -968.7005025495665 -1758.5628683416132
-674.7885677380649 -965.7669007458126 -1712.1851181298453
-650.4726836102881 -959.957526705999 -1662.3694757332253
-615.5860148332825 -953.0843296990454 -1620.3814833308884
-583.0685386256196 -942.8423133235952 -1584.127641211186
-563.807983366802 -929.3262567394578 -1552.8320345827851
-559.5674474652678 -914.1226212447507 -1530.3257669144975
-570.9746536125592 -898.4448770860354 -1517.6239563137806
-595.962287804248 -883.5519510975232 -1514.4685594414043
-630.2259020981094 -870.6429722522203 -1519.5219035483199
-668.1007570052789 -860.7456527874647 -1530.6374397680322
-703.6265191176793 -854.6180587166318 -1545.1997925361384
-731.6009078529895 -852.6783444473197 -1560.485390783839
-748.4392116167005 -854.9725274533059 -1573.99650281846
-752.7014923380593 -861.1843350145775 -1583.7298471237204
-744.6538237013378 -869.859299213367 -1587.8037670392152
-733.8754838961225 -878.3711223433954 -1579.5487135926046
-720.9332253177924 -886.8508535652709 -1561.4177036860078
-701.2906059903967 -896.4032300799119 -1539.4865297061776
-679.2053336554637 -906.2745073094547 -1517.6909919507152
-660.1697510138971 -915.5556740767067 -1497.1874426827726
-648.0550452296851 -923.7784591938691 -1479.5937203403753
-645.2824348480002 -930.6938508729345 -1465.9842379415622
-652.5092900920492 -936.2641312975485 -1456.7904769577212
-668.615768074039 -940.6285809794211 -1451.8127544556592
-691.0019282553925 -944.0482546840557 -1450.3123997817902
-716.1245816289874 -946.8403316331475 -1451.1639449461277
-739.2972335988768 -948.7061872657777 -1452.8746608117872
-747.8179159015319 -949.6460921484484 -1449.3268891014743
-742.6881611566705 -950.070767763087 -1441.9695004119326
-740.6834435481269 -948.7478764541636 -1430.4501959768245
-737.8308474417361 -946.3748190399101 -1415.7970552887277
-734.6726290900074 -943.1782198912941 -1399.0876800897568
-732.0897227083423 -939.316928079208 -1381.0493471099328
-729.1237446118614 -935.9195764854179 -1364.2938024207574
-725.3090512676597 -933.688838858302 -1352.9292508903268
-722.8288194537979 -932.3137806391558 -1345.7854153808846
-722.7469064294745 -931.8266182889445 -1342.3875037343792
-722.1695869689481 -932.5844171025822 -1342.0824400105325
-721.7793550249452 -934.4910346545632 -1343.794846656081
-721.7815556435436 -936.7983648968449 -1346.1997712744455
-727.5705051795667 -937.9489331065827 -1343.0706671801217
-736.2409577628215 -938.6496421477376 -1335.997859937148
-746.4477756333965 -938.9289028864666 -1325.3057815379243
-756.8598521820436 -938.7928652802201 -1311.6379751137154
-766.2999577328656 -938.19422949867 -1295.8962039090948
-773.8946558187765 -937.015070425069 -1279.117393504734
-779.0936612151401 -935.2556334350836 -1262.3478284875844
-781.7133551131716 -932.955244151117 -1246.5358647356695
-781.9679087015219 -930.187606310078 -1232.4377669672515
-780.153505994523 -927.0809251289335 -1220.568720181827
-777.7143225665517 -923.8375034902547 -1210.1351728776776
-773.127927582018 -921.8070635117215 -1205.8475089095211
-767.1601017836149 -920.7180810670934 -1206.2859261376957
-759.8142293503329 -919.5978572978446 -1207.8135393697487
-756.6860030639778 -917.7692287720517 -1207.149869129438
-756.5661503241339 -915.7332896870683 -1204.6498880610202
-759.182827290914 -913.5737862090209 -1199.9695043533975
-764.0074103539929 -911.3396947676122 -1193.0107999300433
-764.3180465213551 -906.6527101687074 -1178.3713412992115
-756.1159281158103 -898.8053769560269 -1153.9406974348233
-743.761014969433 -888.8909159799141 -1123.4990637791143
-730.5806697110739 -877.5023430828811 -1088.8396937196987
-718.7549035329033 -865.0877945377645 -1053.7075983574518
-710.1251568836897 -852.2106426317678 -1021.1577473550549
-706.8491032293966 -839.5764037119236 -994.0503175382175
-715.7105861474466 -829.4031126981948 -977.8722403012098
-735.5297522075556 -821.8901693440017 -971.5042456896938
-761.578877490896 -816.8910378057958 -974.8422503991706
-798.1427779083994 -813.2506923939432 -978.228772146714
-836.6648838697133 -813.7356861718105 -984.7137831894947
-875.1100349409757 -816.6688293496805 -990.0902983394033
-908.800705101398 -822.6361003339377 -994.7146920613648
-933.8451604816455 -831.6395518095376 -999.2991733903444
-949.1890557318562 -843.0021990172777 -1003.0837569117779
-954.6611584257869 -856.2140287155627 -1005.9680726930864
-951.3343379413675 -870.7341439204797 -1008.0260847383827
-941.2495080815785 -886.0432146266105 -1009.500128999381
-922.7258687211614 -902.5385210105343 -1013.7040139060892
-905.9343074239611 -917.4851088920022 -1014.0789021475882
-893.9143234533466 -930.7393317528323 -1010.79139468105
-884.1859079975923 -938.5920232105605 -997.6889654219967
-865.4334863813285 -941.9830737309452 -977.3345510653718
-846.9455582663876 -941.6629198951298 -953.3932702925973
-829.6998359497197 -939.1731340690867 -931.7018363948116
-812.2243465817203 -935.2928174488541 -912.6439879799264
-807.0066887001781 -933.029557001639 -901.4951559548124
-823.4464561370868 -932.0116876822482 -899.9778660265356
-864.1883826238939 -932.0756356684967 -903.1828771431627
-903.8605659124954 -938.618678670693 -923.1663570486681
-932.9638888563973 -945.5873051160069 -943.9038754757156
-950.7513064315187 -950.345110643731 -951.0656828308582
-957.7809941840519 -954.9480545975797 -949.9590815693715
-1782.6813654866846 -420.39383206599723 -72.03293642499276
-1467.2814462146366 -601.7347171654919 -329.59086643446153
-1412.2861842589707 -577.0258185036425 -320.09725053598004
-1365.272236084385 -547.9299697898199 -323.06110144048716
-1333.325512345911 -516.4916459086655 -341.5488106556097
-1305.349724423781 -482.6855689065468 -366.7751633291161
-1271.708432805343 -447.84119202322614 -389.12156323698713
-1240.4932164841264 -415.5800452231518 -410.1047330568086
-1214.3353763630937 -387.9186007980451 -429.0440848845201
-1195.0342703681072 -366.17807773737354 -445.5400060186676
-1182.426956628908 -350.8531807306525 -458.72998656982134
-1178.021752103593 -342.2800777054036 -469.3531587722078
-1180.74544636813 -341.58958402748846 -474.86437603371456
-1181.1169273922096 -356.8234244088942 -455.6037066750207
-1193.6091271763116 -370.11335324777406 -449.1522506826407
-1192.2533545253877 -380.5729567447714 -435.03761039591643
-1170.0869135402759 -387.22719572295006 -408.60616822254065
-1175.6587373130544 -397.8439223201491 -400.0094913393682
-1186.7530033262597 -408.66882294626095 -395.8997984585899
-1204.821343425073 -419.72156870542676 -397.5795071185573
-1228.2303638211456 -430.7820869215817 -404.05157041213613
-1254.8957604656953 -441.6814285783843 -413.8259204942507
-1280.3041824789752 -451.2606416776421 -424.7255063112299
-1279.5903299039812 -454.23908726579754 -422.69942298958085
-1259.1267130453953 -452.45027270926386 -410.3536423999366
-1230.0501591943114 -449.0514542437296 -392.65529781006944
-1217.2768652522282 -448.9677088138677 -384.5230066755612
-1222.1853867101552 -450.370015763788 -379.48876174535684
-1225.123163883306 -453.1477024328723 -384.8782598672606
-1211.4031688655036 -451.07404909231263 -379.1595029706585
-1189.0961523431986 -447.0492102237955 -368.53801633268904
-1161.0140257945068 -442.05261236481164 -353.94887714506496
-1153.1708149106557 -442.4999272286456 -349.7591791402854
-1150.7467904066448 -443.64618422577 -349.79833559624745
-1141.5070690330253 -443.6986175297264 -345.2351672681964
-1132.4776769311118 -444.39033266375105 -339.90584665769313
-1124.6725744458042 -445.9577351832778 -334.38284513167105
-1117.4465061255169 -448.162614011558 -328.47551135997577
-1113.2280629459012 -451.60442562913516 -323.622825369938
-1112.8916407944535 -456.4727730578966 -320.41909304840743
-1112.4650481363662 -460.6272605128936 -318.492778845858
-1093.4571912977376 -460.96938050872893 -303.8839467081189
-1090.1794370394935 -465.4946641884195 -298.4424241554606
-1095.7375143964443 -471.22505482242616 -300.49959433640083
-1069.7000387212886 -468.4659267982738 -283.5783302997186
-1032.7530417978292 -461.98638321133245 -260.8037758335158
-1034.8770503540106 -464.80480471167596 -264.4327690021697
-1013.3070396359445 -460.9681951209055 -253.74717609402353
-1001.1983395492674 -459.91243132061044 -248.5424302731687
-991.8136749852513 -458.9162615927833 -246.50550373596758
-982.9559343947092 -457.76123995082685 -245.5099411350048
-961.5215752061301 -452.56217014969735 -237.1141238729635
-951.162719648524 -450.7187716897221 -235.6405123721217
-941.4357949888085 -448.47959869247944 -235.85726972068954
-911.7555303841451 -440.0149809691811 -223.01415497818056
-912.9158222090462 -440.4475615258363 -231.94507204678416
-877.3300710890392 -438.1529962125086 -249.16634371823676
-1032.099630017291 -350.99435605093987 386.7931001757796
-571.8566028635104 -471.75319921120007 -320.67227786036767
-395.50650262433436 -460.81274737328926 111.08127998308959
-96.04303040058417 -423.8808289457552 129.49903403725926
134.99836318290684 -404.90202920704377 16.226112932855585
29.08542828937832 -384.2868066372418 109.00287384981054
-120.50996774706277 -357.37107397562085 60.577419500660305
-628.0914043366228 -60.84040181349337 -146.1434195094924
-560.5439716014876 -272.8416840702863 36.42185809070497
-531.8576959250354 -374.4329232196364 48.53705278286213
-140.08816404025472 -65.79347669656954 49.60606138840973
238.4410179944802 219.2485025470603 -43.19748418012637
273.8552528428828 221.74448545776215 -0.0776529334345355
47.25448691887014 88.14473898702602 -29.583004603104257
-25.705100929065505 26.39655138175101 0.14615950711061032
116.03523952847017 130.33285896803193 -24.046713107530593
143.28054079945048 144.15303948663194 -15.798150276218337
63.71141616254663 92.47864304388287 -16.188412776223515
121.72033613833497 131.5222301052188 -18.77672016124876
108.98354801201798 122.83371935176034 -17.965738333813874
108.98354801201806 122.83371935176035 -17.965738333813874
108.98354801201796 122.83371935176037 -17.965738333813874
108.98354801201785 122.83371935176035 -17.965738333813874
108.98354801201779 122.83371935176035 -17.965738333813874
108.98354801201788 122.83371935176035 -17.965738333813874
108.98354801201809 122.83371935176035 -17.965738333813874
108.98354801201904 122.83371935176035 -17.965738333813874
108.98354801201947 122.83371935176035 -17.965738333813874
108.98354801201978 122.83371935176035 -17.965738333813874
