63.62645905771183 -56.572836187321045 -435.99619341462454
115.69203798057897 -103.24065261728697 -740.2646814313665
168.59909459826596 -148.09385716485173 -1010.4589631997028
234.42861676845578 -193.66141741430417 -1216.828167427356
297.5446643201925 -229.82071289794982 -1329.9496847847904
372.36468329961934 -243.56710763444696 -1328.541489786973
449.98910578818646 -230.99779080013622 -1224.2818742343343
471.6285774053736 -208.9617082683394 -1070.1408219091686
450.0563374391397 -168.39610889052852 -878.1702486152337
401.55507587638317 -111.38108086849327 -682.4309448362862
334.5433776534061 -41.40983322627473 -515.3803653767472
257.7673500123231 36.63148895853813 -403.8631518816683
187.45729732662448 116.03897556304597 -367.0381262806068
140.90936727227123 189.33169679508663 -412.2855866136477
115.52410671989993 255.77327720712512 -525.4658684477197
103.88848023942684 309.958403552859 -693.1066022243717
112.81139017929 350.41609604250914 -888.6833006835224
142.08916917638643 378.7578695456249 -1080.6460371487997
186.01472866499302 396.8020038961771 -1242.5179939083673
232.1791502108064 405.96450132701136 -1355.8219704462626
280.40060723777304 405.8197239442025 -1414.7665876829797
316.4146439575136 401.64412822987094 -1413.324447173663
331.6706056896901 398.18153856798244 -1357.4457744087092
322.1576344659103 399.0563545513654 -1262.055620226123
270.41110438403996 408.84729369662506 -1143.7285867473772
194.86824410467884 428.07216840940583 -1026.469829917494
110.77488416948785 456.7153845917149 -930.7947174018692
40.88476097569716 491.254325043122 -876.5743053666121
4.70371961057665 530.2344138985428 -869.8299750715487
7.244614030600559 572.8787980952524 -909.4902647411275
43.99809000038702 615.8062269469453 -990.7197597093988
105.10879195485322 656.8983149068182 -1100.501114591907
175.34969218172532 694.3829584597906 -1222.429669802186
221.33038265937398 728.1589022809866 -1337.0146334875153
238.52157228947462 757.6649722177326 -1429.5188613367932
233.252596229982 779.7367654244701 -1494.5958888756477
201.28008362522323 797.2180866845948 -1521.7480283444825
149.05806195618098 812.2423549847018 -1510.329370097665
88.38190154729986 826.9497504273572 -1465.7628382828298
32.94229878530367 843.2012917361818 -1398.3885279926606
-1.9893898505341618 863.5986108131477 -1319.1734786377851
-4.2295805004322595 889.8923884578023 -1241.458458185099
25.726516655110142 920.8120313070086 -1180.5824063720677
71.01387795768225 954.2726588836765 -1148.000447619569
127.07661108805426 985.578481980561 -1153.401846359996
182.93190524404116 1013.9541308934442 -1193.6952901901932
227.0744684959258 1038.2724136710667 -1261.984114879649
250.60571686105257 1057.807655844947 -1347.1081771360818
249.14995448603423 1072.3906008981412 -1435.6415448042058
223.77151984445354 1082.467707912129 -1514.1596583803657
180.69524622166577 1089.0569317948134 -1571.3991187761765
106.26245905756736 1093.3636597670395 -1600.1085467102364
-65.20969052947032 1095.8540097882478 -1599.279899768567
-209.02147216101562 1097.5419139553867 -1573.5696723188366
-281.3899682490736 1099.350303863758 -1529.4287439803763
-252.41714435507643 1103.2162399015278 -1475.015225450842
-158.39843224207212 1110.456263748729 -1419.1654168444977
-26.403778354876714 1122.3738446782743 -1370.4002145979325
116.04818884883967 1139.17264143003 -1335.5274375965153
233.09473185640203 1157.3151727705801 -1324.1321571391343
297.89819170978984 1175.5122415000203 -1337.0841860516923
294.6376984306622 1192.3988012650727 -1371.6646001976121
222.93701853474874 1206.7715156757909 -1421.7473647182453
98.02837989061456 1217.751452249395 -1478.9544769208537
-52.81644808806295 1226.103755028203 -1531.573478512062
-195.7122266346119 1229.7202648403934 -1576.4169564501963
-298.9194876950526 1229.8808121419563 -1604.7540111194082
-339.4102086630724 1227.3853002559117 -1613.1296198740097
-308.3666898827734 1223.2089963309638 -1601.4653140269832
-213.29994335045578 1218.3364084844343 -1572.921319105954
-76.44857823629137 1213.6169144392873 -1533.2379692643597
70.44073442261212 1209.5895994416173 -1489.843567182253
197.65555822101572 1204.4357993867416 -1453.6780640921118
275.3721334378864 1197.8615294649646 -1431.2487440675309
284.5015544864093 1190.1082164112622 -1426.129689799105
221.66199194487317 1181.2681332815673 -1438.8933554837758
100.10361214900193 1171.3508534634395 -1467.1516897069557
-53.19273689382436 1160.3670567568265 -1506.0703295972862
-187.1238675253815 1148.6436010123336 -1549.0002010156743
-248.86719084119872 1136.6293393254043 -1588.7899713437532
-260.25841027296184 1124.0271806149394 -1619.9362127090578
-219.21791191970377 1111.221291890944 -1637.9873856261866
-135.74774621769095 1098.6675480074318 -1640.7802412014805
-29.742956593417365 1086.837202654196 -1628.7105184377515
73.51551818021947 1076.1526899705484 -1604.5791484735958
144.82659134919865 1064.9112773633076 -1576.338323778618
163.69350017182478 1051.75905761561 -1551.5529350968973
124.7243941907487 1037.2822517146726 -1534.70066611237
35.88666670817399 1021.9204947713688 -1528.884643631044
-83.0671314701721 1005.9870899101497 -1535.2956954691424
-205.06035610559962 989.6874803357165 -1553.0804414798176
-301.9266367186698 973.1559915518201 -1579.5451739721866
-331.7002762766486 956.7458467704123 -1610.3625536303944
-297.11144550450393 940.35716876782 -1641.0663692874614
-213.69012235319477 923.9993911374602 -1667.2916678247784
-100.94130927234296 907.8695871332421 -1685.4117332622898
14.500383348045801 892.2498334850146 -1693.228788993022
105.48240900667822 877.6376870732075 -1689.9595648268712
156.8600925972411 866.1622362942971 -1674.0849285970369
157.57639458850406 858.0586740142501 -1649.096475085727
106.41762179098087 853.0034655843713 -1619.87733859592
14.473773257624899 850.4653528163897 -1591.8584043138121
-97.24560102955783 849.7178317480779 -1570.1086810632507
-202.60158748737098 849.8789221299292 -1558.520406282965
-276.4369714384907 849.9716990632452 -1559.2196970051978
-297.4146345334794 849.0315779287868 -1572.2269523863245
-255.26460632603263 846.1557032984257 -1595.5808284784168
-165.7942931552914 840.452119275838 -1625.9677394902706
-49.546075748035285 831.3744487349985 -1658.9613298609627
66.12915750461998 818.7175006276162 -1689.904405169757
153.45744528014285 802.6574117445132 -1714.6640966441917
190.8710057337825 783.7355140621477 -1730.2750439532754
168.30471219491213 762.7875582607711 -1735.3716070301891
89.86363704489119 740.8336708292177 -1730.3460993908031
-26.838204045079497 718.949640540437 -1717.2164301266075
-154.5894987495467 698.1369285647008 -1699.2355357253975
-233.85961756123606 679.5010450841486 -1679.7870231924571
-259.84210722832694 663.3447825610373 -1663.1942588377515
-237.00120254976608 649.6530762591009 -1653.0964602416611
-170.00480855889413 638.1878702902521 -1651.7323568284748
-74.20266486383188 628.4245338093018 -1659.8228103885774
27.808573677652976 619.6555674706174 -1676.4963982868426
111.44743800103969 611.1142444211421 -1699.4788683987836
156.01933057302 602.0939091076782 -1725.510258526499
149.80066480237284 592.0446379999285 -1750.91565704358
93.09020984851999 580.6377663078664 -1772.2304128226933
-1.5613185797612326 567.7948411515918 -1786.7734699972118
-112.07334725938703 553.6793951456033 -1793.074602989723
-199.0916388159678 538.7632781383979 -1790.8636773667586
-223.47101655511227 523.6509792793698 -1781.2547511250311
-205.84635123582538 508.5342777875381 -1767.3831882381398
-149.6094778871642 493.78768050804797 -1752.5453473453356
-67.53955790811375 479.6494931528879 -1740.116155276111
21.044219055834162 466.1924933391648 -1732.9688168060895
94.79089266541948 453.3265645160191 -1732.9935353671378
135.44256056964383 440.8279515640016 -1740.7967300478608
132.35132468521073 428.3884374249803 -1755.6286898463552
85.27470563573235 415.677853724033 -1775.5461999269016
4.720770135380528 402.41173207783055 -1797.7758159425741
-53.423102860423306 388.6939323285945 -1818.5890350216944
-95.7801312825777 374.28727450467784 -1835.6028929096096
-127.7507304509313 357.00402762830015 -1850.9728947221731
-149.5221864147021 334.0330894916719 -1868.744845512197
-155.4065669107494 306.5682262395875 -1886.981791332862
-143.2773413778875 276.03287137073585 -1903.698420669848
-115.3233392668224 243.95023559179407 -1917.1561892174248
-77.64912513250319 211.83642802961563 -1926.1339344790604
-38.90554212796354 181.09859535869708 -1930.1087612672213
-8.256564182367676 152.9427640018542 -1929.320278186915
6.844261393360579 128.29823247936304 -1924.7079417183313
2.530200799404131 107.76307947567292 -1917.737002898877
-20.4214404610568 91.57587302552433 -1910.1461111862964
-56.637271663765084 79.61709055831857 -1903.6615124680948
-97.32415506114081 71.44101317807016 -1899.7258187650998
-132.32152569939313 66.3348642605615 -1899.2851266283415
-152.5543208315871 63.39870337059238 -1902.6666955384035
-152.2973607495746 61.63773133734308 -1909.562797281182
-130.68901187013668 60.05800445445105 -1919.1179243582328
-98.43337221260605 59.183181139341904 -1927.3353028601857
-70.08600632985608 59.503025550409575 -1930.9134591953032
-52.781238980636076 60.06805905735306 -1929.695871978263
-51.134630736635145 60.11830050058841 -1924.3512982220489
-51.178263104500594 59.1617431797489 -1916.1063471038365
-53.76519961640958 56.74802831494193 -1906.925009044292
-62.835592848805646 52.583909728100615 -1898.9747449063184
-76.41341107635525 46.54145723058108 -1894.1465942755303
-91.75957138077058 38.59257250111291 -1893.7942580896079
-102.2621301199968 29.90664714462319 -1896.105366543522
-81.74593167066718 23.551191915811735 -1894.7065292692153
-48.225213252483286 17.707256685649483 -1895.3828270419024
-12.222748935343105 12.504423225321416 -1896.1830776106806
17.233060779872478 7.59303557430352 -1897.3943612466974
32.417453841526054 2.64638414614341 -1899.2426849990186
28.896736161266407 -2.6224894010369786 -1901.8528258465321
6.76806164719983 -8.448404015763535 -1905.2269946847252
-29.187205657295337 -15.003963694818365 -1909.2463457709462
-70.51833307703116 -22.391662236115792 -1913.6948006210155
-105.25617770118191 -31.34660338748263 -1919.7675012775553
-113.90111587786068 -46.41385563023184 -1935.9164928209493
-92.12676564055451 -67.47837737444443 -1961.450741858523
-44.52350837570104 -93.2776970932962 -1992.7751190001409
13.698375216387337 -123.89779987828392 -2028.5565409195603
57.569067576245956 -162.2522703881552 -2072.505541099421
75.30023366460385 -206.0255155515438 -2118.5046350954317
61.599030847000854 -252.3985422693854 -2159.674073175603
18.854568701688038 -298.5232639616102 -2189.913807653936
-43.152908079104094 -341.6700913422737 -2204.919059875431
-109.41383504748221 -379.38297803415696 -2202.879301111515
-163.25775150847358 -409.6364130070628 -2184.7464310628716
-190.4895730150177 -430.98340079690445 -2154.0335389488773
-183.07544038565305 -442.67696745122777 -2116.185919012542
-141.42838768583644 -444.74887569397947 -2077.639759567457
-74.65056817003018 -438.040850588031 -2044.7427691211012
1.4143690414559065 -424.1017360579416 -2022.6961876202422
67.8947373681042 -405.06445642270546 -2014.727800733051
107.5194641764603 -383.41544533999775 -2021.608935587072
109.06029474856365 -361.7469423870101 -2041.6007325179812
70.43849343071314 -342.5136938840461 -2070.8375134257553
-2.487498484079635 -326.7928471750685 -2100.8009124871064
-89.46288499669646 -317.68778511930657 -2132.499900533469
-170.39835164265915 -315.50838613519477 -2157.8201071648973
-224.6803122557912 -320.32850354555103 -2172.9431125484684
-237.59756507853504 -331.52644499252233 -2176.0346826387145
-204.3302275253506 -347.91509504700355 -2167.5028941092432
-131.60215895381728 -367.9309300819025 -2149.852779054276
-36.475762778611326 -389.8513959679465 -2127.1724146016036
57.53150601274709 -412.0129813234094 -2104.351715955701
126.14205877727125 -433.0062399604913 -2086.1816510540643
161.29679997554848 -449.43778953888324 -2070.8196558708114
159.71181448621465 -459.8065979388767 -2059.817241810196
117.98429265326023 -465.2387636156348 -2056.7069342166997
22.587821890921436 -472.1580102232217 -2073.6544396676295
-111.13922013870933 -482.4669151138181 -2110.271639771793
-247.81875599910342 -497.3223252782473 -2162.247666983323
-327.01892292968137 -522.1539539154256 -2231.9316215345943
-320.7911335761247 -556.8210120988282 -2309.7854561404474
-226.98854303465487 -599.4381510913925 -2383.335729810203
-77.19941672470861 -645.2000422086131 -2436.4925572423886
85.71013021093304 -690.1601068869888 -2458.9599999700645
219.45666015248352 -731.4852073449939 -2448.1641722756563
287.0874240822919 -766.381066393859 -2407.1873295169003
266.7743354555664 -792.4657264871237 -2344.104798891499
158.20888690178663 -808.1333588159822 -2270.480488179923
-16.220455777351074 -812.8238189551149 -2199.298870621914
-216.03831314063768 -807.1395321022226 -2142.7046351298018
-392.1883821278973 -792.7951265531806 -2109.949459499374
-499.23563555367986 -772.4200848734098 -2105.899876086361
-507.25611369061295 -749.2473275072089 -2130.348593111778
-410.33146270400204 -726.7201739214685 -2178.218877513378
-229.28330751508167 -708.0562821305841 -2240.592201609874
-34.3125927166296 -698.8984954648558 -2314.212762728037
111.36195642988002 -705.0035182743312 -2395.2966704243754
178.31639703669512 -723.4478037116872 -2463.798952035641
155.40606702925 -750.6820549973302 -2506.243196596924
44.28972673906359 -784.3718966291149 -2516.4384863143778
-130.05207049147688 -821.4064212323107 -2493.5235853457557
-324.71131689874045 -858.3149518177573 -2442.258854811925
-489.07138698185105 -891.687405228395 -2372.103601836633
-577.5694364448192 -918.6014506762507 -2295.5178121497847
-561.4225260629444 -937.0910978765322 -2226.047959128777
-414.3419752844938 -951.2400596395186 -2186.521376691401
-167.33593713409866 -963.5609676440378 -2190.293869199091
-2.7075578131993443 -978.167975016497 -2248.645770543811
125.52419231163081 -998.3499568968763 -2353.584734311316
188.06035176982937 -1024.1183984792472 -2486.2659426964387
167.2256013709342 -1055.1972986378112 -2622.965960198435
65.91945339514115 -1090.7706902734553 -2739.3732807706892
-81.56062516953463 -1127.0003498161 -2808.3261620917647
-226.87142388400395 -1159.5471596880384 -2814.1369765584836
-344.2022220546323 -1182.5645309947554 -2747.827486840155
-406.76904051179076 -1192.2565361978968 -2619.6810232223024
-400.92755969430067 -1188.0131873292858 -2455.9007877283625
-353.5458094503639 -1174.4464222971837 -2297.6367308656413
-278.1733769689466 -1151.5281694492999 -2171.7123663468374
-192.78204593333274 -1120.0825891234979 -2098.5451231321845
-118.73871670660178 -1082.4781120989119 -2088.7726369129045
-75.41247783264737 -1042.3525217585402 -2141.521438220143
-75.00747648571665 -1004.0805025846404 -2244.766212245523
-112.3045193934517 -973.2228193172859 -2380.220251888149
-135.53454545414104 -956.2029361472096 -2526.053754087116
-139.39745241767284 -956.849969508649 -2663.377833091943
-147.47112353776842 -979.6623359789571 -2777.9861679205333
-166.53909617279024 -1020.9201958979858 -2848.5886613155167
-190.46750041705877 -1075.0518655037904 -2862.668200634605
-208.05096051538783 -1135.1221132858605 -2817.9407433285905
-214.3008634015315 -1193.3682789734178 -2722.31781158828
-206.71411708414973 -1242.2912474132586 -2592.415284339702
-185.8134651593832 -1275.5785097205 -2450.4214218185903
-155.5788848417714 -1288.9778621050734 -2320.5593177728088
-160.379746666547 -1282.4609105727682 -2229.2514430399992
-206.05541653095392 -1254.2123472513 -2182.8899113157145
-277.4590730279806 -1206.7380129561202 -2186.394821921381
-356.45914921901414 -1145.6570151722542 -2234.976318439752
-404.87213067854094 -1081.6303037121686 -2325.3668679904135
-387.5419133119175 -1025.4100588001243 -2445.6607478602687
-303.71494046480746 -981.7765328235984 -2571.0179446662705
-170.4683544344272 -953.5732574701385 -2676.537598746239
-33.5921293835259 -944.0271902361694 -2750.8122103094693
47.07481669631026 -955.4677381476679 -2789.2926405861913
46.320390141072934 -983.1930599068628 -2784.1301348815073
-35.85083989676166 -1020.1193576486418 -2731.7353703456984
-167.21876179020006 -1056.8022490687517 -2634.3433226302313
-314.6835600685934 -1087.21380165877 -2508.718282017873
-439.8340844287217 -1106.5410817583677 -2375.5043226779258
-507.74921979065715 -1111.5694841691106 -2256.178450011817
-496.4778863375413 -1101.0202345323955 -2169.260164799664
-420.72786402528595 -1078.7983642139545 -2137.963632014453
-316.79294291353347 -1050.869068837609 -2172.4850880438
-194.47358673182814 -1023.9826971131521 -2272.340032576629
-66.28806842425972 -1005.6392055656662 -2424.7422335761316
26.16491437079649 -996.1422177069074 -2594.25802822045
47.22740525912803 -994.5155031269584 -2742.2612080145254
1.5793308939457895 -998.3290226050009 -2831.2693069256347
-96.99400339514479 -1005.5747949540284 -2841.907161715503
-225.39978359618982 -1013.8716705418116 -2769.8021640417505
-351.34255227056536 -1019.7735911327001 -2625.6792057533085
-454.4915479855899 -1021.8094283543069 -2441.594732832733
-529.2829739242952 -1020.4608937280782 -2258.898470772669
-554.7014557192999 -1012.8107654927496 -2107.9687875019317
-520.9088570352546 -997.5357398981495 -2013.2167586770406
-439.39766398308103 -974.8937583926175 -1988.3442328031629
-382.1145103057473 -944.8769419304425 -2032.5787957107839
-312.67729672527145 -913.778295812133 -2135.1775664054476
-248.79143488044605 -885.8623359542187 -2273.6916255672204
-207.83985719962493 -864.9802302839685 -2419.3777788322577
-202.28324785303997 -853.8020649003244 -2542.5552463601234
-233.7974604118693 -852.7283452570107 -2613.6555804378754
-281.84448508801523 -858.1641935645263 -2615.3662163594104
-342.23010440036904 -869.8702305396221 -2550.032653234884
-411.9649773540213 -888.3772293023276 -2438.3693968414923
-473.22453541877763 -908.9002696313606 -2299.129676019262
-509.7433635255081 -926.7341307604294 -2156.0440898106813
-510.8941872743367 -938.1209824049398 -2033.2723283489775
-474.8306128364493 -940.8021591500802 -1950.945759216677
-409.50327469332535 -934.2884579917439 -1921.5000176751084
-331.14457814297 -919.8164336247352 -1947.4612730856588
-260.4634368172497 -900.0147506886606 -2021.0794389454456
-217.4152421235191 -878.3527128702549 -2125.8606846270927
-215.8467440803057 -858.4739779582126 -2239.70234668547
-259.43233150063276 -843.5293719257854 -2339.040116019203
-340.0653928364161 -835.6165097272178 -2403.234606454533
-439.2892248254258 -835.4151003330517 -2418.385549168674
-532.5793555427894 -842.0777319729143 -2379.8727597631964
-595.516407840453 -853.3971422402329 -2293.161511964604
-610.3217959508719 -866.2250024645522 -2172.731255981176
-571.0325262151077 -877.0716321603747 -2039.332434906977
-485.8429382978525 -882.7819058310956 -1916.0847476690892
-375.79999764101325 -881.1715373444225 -1824.1468788622744
-269.9725393030195 -871.5058990846597 -1778.7675259141556
-197.8243177205599 -854.8101784286321 -1786.2999042394788
-173.7699597831977 -834.4607518755197 -1845.2143772312013
-214.3175996134305 -811.1826329905952 -1936.0055273457203
-314.53022823829235 -789.2333498579026 -2039.0329304584816
-451.9679103038426 -772.9006642890893 -2133.4955870619765
-592.8190505204994 -765.4681204101645 -2200.391134210812
-700.2441753145151 -768.5673676843752 -2226.1077061537712
-744.0849548093738 -781.8499012782363 -2204.9950001402635
-709.4086743357036 -803.039251920399 -2140.416371566776
-601.5090359775353 -828.3543143092919 -2044.0705490338255
-445.805711292593 -853.238108718098 -1933.7090923272706
-282.33059288695654 -873.2622749861154 -1829.6880514522654
-155.9226986503687 -885.0442209159336 -1751.0240709931652
-104.02157140954728 -886.7872254313779 -1711.8416547442985
-154.44587975777424 -875.6185135854378 -1710.268129018412
-306.8979761519957 -853.5779496469239 -1740.5067850771466
-528.2994731243718 -825.8590123154199 -1795.1146958172635
-763.8049173599053 -798.7574396560234 -1861.6904984211646
-941.632943328805 -780.3157080757171 -1930.9822497044
-1008.681581343948 -774.953857550674 -1991.183758589679
-940.7121264974415 -784.1049580400844 -2030.3181557702005
-748.0361185919458 -806.6056875080787 -2041.157770776847
-475.0378659805043 -838.8529195686921 -2022.470465945014
-190.60400864661696 -875.5311936097221 -1978.9790903126188
27.09178546460896 -908.6854466846204 -1917.0935062225403
104.91267878349673 -930.9629643767295 -1840.900767715916
11.480082894344436 -939.7089263313765 -1764.6746500777085
-241.15410890050228 -935.0228850138103 -1701.6859138914308
-597.8019869827403 -919.7816762518089 -1661.7329471864095
-971.9449447921694 -898.9602540116407 -1649.5442030435656
-1266.6701533553255 -878.4529643847602 -1664.3196531648182
-1397.844271377576 -864.1566823331968 -1699.835978654109
-1311.7453110579763 -861.919888850461 -1752.2845094048478
-1017.2901648771513 -872.9542421878512 -1812.4312520322405
-580.7634796395579 -894.0400873348316 -1867.952661664886
-118.56353288722583 -918.5175144118169 -1901.936396183369
247.09524840886988 -941.3176437050128 -1909.879366282763
412.055953848596 -957.6027288810865 -1892.2348732525086
318.5108460472474 -964.2078693466106 -1853.3101594773646
-26.734165417536065 -960.7031588634502 -1799.9598980995097
-540.5707402401574 -946.4385645012873 -1731.5558964574407
-1093.9649025558076 -924.2771870250525 -1650.1790547821743
-1558.660727102972 -901.8134418256126 -1572.3620724274303
-1810.33843219856 -884.6144040401316 -1509.7013210069636
-1770.7208855821993 -876.2711116105045 -1470.439021612688
-1435.515202478598 -875.9364477216316 -1453.5261690667107
-874.0136109142819 -882.4356061351937 -1461.0660593354453
-220.8379218670012 -892.2416589722751 -1493.9005237697052
356.4130309823187 -900.4339356195858 -1548.0828364137894
706.9266024894215 -901.6484564547667 -1613.0448650113278
733.543387901141 -892.5484014278856 -1675.2752042003199
395.4166854825617 -876.039597275785 -1729.1513934676118
-244.1485136871605 -857.0442106486588 -1765.202767338606
-1036.1716538578457 -842.530789679211 -1774.0957993612412
-1782.8256219969442 -839.7008251064378 -1750.0430446902044
-2286.604171113661 -853.6651357674518 -1692.6481138585548
-2401.692548384816 -884.907044547522 -1607.4593400847657
-2083.438027108151 -928.223592580055 -1500.3691796263972
-1391.6634006719519 -976.9099061828173 -1389.801668075616
-487.8204694405483 -1021.1800381810874 -1295.0535153296166
408.4344940872796 -1051.5852203724685 -1238.412457627854
1064.0123748520507 -1059.8834269548352 -1238.188502339431
1292.6061029419816 -1041.3741062695344 -1297.4950344334532
1009.312626361896 -998.0780214913334 -1406.7618567392988
258.594130597796 -939.2391374811364 -1544.7794938926863
-790.0998193145439 -879.3856932406303 -1682.3727954499525
-1804.4677345479329 -842.3540044531749 -1798.8720729906347
-2337.111483854151 -852.5915708954616 -1858.2436155040452
-2467.4444267760455 -889.876703633667 -1849.2463786565354
-2150.6158798881165 -947.8408353745336 -1759.464874756916
-1448.1144567571225 -1017.0172097851433 -1604.643437556186
-525.3096786136108 -1083.594705882257 -1414.9922929515278
385.61339321227376 -1131.9747355037757 -1228.4041871840093
1044.986149462424 -1148.4799807605448 -1079.249048219328
1271.9004039767337 -1127.5838310568672 -1005.9518485748266
981.1110113750303 -1070.398194672846 -1022.2145483851483
217.98407606433744 -987.6125928982683 -1122.2154510202233
-846.2017384928706 -897.3060313729616 -1281.6515954218983
-1952.082782679102 -820.3164375817944 -1462.8850870972863
-2815.073582547147 -774.8078393798936 -1623.2708909628827
-3198.197118444456 -771.8577697084563 -1724.9468356535938
-2975.3154697808245 -812.5069525064506 -1743.7099666001952
-2177.8620838741067 -886.9316338148701 -1669.524162509984
-982.5032941435877 -979.1166003876731 -1519.3355661199585
320.9292384248408 -1067.611857351661 -1327.2770788606622
1398.679713231458 -1129.9248898501658 -1136.3480647650088
1957.4716755656787 -1148.190226440037 -988.2397522223637
1822.9569123250717 -1114.789759815458 -913.7553981615877
991.561537425707 -1035.8479786988637 -925.8966097996113
-359.3582895757113 -930.2555777096044 -1017.008342000601
-1907.8502962893203 -824.372655192164 -1160.625049284015
-3263.249693415243 -744.468031121063 -1317.846854062958
-3902.890055726727 -726.2067598108856 -1454.5018381744817
-3642.503095903393 -770.7863815754799 -1539.6951983558083
-2636.669489996023 -857.123228254408 -1543.758276611466
-1105.161766263732 -967.521689090893 -1471.4303010642586
580.3697912968918 -1076.5294646078373 -1345.084398030063
1991.6507640474445 -1156.656528869333 -1200.384211760586
2749.21955068977 -1184.8555344548195 -1075.3125715502983
2622.7245923677756 -1150.2006073625162 -1000.247993892972
1604.378261205534 -1056.3059880183876 -984.4341834754823
-84.1335897424125 -924.067227929465 -1019.4627640850757
-2044.291726115398 -786.2422313755364 -1085.7147400527274
-3789.1756159551464 -675.491041260856 -1151.8106186381835
-4866.5327344959405 -615.2798525221814 -1185.2376547189426
-4984.7412251999185 -617.4347432319041 -1171.0779177419201
-4074.4453004999677 -679.1451349170298 -1106.993509380123
-2322.970670286616 -783.6923979880172 -1002.0842659194926
-125.16250613774157 -902.0332361710236 -873.6391342441491
1976.6740502110474 -998.8853157062481 -752.6226996340708
3442.420447486915 -1046.0575803499232 -683.9500928707062
3867.08399847752 -1026.3586657877904 -695.3204082540419
3090.4108391649647 -939.6145225402198 -790.4327000749466
1259.5084663304526 -809.6019302324768 -953.7717716296446
-1205.4330465183116 -673.7815834691751 -1143.61261960049
-3250.5543515582362 -632.2916463393736 -1381.6035515548383
-4345.436283939325 -667.3057789100776 -1483.1470341971312
-4584.503506125027 -762.6101341113122 -1530.188661311175
-3893.1353142111807 -903.4644401736746 -1464.586326658402
-2408.235638052435 -1072.1643208539097 -1303.9073097834032
-488.44630276456667 -1236.5452122366555 -1073.64058800431
1394.8057455520836 -1364.210323305465 -830.7657819534785
2783.3985070695167 -1422.2807270199519 -628.5031278811795
3326.810197777821 -1389.6943340727435 -506.96485888644975
2750.5678080198168 -1253.7395810832015 -484.6402307473453
1211.0679004372435 -1053.5797128126128 -570.8134776571193
-937.4077428745236 -835.6896159300887 -748.9412286524927
-3186.2145988303882 -644.455347108957 -964.5462848571285
-4977.621133424283 -517.1092707991495 -1152.4236469707305
-5862.668453272948 -478.48885622997494 -1262.0139905162944
-5599.195548657138 -535.3083301591619 -1276.702888404237
-4206.535283601936 -667.547654515468 -1181.391968642864
-1997.182080045463 -841.5398946479186 -986.6010398494747
-829.4409454874568 -579.9570413079457 -149.27137023441585
-1140.9500488437684 95.30054758902214 1225.3979676581184
-0.05590870766566258 -367.96713501132655 567.819812247861
767.8729174551312 -166.9485005519327 910.0527674214226
1133.6104061391572 14.656371006261224 965.6580400959089
1073.42195777942 147.96581382401172 736.8398960241194
620.8041824308442 223.3157099692861 268.82665178885503
-115.79067968569845 233.70350716999283 -344.0170524538277
-1010.8742125045071 174.28826657164663 -994.9774890461488
-1909.8363291623516 50.88133105311497 -1566.0276723600973
-2657.2942809495166 -121.37619147445827 -1948.797112615035
-3128.730571013119 -320.31229486151193 -2068.0583032398467
-3254.573787361875 -520.32774642059 -1898.0254248691103
-3023.170212442941 -701.6214608355295 -1453.2041894579363
-2485.288943466594 -846.2970758977955 -798.6468426470733
-1771.1159993938295 -914.6737530350941 -99.46876365494803
-994.2322011691338 -898.3021721486399 535.8640535860604
-284.5237598876188 -804.4835916130752 1006.6333389588302
236.84434334308617 -653.409087252949 1236.974879643438
483.39039619935687 -474.4089545875151 1192.663539772036
409.5346065701608 -301.525203192131 880.4347647171222
43.94285512120494 -162.2809512811884 361.18251731783687
-534.8834784270983 -77.23042628337227 -270.177268318862
-1213.642035233215 -55.83044660213604 -902.4842275374994
-1845.0758552022246 -91.41856484108186 -1415.6180544050483
-2317.0696352744076 -172.67552553550607 -1724.2512549298567
-2566.91155032287 -285.2549462642565 -1789.568747784102
-2586.23776304192 -412.0812585382916 -1625.1867148159354
-2386.8288866737826 -531.6213854241004 -1270.3953582362515
-2013.2852943505864 -623.9298225124631 -793.2509917651586
-1514.1685222395204 -671.0061963905861 -264.1740542190522
-980.7262965316766 -669.525794708277 228.06237049301072
-506.90089536972323 -624.9587407977633 603.6198674684479
-173.46951943281576 -550.7757429290608 805.2966518199829
-34.22379410000899 -464.00144739243154 805.0410946383953
-90.15560206432536 -379.5503699264054 620.6482183727294
-320.9105769152196 -313.4798646654241 292.5258687146705
-681.0536781355881 -277.67153904381786 -120.00806805724699
-1077.8352654809548 -271.3588202312256 -529.1702238093368
-1462.6975127654753 -298.55611823299523 -879.7434855812318
-1774.9391405985166 -352.8963540155392 -1118.9396511399011
-1965.16702142681 -421.2751677543129 -1214.3522486302825
-1990.5791481614383 -487.06684006871507 -1144.6649327302819
-1898.2180046470664 -543.2484361148463 -940.0750734520094
-1691.493742324927 -584.6140972528657 -659.3914127057258
-1383.5133532959217 -592.8715637254977 -320.27706062961147
-1057.9078430856316 -577.4241705015268 4.901359431583632
-769.1373507280958 -542.1099928596935 262.0508734814181
-538.856005083138 -489.09828422945094 428.0787805510075
-398.0533199024622 -429.19280851208583 483.53853258857987
-366.4475371650808 -374.52213500673 422.884324772617
-441.1806204745521 -334.8051211327098 261.9952089501975
-574.996926072262 -307.9523181289827 48.59357087990714
-761.9552180146986 -304.3612194659625 -192.86479358167153
-968.5232270585792 -322.5722096378014 -425.14197277274934
-1128.695340163963 -348.12917138223224 -592.1982345095697
-1269.951016925669 -390.63481343072914 -706.6862201225642
-1275.0158889684596 -466.89512476852485 -620.2874629161801
-1621.2068069597424 -346.57252563939704 470.6789727068677
-924.2492094174247 -512.9037258541236 -317.1206227888487
-695.0907024605751 -559.6798710496222 -39.08631423649384
-432.8930149393755 -546.2105452231392 73.21831348896734
-180.8999793438841 -526.6154620165951 9.566291233401007
-237.89063384956907 -495.20840947810547 77.05315258242314
-411.75949036694465 -450.35046932551734 45.91695266506047
-578.4307987402958 -436.09495443323186 -34.51740982983471
-665.2875994648315 -515.6422083211169 32.74053578217226
-806.1079828944985 -524.4183855184883 9.739737166425568
-370.9031640503771 -212.68427007872683 -1.9039486965427705
-93.8044203604579 -6.656131584575684 -55.24721008981493
-70.3268126145252 10.573017741009116 -59.27977865744018
-70.32695935948104 10.57291005145089 -59.27975345196046
-70.32695935948134 10.57291005145089 -59.27975345196046
-70.32695935948158 10.57291005145089 -59.27975345196045
-70.32695935948246 10.57291005145089 -59.27975345196046
-70.32695935948301 10.57291005145089 -59.27975345196046
-70.3269593594837 10.57291005145089 -59.27975345196045
-70.32695935948425 10.57291005145089 -59.27975345196046
-70.32695935948469 10.57291005145089 -59.27975345196047
-70.3269593594854 10.57291005145089 -59.27975345196046
-70.32695935948625 10.57291005145089 -59.27975345196046
-70.32695935948675 10.57291005145089 -59.27975345196046
-70.3269593594871 10.57291005145089 -59.27975345196046
-70.32695935948807 10.57291005145089 -59.27975345196046
-70.32695935948877 10.57291005145089 -59.27975345196047
-70.32695935948936 10.57291005145089 -59.27975345196046
-70.32695935948968 10.57291005145089 -59.27975345196046
