179.3415061956814 -157.6572226300499 -1106.9997952755627
272.89808046912276 -181.9692902220993 -1038.2954381261911
332.5692759149564 -188.2321346936422 -851.1911504974279
289.6866322303965 -191.39440550468123 -739.8101074219098
198.04423691008364 -187.55283210847296 -735.7880225458047
223.67050561102178 -142.1776634568772 -718.2946494810238
307.876543729812 -76.25759147519062 -703.0852727474013
300.49506933253576 -31.648058523323638 -741.5313175898675
268.6557664690198 9.70451925411453 -778.748103305702
247.17657788593547 46.29803971901936 -805.0254742314422
240.27985042464687 78.19144341226547 -823.888603539018
240.8416765733277 107.20789754390836 -839.4909086607782
251.0149451955995 131.16874354420105 -861.5890802957792
284.13154748520355 141.36927113000297 -901.8620301615243
269.37254016782305 162.70307081576618 -918.6894001894785
184.10475709623313 188.25087664207985 -932.6708060946487
159.0003625192242 214.88841978751339 -950.6520920845319
185.84498028958203 250.6134893401324 -957.2810817152799
218.5365772443905 289.7981928492044 -967.084844116215
219.34954859827383 324.63024753049297 -989.4195182191013
245.7686255683383 342.5798027372551 -1037.9540008444721
244.51322515554207 363.4080894832792 -1066.4290397004095
226.59126349789395 387.83106283329255 -1081.1262881594885
201.54951343135136 416.9553909597212 -1088.7610415217353
117.75339505803561 450.06279185319187 -1096.6688249952483
99.78618550037677 481.79649154306503 -1111.972661874745
116.58309751740647 513.3529104142908 -1128.8864312578894
157.01868067079545 535.4178047562641 -1160.3655851828166
194.66804658219593 556.2118090458412 -1181.2534391802742
207.7106502961387 588.9041366346248 -1179.4596055916884
187.8188936832598 618.2786751725899 -1189.7684292731724
164.9376139344072 647.9640208601012 -1204.3914708914017
151.3221740769069 680.0034418027324 -1215.2883693477534
71.06907572656307 712.006227696449 -1226.5411084499788
44.4874212062088 744.16698244665 -1236.6007306528459
105.20291216463195 756.39238813622 -1281.4794589281676
130.71379224746437 773.5813880715625 -1301.2045278256323
120.78742353421657 793.3429695506788 -1308.344135192776
105.67079283643643 815.4553870572202 -1312.597872583261
102.30793938592441 839.450106355315 -1318.1134012307893
115.36346454988467 867.5144655731871 -1319.5734365856283
151.19588282757724 904.0646238521787 -1311.6802051574084
166.38073075462557 935.8788994870793 -1318.9548832231778
127.10513029371762 958.9881363594088 -1340.5783043266695
107.77766665962916 971.8882986268442 -1368.534384207223
119.1682851593112 984.6528298833234 -1384.2596459519286
137.523436348167 998.387913215133 -1391.4160350900318
147.55291533497694 1013.3952133404024 -1395.0737365456334
148.79147577996577 1029.5701945992873 -1398.3537685503222
147.24532267960612 1046.6162455297124 -1402.299016362676
147.1070844857808 1064.1969854049903 -1406.8150894582843
57.653543069854365 1083.3752128055708 -1407.7581474796475
-341.3091215582131 1093.545053141618 -1423.7833294674829
-192.9361750731473 1101.8564576174938 -1444.5715610605703
129.648462085582 1107.2183594268026 -1459.567710746761
208.0852610958628 1113.0385656046471 -1465.532463873167
115.60965948103241 1122.121951781594 -1462.939023444676
-7.727227103326851 1140.052190745564 -1449.878240850424
-40.00263046774977 1157.8749773014251 -1446.2411430177724
16.331266511138697 1168.8558165279517 -1458.476898051373
27.822497354594855 1176.962737236593 -1470.9732171607116
8.832041525934642 1183.7242682489446 -1478.5361278080345
-15.76467401712911 1191.926723013772 -1477.141028657094
-19.35143036690512 1195.932646192439 -1484.21632578561
-16.293457624667607 1200.3310233628995 -1486.962307585884
-15.339645016743672 1204.0931985835002 -1488.0489426327158
-18.666397410435074 1207.1068645269988 -1489.087800875204
-23.916034731140122 1209.3447516908284 -1490.5973276119155
-28.558994717582387 1210.7921907241348 -1492.5027072244034
-31.92619683422937 1211.456202378578 -1494.580195930304
-34.66736812782534 1211.362903429958 -1496.6686525161067
-36.567606708021174 1210.2507636304695 -1499.333693615057
-19.667530316967998 1199.7281687181883 -1515.63877933123
-9.50875587633182 1186.1326311505493 -1530.713218147568
-13.675399936659005 1173.4460481804022 -1538.7697347129147
-10.047704076200926 1162.572913572788 -1541.1838690287639
2.387507913592657E-4 1153.440084184716 -1541.2149826459042
-5.765419241119396 1145.4898914131206 -1541.278229415326
-14.90832717189694 1138.4174777284884 -1541.9700422512506
-21.424466909888974 1131.783028308071 -1543.2352929661697
-24.64900855857266 1125.2156086649734 -1544.81413754894
-26.039370821810405 1118.4430969075975 -1546.5124402814822
-26.97681461627688 1111.279688464606 -1548.2689240171333
-28.080094772032773 1103.60820732204 -1550.1118589468988
-29.39205983097215 1095.3705056396145 -1552.092125628235
-48.40863499519232 1078.3972475057978 -1567.574858746692
-74.45633932488538 1053.7389834128774 -1590.1830725287525
-87.62269707921044 1030.1227995235251 -1604.7561406126576
-89.12270512324571 1008.850899528042 -1610.8338745030082
-85.85149956429893 990.2664914460146 -1612.4068489197007
-82.78921751429746 974.2316523961491 -1612.940553596509
-81.54730317873171 960.2888173795419 -1614.0512224568938
-81.71611216826635 947.8698281018794 -1616.0004212059675
-82.41080205767359 936.4513336400294 -1618.5211118262544
-83.0479691771896 925.6192830243392 -1621.3345009988523
-83.44663344751757 915.0700699142789 -1624.3098822194925
-83.64887507440966 904.5873559583129 -1627.432739485304
-83.74299363186178 894.0185686028813 -1630.7303857582767
-83.78219456177838 883.2584512614972 -1634.2236082716254
-65.81347190075748 878.4294722287812 -1627.1190620149412
-47.54985215679325 876.1305981647638 -1619.462724859275
-45.03439571394069 872.426841657088 -1617.6075040873172
-52.74932368844215 866.6887145876956 -1620.7418822641805
-59.850110733237194 858.9002085777863 -1626.1706689980215
-61.72323315368822 849.3268630223483 -1631.9590002320795
-60.27769272799633 838.351527477954 -1637.3860517761684
-58.89829754076371 826.3644452346953 -1642.4591121439569
-58.97485090676503 813.7034957540479 -1647.3830214223995
-50.367877431106436 800.7395162854536 -1652.1190232280958
-47.06556727935518 787.5193545678271 -1656.9785080797672
-48.91681639719814 774.1823584017027 -1661.9423202679861
-51.037807050589024 760.8405635863492 -1666.910269310673
-51.59931561404124 747.5518369473023 -1671.839927553993
-50.8220946214652 734.3432060678979 -1676.7240376012005
-49.50361821554644 721.2174211092304 -1681.5703736443766
-48.19735554172089 708.1598592920457 -1686.3906622416991
-47.06766965965975 695.1464000143303 -1691.196026697206
-46.05563624831666 682.1504857575889 -1695.995418816576
-45.05941395294144 669.1479737285277 -1700.7950743077415
2.655629219455169 659.7127498825017 -1696.8474636142084
-10.786243576004217 644.818537990588 -1710.6924399906554
-55.42918418188214 630.9040117392328 -1718.456098372414
-78.18881412454765 616.9914663059828 -1722.7076593422019
-72.28510967388662 603.2379368964058 -1726.0516295119821
-57.55494407909026 589.6697557325226 -1729.8654332772755
-50.14583935473202 576.1885045193793 -1734.381447872675
-24.083668191980657 562.9418975198774 -1738.8101164911873
-11.554185947895979 549.6126772836262 -1743.467108787584
-19.593624867918074 536.1272791057913 -1748.3666762455919
-29.392424088559853 522.5609424001832 -1753.2397358727892
-33.520230545953375 508.93511526897584 -1758.0263688002874
-32.60743746908518 495.2761532426209 -1762.7410844398382
-29.7040846893186 481.6073143057764 -1767.4056331060406
-26.984395096524977 467.942851765244 -1772.032173849194
-25.10066567016897 454.28864593347384 -1776.6255509915575
-23.813105457128476 440.64537446242724 -1781.18731065938
-22.70786784223863 427.0114619022891 -1785.7175199265819
-21.543068506990753 413.3848884109881 -1790.2154401378923
-20.27189386120856 399.7639276458287 -1794.6800452341627
-18.940926458629328 386.14721760055204 -1799.1104528265823
-17.602441277373703 372.5335849188838 -1803.5060899936539
-36.58364375634146 350.04533929821946 -1824.1520847887928
-77.41245435651939 313.9888780435385 -1864.5244252510552
-99.31100708571866 279.16712109263386 -1892.4138430053006
-98.62388754078091 248.058596187164 -1903.8105060391963
-86.94599582057123 221.60612266304724 -1905.5683674561408
-77.1773312872888 199.86137526899483 -1904.6728782970135
-74.1388056930415 182.12438395323716 -1904.6111930595443
-74.89093178971471 167.36167198594387 -1905.979509653264
-75.19364708916086 154.5817783738812 -1908.1939064800401
-73.58688214904964 143.01158628907018 -1910.6569251351502
-71.05497146214411 132.1113242613592 -1913.120629313898
-68.89953918890627 121.52044024293929 -1915.5970982202853
-67.49461458719158 111.00111888229236 -1918.175949536991
-66.46152306167468 100.40151678431641 -1920.9166356371554
-65.36530987549448 89.63513543690738 -1923.8266835949248
-64.08974753222898 78.66636432840579 -1926.8806567950137
-62.75681462317724 67.49602021869805 -1930.0427497213768
-67.4683958619542 59.13785578087527 -1927.1873368908566
-85.7521911608765 59.189280210318884 -1910.6877058524497
-99.66126938693495 59.2064536831316 -1899.9193909057333
-102.30334264371369 57.46748162163584 -1898.423779211207
-98.09922028119331 53.41218825819283 -1902.6189876854537
-92.84898434662317 46.98605139932255 -1908.4038729828378
-89.42596655731172 38.60085096413002 -1913.6379826887405
-87.95774012757676 28.869192783211872 -1917.9315105312432
-87.48314286496671 18.36483018870183 -1921.6464881621143
-81.03365872989522 9.333110029743352 -1920.9602632903077
-45.860133873792535 10.554197389147646 -1902.1766592082301
-24.369562345451964 13.03694946724221 -1888.2527745567402
-28.123456201963094 13.969385823386915 -1885.0690537150606
-41.4391643136682 12.537600422177775 -1888.9465774681469
-48.66016358322244 8.532055584389298 -1894.9947339049268
-47.14503719609953 2.2776168966132104 -1900.510373321076
-42.72142363614187 -5.616115507471875 -1904.9320362912426
-40.50365494852555 -14.533839354236022 -1908.6637397009554
-41.071433731602426 -24.002322058152004 -1912.1706337943501
-34.95988262379225 -36.58062371009407 -1921.6258872402036
3.9669463322040963 -64.56165359086441 -1954.3973862682406
41.302317579323194 -100.8156339396038 -2007.3790021585048
39.024678466879905 -132.8375952491001 -2029.5690872060136
1.0240739513026758 -166.22291167841752 -2044.1865771028488
-28.695560120613298 -212.70529070324784 -2084.948529176014
-53.033674579822595 -254.0651076376932 -2114.8757598447432
-64.89835837957963 -287.2024431329834 -2125.4900099575557
-59.42003236742724 -311.8466425912203 -2123.463949134905
-48.758336437375 -328.6608803899682 -2117.3517889961067
-43.47645389359944 -339.10170583940413 -2111.9706460958732
-44.499777217794424 -344.9779469598724 -2108.446514529021
-47.2778928761327 -347.9640368582082 -2106.1813041625223
-48.355840811924175 -349.34557873118166 -2104.4160882722986
-47.64348435263355 -350.0201850668816 -2102.8158305487386
-46.69779118380596 -350.67236026538495 -2101.446020299438
-46.51545943895129 -351.6537855280433 -2100.458409963366
-47.0244373929414 -353.2500028004648 -2099.976767695306
-47.760498218191934 -355.55041653235975 -2100.019155852717
-48.43166178581604 -358.5409068696066 -2100.5183808783736
-49.03451231875002 -362.2049925156645 -2101.399843298992
-49.694594514150396 -366.50296482836353 -2102.603406982126
-50.49050651839263 -371.3896247578319 -2104.088738617875
-51.41217603074192 -376.8312075352753 -2105.8332908097022
-52.41523992592208 -382.8111998615569 -2107.8282225577636
-53.47447460390967 -389.32678189532055 -2110.0737611043032
-54.59196322848581 -396.3801358687036 -2112.5742409959967
-55.77730082364188 -403.9692670081152 -2115.3334891688755
-57.0317085329107 -412.0820948847381 -2118.3515844155563
-58.34791677649595 -420.6957110174159 -2121.623683031668
-59.717949482175484 -429.7804622343193 -2125.140850240488
-55.76280743224776 -438.0237388244623 -2125.249815965997
1.7862563861885394 -434.94518655688097 -2101.7371069922674
39.17586652789865 -431.86276633985443 -2088.480796781784
-57.71559233859927 -452.8260215132818 -2134.652283452638
-162.16686568011895 -482.75637205190236 -2186.89702050348
-166.77963177728572 -516.7946223073017 -2221.9824862720293
-12.760910867423563 -570.6043749868784 -2278.924317805089
105.52217173799741 -623.9220542988378 -2322.012473505577
102.67287055407692 -669.134115601473 -2339.770745374388
38.87641126587557 -704.7122582373078 -2340.6139121953374
-40.88241614805296 -722.9947765444678 -2317.6793456282853
-104.32826036881588 -724.9669140357184 -2284.0287633972166
-107.93492174368924 -721.762461768627 -2264.412640783107
-81.59334222002379 -717.0282970713515 -2259.279385237072
-65.72107447409728 -713.1943758260917 -2261.324385623027
-71.70752223617765 -711.5298823807592 -2264.508495873123
-86.95513936420541 -712.2894039905246 -2266.432616840177
-97.59067441626051 -715.1496196020091 -2267.2032145917597
-100.72806428617159 -719.6090776736241 -2267.6840081341966
-101.25189634208276 -725.2149334708236 -2268.4676853322826
-103.69105296801186 -731.6315781043058 -2269.663325774243
-108.52671182779964 -738.6214471209485 -2271.100593346187
-222.12305780778738 -758.4801618876469 -2304.5002408545124
-341.6799729165626 -797.8134004342862 -2366.626712264992
-347.10392978681114 -835.2590878692467 -2398.4145741743746
-224.25308689311473 -854.6371392932883 -2372.376885286034
-125.18219573922184 -863.6392256964598 -2340.253197394535
-119.47086179326439 -866.229355575392 -2323.006567819075
-161.37964438329266 -865.5414313902199 -2318.9842078415345
-186.9705468925051 -864.3837596576986 -2319.920972318741
-177.7692195634048 -864.1542248323832 -2320.3099211627887
-152.12857745946607 -865.3943303136913 -2319.9840170912366
-39.22876956926863 -887.9093734855559 -2363.4136476498215
-82.63235513279676 -921.567602598934 -2423.3348677700305
-232.47245368904325 -978.7510729597315 -2511.4389367124445
-251.85140871100631 -1039.1575315869518 -2564.7376058947025
-203.41565596349977 -1089.5960227707847 -2573.9355143581656
-151.9633295026468 -1126.0787684577167 -2559.919182401806
-124.86400028351885 -1148.2227355770292 -2541.7926408354497
-79.26175668658053 -1148.4728380840181 -2497.585879133446
-36.01065107484924 -1130.509154283388 -2453.795435071182
-55.63650694544786 -1100.3319051248895 -2410.0393857128565
-118.94872037546244 -1059.7831712700413 -2367.789354781582
-172.0099295278454 -1028.4835857103049 -2362.6792767508678
-291.202794593875 -1028.0299265435033 -2421.4559410294887
-347.09076101366645 -1038.0827672847913 -2464.906913822791
-315.4260895450828 -1051.3111640269913 -2474.573506632218
-260.16103587042096 -1062.398557917703 -2463.100276447854
-234.41440445400252 -1068.0455433649881 -2446.497619727417
-281.4796527986402 -1066.817862955709 -2431.8003854156345
-292.3632826336975 -1066.880023928647 -2434.861470309997
-96.23361329909541 -1080.207237963542 -2457.4676348958847
37.124690722251664 -1094.3306763182648 -2494.3981769430934
-66.61382920669423 -1125.4986735305295 -2557.9637138877056
-198.54153707626665 -1153.117815738014 -2586.369073938641
-228.80548601999894 -1173.2749533981134 -2578.549653834745
-179.68425810096835 -1183.1425298136012 -2554.030553953588
-126.52915551232434 -1180.0359193920685 -2514.6295891838477
-121.81846146708696 -1167.9412766040898 -2511.9164068415503
-142.7497842916825 -1151.1969077529116 -2500.6469370122277
-159.27600365040817 -1132.389781438583 -2485.8843403096744
-285.4160424968211 -1125.9468993682376 -2510.0502565288175
-408.62348094643505 -1106.9947941181724 -2480.78304104002
-379.97264692785194 -1079.8599551798916 -2438.9130218369105
-292.2259576832853 -1051.185740805174 -2407.449441756988
-176.73721796849452 -1037.7937238433788 -2429.012576602165
-67.6225462278901 -1043.6243351344388 -2482.5436614937857
-58.7657536221442 -1050.075252156688 -2509.613475336696
-110.65480149385908 -1053.6993092713233 -2505.1979527576586
-208.33275241413094 -1063.6477941653056 -2521.8147472721066
-341.2888965964467 -1087.593983700863 -2566.7837507228696
-372.2373555858194 -1107.6463407979631 -2584.545129431213
-313.32349252346955 -1118.9982759605855 -2566.4686922399583
-191.3542949531255 -1107.3719735558284 -2502.032494582025
-126.25667869821997 -1081.3119457859343 -2450.10785043684
-146.90508254269764 -1048.4022962470974 -2422.4923551237152
-193.1129896960071 -1014.9805277951174 -2408.8385238927403
-211.61285538417008 -985.1448899820525 -2397.51268513988
-268.31959706748233 -972.7367525042041 -2427.9646840581036
-374.1015882149235 -981.0117746243208 -2478.0815330223404
-341.0696033894101 -1008.1503472461507 -2533.6853371878833
-188.61592676364893 -1051.432894153983 -2584.3971269866015
-137.818041016311 -1079.4008229100527 -2577.5667443385155
-230.08530676043694 -1082.4241609642372 -2525.056616555368
-274.22256353369255 -1065.508857477333 -2448.109519381756
-210.5833336584073 -1031.8522705443556 -2382.035228892132
-149.6276079761638 -993.8423660859286 -2347.2513857267077
-144.9792087359869 -956.749453678043 -2332.5946917005426
-228.51124763087262 -934.2618624902955 -2356.598193323478
-376.6097786483313 -936.7800164626417 -2411.45402344662
-423.967400236529 -947.5907019837138 -2433.3763864025927
-373.10724226552463 -960.0902689298607 -2420.603673308008
-337.9573341227426 -966.5531901387326 -2392.750431314212
-554.29911582916 -956.2562496844151 -2359.2964451363587
-480.2833377283855 -951.8739209837436 -2336.3039137175965
-324.088171746133 -945.9775188544838 -2319.3620158154895
-263.6906958027896 -935.7124291842212 -2305.55099550088
-307.0572456934162 -922.3525634023844 -2291.8848041885553
-365.5337667278813 -908.4346069321825 -2273.6587412456897
-327.5057279935378 -886.2832808133447 -2223.554856795129
-296.48882570758593 -869.5755896894042 -2209.974095198337
-346.8891691828757 -872.29051978305 -2251.8762043543284
-392.65950994621153 -880.1471018872321 -2280.2348196512767
-395.7998982238808 -890.5050965151063 -2278.991833482227
-374.82000320139264 -899.1584036353117 -2259.7823958443896
-360.9912515229619 -902.9493671667055 -2237.4287510394097
-364.6341496024519 -901.5900273914923 -2218.9320956439574
-376.09368154789325 -896.7275250334694 -2204.2412568288582
-383.7566775404811 -890.2184192034923 -2190.979397790258
-385.106528634942 -883.199192351789 -2177.625059610122
-384.5122752529573 -876.1367205103453 -2164.046375888429
-386.08389828599377 -869.2474330904431 -2150.7219957566194
-390.2046837062523 -862.7554804122184 -2138.0309282750077
-394.983875016508 -856.8924902052545 -2126.0665609373495
-398.9855348761551 -851.8069539599082 -2114.7646924753262
-402.2416770089765 -847.5325935029332 -2104.043795803605
-405.4993763417491 -844.031059399164 -2093.84744261353
-409.21242037128104 -841.2482059372905 -2084.130228839385
-413.2772080379032 -839.140101487601 -2074.846400048269
-417.36670611420834 -837.6853414402419 -2065.959557103998
-421.3104783387456 -836.873863951304 -2057.450629091502
-416.6398259346127 -838.7204458971809 -2050.7910029548348
-376.4384214637606 -845.6549933219292 -2058.591523690012
-395.41872608862326 -838.121858717784 -2026.9914489613684
-435.0571893416655 -828.5221866706394 -1992.421887681548
-452.9825190934056 -819.9209728032031 -1972.8676760670182
-446.7058239259569 -813.7809496073345 -1966.497946423864
-436.1834215632765 -810.69889461439 -1965.779621494672
-435.62801747874636 -810.5539090283642 -1965.2737857978054
-444.0399489549351 -812.9229081825429 -1963.1103659153305
-453.4474817062417 -817.2715502130857 -1959.6126846019679
-459.160004488377 -823.0142348617875 -1955.702018495842
-462.1702391674787 -829.6019034105129 -1952.0081173233095
-465.4603727410378 -836.6350079464979 -1948.662083423951
-468.52921273561554 -843.0422533854909 -1945.944335702805
-503.5069002594472 -835.2912545298707 -1909.7870444081266
-547.3341315754476 -822.4891622152342 -1862.1124613351546
-558.1793729978468 -811.5427691988231 -1836.0958185532895
-531.0663943370475 -807.1927108443688 -1831.1433941763332
-469.282321202209 -816.0368106501892 -1861.698959703144
-445.86635554200615 -829.2195328109386 -1891.866404255449
-467.89203181728743 -844.5330700577358 -1904.668429608698
-499.698890486171 -860.9258102069361 -1903.1524716947247
-514.6709856220743 -876.8917431513756 -1895.890781245644
-513.7844789089763 -891.1345417982375 -1889.00669420466
-517.4161845136794 -894.7917904858826 -1872.2289026070805
-561.8786097104622 -886.6135899341288 -1825.7660196959337
-590.2203854271804 -878.0816255009327 -1793.718182249382
-588.352982594138 -871.722175388463 -1782.9689828053752
-575.7381171665621 -868.8182117566612 -1784.3355474465384
-571.9943619308588 -869.6665796722059 -1788.0657421514456
-574.7702960417178 -874.9775138745974 -1786.2983348405592
-542.5925561502121 -891.5929432375335 -1803.4752620076588
-519.2745036887336 -911.0512147987392 -1826.107480394281
-527.7377676639005 -929.600376993065 -1836.4781875647473
-553.0573299349184 -940.8240200698259 -1828.0123087147615
-606.2279152610017 -939.1201789210868 -1781.2330242630737
-632.4554795998516 -935.2201150806394 -1743.12830891159
-626.0424840176082 -931.1008552881361 -1726.1715615550877
-612.4686619729669 -928.0209005398988 -1723.3004056609147
-610.9670499284725 -926.9125971596281 -1724.339844341518
-583.0890184563708 -915.357444032061 -1688.6124298545014
-539.5227035151429 -894.506462764788 -1628.0798256408248
-546.6091842070009 -875.015184702015 -1595.765831970688
-637.5840490972662 -865.8703720159622 -1612.224308137069
-675.16701188719 -872.0086490963297 -1643.0795919996299
-648.4185153729305 -882.9055321260525 -1661.7751732032104
-640.2471462962822 -890.3096641943976 -1642.8538979457485
-652.1638730810774 -896.3322747223401 -1620.039727253193
-668.3580366800834 -900.7765179612193 -1606.4113421664317
-677.2977010045666 -904.7985220973587 -1600.8808208689018
-679.307318883282 -909.3146199190371 -1598.342230197769
-680.4436336660791 -914.4344547795669 -1595.3143700101969
-684.5155909021106 -919.8618864048314 -1590.796186423109
-690.9388295255781 -925.3173966873618 -1585.1155513094461
-697.3829691652434 -930.6403900753323 -1578.844499908918
-702.5938672461551 -935.725311900768 -1572.3487246968127
-704.4672258100793 -936.9043108272024 -1563.3717839005178
-735.2409201791854 -928.3904202249005 -1527.2293202364651
-756.8834155905124 -919.8073278345121 -1497.3374364272197
-742.3905238448381 -916.0867209084245 -1481.2878031411003
-695.5358554313573 -921.5414672526379 -1498.2760645883532
-676.2112770823725 -928.4844679349646 -1515.9691105554352
-691.0179543264583 -935.9721331303916 -1521.6166325279446
-714.0987351307792 -943.815411265092 -1516.4983291293056
-725.5591334952483 -951.4156033839782 -1506.3409046322108
-725.3638872608014 -957.918453998765 -1495.8173333856805
-723.3116997276223 -962.7859953234718 -1486.8561717900163
-725.6933248123465 -966.1031490475835 -1479.222319907727
-727.9195317463038 -965.7344517670197 -1471.1610198200908
-756.5251410396456 -956.2311049463901 -1438.111405247682
-776.2240331683756 -946.6295303844774 -1409.368672566238
-775.9877717867703 -938.6471186443401 -1393.5088882263003
-664.0368906333593 -942.4390738529809 -1392.5817812904738
-650.4012479994659 -940.5819317507991 -1393.3890775501823
-706.9977588829612 -936.9051521762018 -1392.0955395665758
-757.8056844611148 -935.235693929215 -1382.7714535262458
-768.3489153415258 -940.7791738781768 -1381.3400214564099
-748.9586854163255 -950.2585692420597 -1388.7400217156553
-735.155667657903 -959.0573026185467 -1390.782939848254
-737.7504922633049 -966.1336657284992 -1385.9326054808641
-727.0219684889057 -973.4612224019301 -1378.1771806735321
-723.7364853155892 -975.6626212452702 -1368.7302717925577
-749.3347909702929 -968.667035981845 -1337.4759963479478
-769.7194073104985 -960.7404946316578 -1311.58682664676
-775.9921391488467 -953.3267501746323 -1296.6683356334308
-773.4000473331948 -947.3409416245103 -1289.0481379142748
-769.2740693101152 -943.0206171508005 -1283.9977013774019
-767.5002082041171 -939.8478216911599 -1278.7573444468592
-768.2005313813312 -937.6748852817585 -1272.4825280317732
-770.0438972881019 -936.2090562198944 -1265.3544998752686
-771.9163692629305 -935.1463204877674 -1257.8191850291098
-773.4124029932588 -934.2572957113049 -1250.2005635649205
-776.0794394156844 -932.9818663938029 -1240.4624762479698
-781.9869275648462 -933.773210413058 -1234.2745904157405
-767.8950703865705 -939.6513996820132 -1245.4081437838481
-759.1332631155101 -940.6726455902968 -1242.6458341547786
-772.2169571414206 -936.6470401182169 -1220.8685898121807
-785.6113582702884 -931.6565570741276 -1200.4237988849197
-791.7325325631897 -926.3257901680788 -1186.8833205100948
-792.0904069143386 -921.3264025795809 -1178.5533287575768
-764.3065515031689 -906.7644776910911 -1148.279601913824
-718.1686187080282 -884.6325249000132 -1101.378122678529
-698.5829404355615 -863.6298860363568 -1070.2393616347726
-709.5026524938808 -846.4926881734058 -1052.9747052760108
-730.8412217877614 -834.2871567987942 -1046.5024092424358
-745.1578330045771 -827.7314526058177 -1043.225367696934
-753.9083164579807 -825.0358001343373 -1038.5378949588996
-762.9262490012145 -823.8543408261734 -1027.9881502350286
-771.8085097611738 -824.3521636575935 -1011.8494631212016
-774.7876651086339 -826.1157073453518 -1006.0420700463801
-830.5488300367791 -830.1926222843293 -992.5772416636393
-891.4034284032901 -841.3523457488737 -991.56280999523
-904.6793613371351 -854.5523174850089 -989.2754535154147
-899.8526736917789 -868.6028979548155 -988.977031670384
-888.9362538420897 -883.6158136379169 -996.8565478063241
-885.0935863139498 -897.4669492309672 -1005.8119616838468
-888.6506082932399 -910.4976454216996 -1012.9986710503224
-895.6612688570198 -922.9260648704951 -1017.8681941398438
-902.9749677925115 -934.8228871973062 -1021.1222028548583
-890.7243740233195 -949.9728048732335 -1036.5431524995472
-904.6739138069748 -956.425634620004 -1025.673886105416
-927.7482902198385 -960.7431638564278 -1009.7585325989478
-934.9466053901699 -944.5642687887456 -954.2478524481979
-869.8689505474588 -926.1057954639896 -910.4352180029986
-831.5975205898685 -909.7846239323816 -898.753968276509
-831.7504947684773 -901.0126304347566 -918.997442901084
-851.8055471219908 -897.6586237970354 -936.3519003568045
-835.5009512759804 -902.0771654143545 -926.6117867283265
-887.2443405320718 -923.4540620530396 -952.1367363063505
-1014.8836423829976 -937.8593526213663 -944.4220983968421
-1024.4531778665378 -978.168756712634 -1002.5421097251908
-941.4980611400691 -1000.1719788652964 -1008.0353805011732
-867.4383673601493 -998.952885082467 -934.0307537025082
-845.1542806298386 -992.8978587618786 -880.7847430393956
-3732.1942495844505 887.6917650394489 2142.3565109057563
-1222.5261305855906 -323.57336718256136 -264.1924495026693
-1019.578619114716 -76.26188717811289 -441.06766081503326
-1095.4890006987573 -96.75286952159468 -476.541097453822
-1222.417759644987 -174.45325609926954 -474.5377026685027
-1332.230417341389 -244.49748661986348 -469.16291014371217
-1337.1027067919617 -283.41300639947775 -421.468911790992
-1318.0134826320655 -304.18401349564306 -378.9836308494898
-1309.6008274747594 -313.80496995957685 -360.50421475268377
-1314.6305383503964 -317.8009584825503 -360.92574093064655
-1319.716693927111 -319.06824780545406 -365.36226203960354
-1327.343737390536 -320.68736608010795 -371.5665627487574
-1334.9158962789209 -325.370175258044 -373.51527578531216
-1312.712219374017 -361.535295671338 -305.1726672835464
-1333.8647602960884 -356.2287259461528 -332.20991324530047
-1270.871421680697 -328.77292845924444 -320.4487661323618
-1173.0370191449601 -301.0292373466328 -279.3592802596123
-1186.0986049671185 -299.4695689525173 -294.6927295249146
-1269.499341950482 -313.90130462657595 -347.58577234203614
-1336.2569905470157 -332.02423302888917 -381.5339757634107
-1367.9164152219237 -349.0618873760454 -387.12712686454154
-1377.0215080758508 -362.5065534174965 -378.48885568369184
-1369.3139746235072 -367.6708529891925 -367.42162065420916
-1261.27740971429 -346.1591656671814 -307.6249271645537
-1163.8546568604102 -322.5429605224406 -259.5497905253019
-1121.7524888815024 -307.5497265109561 -247.2881456870724
-1142.7802560150458 -312.2493088917367 -261.86526876228913
-1325.3911007654694 -345.7545494612546 -379.9592328097923
-1407.4801611464193 -372.02489169217756 -419.71222030486643
-1311.0514572126153 -366.9185349219716 -344.3950534936491
-1206.7892440841765 -354.9806366704189 -270.8431728945193
-1155.448509338357 -344.4958386250363 -243.17536253569472
-1197.2087426805622 -354.11837079344366 -271.3055202072745
-1260.9805668611075 -366.48050090427375 -317.3564287601671
-1240.532144010409 -367.1588613446275 -302.3915784344133
-1211.1722442112161 -368.85541539955824 -276.745583275968
-1240.520938303984 -365.5272770600959 -241.82901023053205
-1170.7357977445065 -361.49620353107537 -240.83107089140296
-1175.7113813833132 -364.0563849440781 -246.7949261167135
-1200.8753815673278 -374.93421344706235 -259.7151052958324
-1219.682575428016 -381.2145084433993 -274.7192144511956
-1091.4008077944447 -357.2807386456134 -188.64175658006133
-1130.3199469970693 -372.09783904838645 -209.1752201672037
-1206.8114597788538 -389.5730904662642 -266.77787460076985
-1099.6141003441705 -364.535390300027 -202.59551483114535
-1080.6841895463704 -366.84341343182325 -183.81129018340658
-1125.946286319488 -378.5159340348088 -219.81301260499464
-1084.7008975462425 -368.3466918479894 -199.47578797573584
-1042.3492135692513 -360.51588355277886 -172.32285120506674
-1056.7944801669848 -364.6694438324971 -188.5885142526078
-1078.2327394416113 -371.1515273325361 -209.88040817414344
-992.7065278348124 -347.5047655174279 -160.33148139797504
-1011.9940815681927 -355.40383800171327 -176.22306327947257
-899.8707209512257 -312.23823796203476 -128.75879531385692
-915.1150656201568 -315.301148382936 -148.88757796125418
-1043.0338470428476 -354.1120097674266 -245.74163352564682
-918.3778815883014 -368.32553346549446 -311.1911221681751
-1899.363383144671 -209.1222742193111 2171.2503290401132
929.7411376683937 -875.2275140752274 -2787.621995649268
-282.04741077435494 -590.2117468604117 1266.7197597452428
-28.394038577616357 -365.9926038756467 654.0703759477395
282.5215514254985 -337.1515838706429 -149.6240202616761
140.67866995066842 -325.8428800052826 -302.3333278632023
-102.63692911526415 -323.29204582222104 -2.466917875132424
-1297.6343807081973 289.0407068193923 -378.0802919959925
-627.5958360865133 -551.7967307217475 658.4611671368989
-559.7815908948787 -486.0988094113239 69.75399631016899
-450.64843045708085 271.59557475680884 -380.8920994696763
1293.2399540008769 864.0007324687815 -218.01237983751773
-205.8318127441393 -28.790561354732343 -98.6021475038612
-25.6413079440233 81.05277174216496 -82.5546067285643
-87.53724424624619 39.01588469389594 -79.03756083599944
-87.53724424624345 39.01588469389594 -79.03756083599944
-87.53724424624558 39.01588469389594 -79.03756083599944
-87.53724424624458 39.01588469389594 -79.03756083599944
-87.53724424624323 39.01588469389594 -79.03756083599944
-87.53724424624224 39.01588469389594 -79.03756083599944
-87.53724424624004 39.01588469389594 -79.03756083599944
-87.53724424623981 39.01588469389594 -79.03756083599944
-87.53724424624146 39.01588469389594 -79.03756083599944
-87.53724424624045 39.01588469389594 -79.03756083599944
-87.53724424623898 39.01588469389594 -79.03756083553759
-87.53724424624018 39.01588469389594 -79.03756083589286
-87.53724424623884 39.01588469389594 -79.03756083589286
-87.53724424623832 39.01588469389594 -79.03756083589286
-87.5372442462374 39.01588469389594 -79.03756083589286
