71.93198485589431 -64.82801950859596 -492.6194045447474
121.16793214984388 -107.97841633021221 -768.5984861128147
176.54141294968375 -149.4564412169197 -997.4452907868781
242.01494498908104 -190.19391676224018 -1156.7456437907354
296.90762662817747 -219.8557593844086 -1230.7536731290725
361.9192832098471 -225.74446181533148 -1206.4999993165416
432.5887186873911 -206.08194329355456 -1103.9496417492246
436.9359310752363 -184.02520723320492 -985.4306018719683
409.8415808375768 -143.89875733545665 -843.8226826017469
366.462372317005 -90.92566132608226 -709.1924819780716
311.4832377268698 -28.64040072235952 -602.9216867211318
251.67257612452232 38.72430093796453 -540.3161103248876
201.97846055010945 105.31387076198939 -531.4946974918655
175.66024566131694 165.05784320688832 -577.835749153337
162.00638809651238 220.05316794597718 -662.4040678342169
148.58978192011375 265.8956566724058 -777.090304124286
148.61155242951813 302.3944955389979 -903.4253644961865
161.48447991317025 331.73229547976746 -1021.4681839823925
185.5552829546256 355.9821950681652 -1116.8358719000794
210.1644448495768 374.81228006274847 -1183.9419203357693
242.8643743569997 385.9356933871539 -1225.6419948284858
268.3418622095854 394.5914123437433 -1235.9938362232724
281.3093336389289 403.62675974165535 -1219.721188311489
277.9201321327937 415.3426043071562 -1184.6267906939545
237.1068340504456 432.5828657921704 -1138.4001278280564
184.0003448168473 454.7474042248467 -1093.5542513889018
127.39883324308282 481.95329640165596 -1058.423377551776
85.58478906365019 510.66434811762207 -1044.1673212447
69.99250635346121 540.9903446460618 -1049.393268252885
79.56502152152018 574.7025694662966 -1070.3063335611064
106.10410809433895 608.6957002018423 -1107.66955676052
142.01807029526753 642.5177334227072 -1155.3406240496856
177.3195716942988 675.3031807896903 -1207.4289236705126
181.09453349535843 708.2597219839926 -1254.3705076663869
168.13898082976064 739.3540090215467 -1294.9413689248602
152.39819903988177 764.5139936307288 -1332.2024490421925
127.59665222668247 787.2058213147426 -1356.6980920574779
100.0323637537659 808.1106647633974 -1368.6205281202747
76.23452961975529 828.2020767004639 -1369.061274717076
61.41806424363517 848.3468616056199 -1360.6351640673963
61.230308394910615 870.4359584386623 -1344.565579519532
80.88751579896858 896.4286617363725 -1323.345614543463
112.31741257162753 924.2739313332393 -1305.1143828214863
137.6067300117423 951.7230897232309 -1296.0063896221995
156.72944925267717 976.96195738056 -1298.530402816418
170.22040695571116 999.2907897727932 -1313.5407886430883
174.84747154694057 1019.3283049787282 -1337.0139324469933
171.12421128543053 1036.993118926759 -1365.803483921546
161.0972081933604 1052.48947882135 -1395.9306621909561
147.90284430042433 1066.1964763945875 -1423.5414159777092
135.0085857059502 1078.6316171693854 -1445.4940988365906
95.89685338651344 1090.0824552618005 -1459.9453859903733
-55.65527518639367 1099.716814571785 -1468.0300118643074
-148.29260256618738 1107.6582400107782 -1472.4728458842405
-181.50712946736704 1113.8186084045287 -1473.6263229531942
-134.34831855247074 1119.9135443485275 -1471.4860162710863
-60.44693885676577 1126.9468302392127 -1466.0314608072867
21.76197227685639 1136.4886857051815 -1457.722340394305
96.85671444272404 1148.4134901728282 -1448.4336061477165
145.507840724603 1159.9023806123655 -1444.1946353225887
159.14776303889434 1171.1911842580846 -1444.5203588928025
136.17318279834035 1181.9583735143624 -1449.4010295494775
85.0695708389082 1192.7015059108826 -1456.4728947342687
15.077787668147936 1201.3973553715828 -1468.158355960263
-56.11319197437958 1208.8021278393412 -1480.570618475987
-113.61754561150184 1214.6390697480315 -1492.4148250928226
-146.35292093339856 1218.870464580384 -1502.3095860808767
-145.32962048569965 1221.6047552186992 -1509.227964157951
-114.54341762279219 1222.923809265346 -1512.7624072569645
-67.50138678093265 1222.9211563975184 -1513.0981426215585
-15.727183271024845 1221.7972401364464 -1510.8115075637584
28.461404240415767 1219.655177698371 -1507.0223372059743
60.863079169030115 1214.031074079145 -1506.99161791211
73.42116524651776 1205.3922961840158 -1510.5000703645644
63.64016819291273 1194.6289665607778 -1517.0300799734625
34.392456857918475 1182.4032997142453 -1525.7228238947462
-7.225463822161382 1169.3450653054072 -1535.4256040476066
-51.75277944527434 1156.0275484769988 -1544.9000128932867
-78.43010612579637 1143.1028128869514 -1552.8558473779697
-79.36518634186096 1130.9530055748241 -1558.4460769426832
-73.97165567351594 1119.5650758494935 -1561.555744308496
-61.23128509283149 1109.1471318320246 -1562.1360418737495
-44.18082607330342 1099.7483380362282 -1560.5709182437977
-26.02884480170653 1091.3191198127593 -1557.5381319312598
-10.140059793867229 1083.7146547002874 -1553.8963966204733
-4.541508806599759 1074.207402620857 -1554.6417045921323
-11.77778835837473 1061.323451182794 -1561.7577586033171
-28.652346106062822 1046.1172339221748 -1573.4389119721825
-51.67314798421474 1029.0561012144294 -1588.0602831325418
-76.65641263972233 1010.6724434017522 -1603.6658953082394
-99.48836918837412 991.5379409471825 -1618.3083883906768
-116.79210378124193 972.2352929249212 -1630.3504338769415
-126.38328660131481 953.3244668036999 -1638.691145997786
-127.24903668012044 935.3088430625078 -1642.8861550961926
-120.04434727725555 918.5924600563667 -1643.1663437571765
-107.30298342689404 903.4453586116342 -1640.3511737888366
-92.64195979976964 889.9885324811762 -1635.6700229150256
-79.20611446799342 878.1986534757635 -1630.5280927696053
-66.06401029623343 867.9477821534576 -1626.234407503162
-53.83522062737733 860.2356746120421 -1621.5623477645736
-42.26471188360059 855.6507004984226 -1616.2835024923793
-35.11101774933745 852.8689059360062 -1612.2969363058282
-33.38203418570052 851.0111088269667 -1610.5567075770466
-34.58903912641947 849.2481436578103 -1611.615273450333
-39.558465259206535 846.7911912235238 -1615.6661282395035
-46.82264512163553 843.006165264697 -1622.4378496349168
-54.847113077999275 837.4216299684178 -1631.3077928180064
-62.110195589609724 829.7522819202995 -1641.4206712561352
-67.3526393055171 819.9032907472415 -1651.83612317934
-69.76484614235723 807.9588296454788 -1661.6762347068282
-69.08148620596133 794.1563142044217 -1670.2500349023276
-65.57599690268367 778.8493602975777 -1677.1377345562578
-59.96503936186948 762.4637005256574 -1682.2253768690844
-53.24717142414836 745.4509741614856 -1685.6891987531064
-46.50884596975213 728.2452930268946 -1687.9369239849673
-40.733345280475895 711.2268003447042 -1689.519244788542
-36.64455815304224 694.6952321762012 -1691.0281377296599
-34.60876856096806 678.8549993966697 -1692.999133454336
-34.60576808066551 663.8117934274845 -1695.8324243273814
-36.26790047685846 649.5794067867066 -1699.7433499623683
-41.97816263931564 637.0467147054626 -1702.3124858027927
-45.738858991443145 624.2110290621383 -1709.069557061671
-47.58331953250428 611.9163415693763 -1716.1213072337312
-48.16825342542158 599.8351006552482 -1723.5264405756823
-47.1006053007586 587.8103631738795 -1730.8102852730656
-44.503665424508455 575.7104997519491 -1737.5554018057394
-40.751799710046775 563.4390652073762 -1743.471462722539
-36.37907150076253 550.937132604048 -1748.431213225956
-31.97416551520949 538.1805681790297 -1752.4764304357454
-28.075585057692752 525.1735626916698 -1755.795726909355
-25.084748951083036 511.94001923178695 -1758.6802658902557
-23.2101850764202 498.5144641964822 -1761.4665173633525
-22.449578538308312 484.9339694495214 -1764.4765114860306
-22.60938784275676 471.23218490472846 -1767.965560510394
-23.355357135325107 457.4360541236189 -1772.0853515933577
-24.282562946856963 443.56521837926266 -1776.8671320141216
-24.99129428905969 429.6336113001331 -1782.2260298477488
-25.15527048520816 415.65239470603643 -1787.9840206967756
-24.571195446755347 401.63323995628275 -1793.9062282903428
-23.18280543676346 387.5910262994253 -1799.7435313183273
-21.077534730910703 373.5452728907518 -1805.2740225097352
-24.70576368523769 356.7887159579186 -1815.3475972112076
-39.79388861651348 334.276810181251 -1834.8286562596172
-60.55940331750581 308.12966825536137 -1859.3054895137939
-82.68198936889196 279.46773631221333 -1885.400182903023
-102.01555871854353 249.46233013444896 -1909.7013753702363
-114.59018242236857 219.30386570790716 -1929.2724269254436
-117.41209405842807 190.13821854546364 -1942.088290874704
-109.92421621327581 162.99064763966697 -1947.3090889189493
-94.10646786056188 138.69867596536523 -1945.325805830027
-73.83897484107747 117.85480202515686 -1937.601129570883
-53.89053353759443 100.76557950462472 -1926.351462102911
-38.74158782857816 87.43379080989655 -1914.1348658230406
-31.527350902302505 77.56804904744286 -1903.419289916677
-33.3480678084723 70.62038769085177 -1896.2025394920267
-43.09530641699668 65.84850032382406 -1893.7407780578396
-57.81362026155597 62.39567180124083 -1896.41977189682
-73.48822763205196 59.378841480004496 -1903.7769582558717
-87.23701639665772 56.27107883839244 -1913.99424153035
-107.94394114010744 55.013656997431326 -1920.7411580731205
-128.8098849386682 54.56625598458942 -1923.8523325954482
-126.10781370632279 54.07280377063728 -1923.4035001762707
-120.54493987837482 52.765308776088204 -1920.4073254081245
-97.91983359369422 51.255714488398496 -1912.6510672917618
-68.04387223347364 47.48874958423244 -1908.901931589746
-52.86818402843653 42.06126340754679 -1906.0667945527143
-52.59924932619849 34.88378246345292 -1905.6291127101765
-60.73103760615511 27.43721285749956 -1905.0535557154014
-63.1652375454065 22.00474537602304 -1900.980227747855
-61.71892851912039 17.520529768937365 -1895.8453313422297
-56.864459287140484 13.607609634043172 -1890.9350118532054
-49.734737692959605 9.901799218106078 -1887.4304022403799
-41.98162891853561 6.049408818000757 -1886.2138991393174
-35.35732658151016 1.7232965949887102 -1887.7460451071215
-31.282532345363325 -3.3581477656596803 -1892.0210219929957
-30.512048181603603 -9.411204450060495 -1898.602062312822
-32.975588094275935 -16.569199058302786 -1906.724817976979
-34.992792548993734 -25.75142813107334 -1917.2711636439033
-21.675054091337408 -42.401360790940146 -1939.6745121912495
-0.10876426804480588 -64.89177114470834 -1969.569307095078
25.03163819291894 -91.55940132810514 -2001.9578025081053
43.85472460929914 -122.79629976568174 -2036.1835047740583
41.169000946731195 -162.1156009200675 -2077.6683951581986
21.500471539427842 -205.6082904261558 -2118.154860997787
-10.243759444770705 -250.42261897681328 -2151.825172880457
-47.57287501754071 -293.92148140885865 -2174.410078313862
-82.7282858769459 -333.70669863813873 -2183.5974601857442
-107.4614530230197 -367.7543437611774 -2179.248695770486
-115.95838082659998 -394.54569855990945 -2163.2851465104077
-106.77689101809912 -413.16657873270657 -2139.2436357253255
-82.89243281501706 -423.35959504658405 -2111.5911376051954
-50.80659933481183 -425.52977381866697 -2084.9463936105117
-18.816546798681237 -420.7148624431411 -2063.3521066059757
5.101347550428223 -410.4234244265825 -2049.6771815104253
15.228541695691614 -396.5151674857026 -2045.2799329478567
9.414015542812958 -380.9780911177185 -2049.9275921007334
-10.510405725383462 -365.74048462689746 -2061.982168530072
-39.31050352274757 -352.51310625099563 -2078.8077534679414
-69.75645240558458 -342.6447043139902 -2097.2992694231784
-94.47473545105792 -337.03172327012254 -2114.441019079063
-107.77354259476839 -336.0855278051389 -2127.7995288785687
-106.99175104560005 -339.75521664388 -2135.873977650107
-93.05417780802155 -347.59743868189474 -2138.257772625476
-70.12241730321063 -358.87966906617663 -2135.60062116672
-44.45750748441328 -372.7011200350461 -2129.395253450319
-22.801383462520768 -388.11539463136313 -2121.6407523139756
-10.69282732965679 -404.2404827720958 -2114.450902030143
-11.136272949328827 -420.34441220085483 -2109.679183725728
-20.057667535181707 -435.0108769802574 -2106.3260848334585
-18.95376202620591 -444.7817746061844 -2098.994299131256
-12.798758815953798 -451.4240162698613 -2092.6551490125967
-31.141652006276278 -462.2448751529973 -2102.6994432021515
-70.88001335431984 -477.0219290553257 -2126.7777287408408
-115.79446797467557 -496.00145431739406 -2162.1724529320472
-123.26799422698016 -525.1197564804854 -2216.2298139826576
-93.22928367720098 -562.1554609188806 -2279.034906614008
-35.98238437290943 -604.7036382004477 -2340.228979892451
33.001965990481494 -650.3885572143275 -2390.9523133052703
95.671450957161 -696.6296847074816 -2424.646535122967
125.01200262959796 -738.4217366566047 -2432.674865050721
103.4585644977068 -771.6759382739014 -2412.52000734832
39.33304188696335 -795.6309464379885 -2370.9085550200725
-51.24601958333142 -809.5245278109076 -2316.383219845601
-146.07235906360594 -813.4135084529959 -2258.8652215236493
-222.49318495851932 -808.2011968951974 -2207.937163487568
-263.08762711664366 -795.5656501790287 -2171.3103143413728
-259.8811549745536 -777.7944701081907 -2153.7215188580203
-216.07616189882302 -757.5422697360068 -2156.406555516792
-144.93176524059015 -737.540277773867 -2177.189969274771
-66.15111591058792 -720.2990172096336 -2211.1278774222856
-34.08117359172208 -711.6867166161711 -2261.3777981190174
-65.05252620955471 -717.2865424464092 -2327.5579817285675
-139.00877197126184 -733.5904823616702 -2391.3363032694156
-219.3231817510602 -755.911878504385 -2436.3808301059285
-287.71960658968004 -783.3182804801809 -2458.74509416268
-326.71020690452525 -813.4909240883915 -2456.4881878605684
-326.1479329649847 -843.7909691085109 -2431.992554969362
-285.9785947706711 -871.6333070758253 -2391.174312233044
-216.0468622704123 -894.8056188807741 -2342.20228464018
-132.8833880966379 -911.8470346635377 -2294.253662652075
-67.13142892102675 -927.4944331018276 -2268.399465873223
-41.17542571784926 -943.3094529731534 -2272.88237594486
-33.680388849667565 -966.4803691092771 -2320.9923677873867
-57.84423665343764 -995.5032129967024 -2399.5049048824235
-103.55492132684108 -1028.852812684029 -2492.5926991068613
-157.17793454097185 -1065.2666407928634 -2583.328499654094
-203.6005523711587 -1103.0910634158886 -2656.2151423545365
-221.46773830085343 -1138.3065104346101 -2693.5894575666275
-189.51732534059965 -1165.5900856170476 -2685.6532283533243
-142.63881411245848 -1182.4076056842614 -2634.750943970232
-102.1418607493979 -1183.6353202862426 -2543.6483526646293
-71.20069581578736 -1171.7259824815328 -2436.68460238089
-94.69100877767866 -1154.097232479927 -2346.8593530337143
-161.88512298830727 -1130.4110951332902 -2283.3740870616916
-253.03745125465628 -1102.2925511026572 -2253.385917505035
-343.59671057070494 -1072.3052212258822 -2257.8521580156876
-409.5161904162792 -1043.32293606614 -2291.7647718896815
-433.40421505207456 -1018.0564236099699 -2345.516467761435
-401.5958819989041 -1000.3071909933681 -2411.356729639724
-282.78427191803956 -995.6448922541483 -2482.552361674628
-155.01729853134526 -1001.2538825223415 -2548.782842733903
-40.60952608564872 -1022.9302683625717 -2612.7840995365937
39.35664918308379 -1055.2790635062338 -2659.6750720034556
67.60413481291916 -1093.747303706074 -2682.2166384254588
38.04123493045153 -1133.504508510832 -2677.4567464614483
-39.919145306847035 -1169.931398249986 -2646.9717023199023
-144.7228849576887 -1199.0154984221845 -2596.244114220134
-248.4528520806284 -1217.680602903073 -2533.475386556923
-324.6618590221151 -1224.121981146773 -2468.7155900306834
-400.11384343022206 -1220.2079807230248 -2418.7980257134354
-466.1688852734991 -1205.174031547962 -2384.439537557537
-481.21680148791586 -1176.8100472174935 -2360.174222015452
-444.03472082306774 -1138.7302479888106 -2349.1956647879065
-343.6937263278649 -1099.0267907300222 -2361.4529157232946
-186.64257240099235 -1064.4928167503308 -2398.270926124173
-18.76988314562511 -1035.2164870239733 -2447.1583793757823
116.78700624580095 -1012.0508060531108 -2496.992596582448
168.11683675872158 -998.5397394419238 -2548.857915112901
97.18602716849655 -998.5419236308246 -2601.765611034779
-69.44750969567926 -1008.5701928860046 -2641.7443759352464
-285.5797243839986 -1025.9132859612664 -2659.9739697179457
-475.6781040408553 -1044.1147280054251 -2642.560908244711
-587.3669334720632 -1059.9661551858119 -2593.916583953888
-593.9836324494863 -1070.9074833564714 -2522.2306729174447
-495.0985417650955 -1074.3657380128368 -2439.0674520094535
-317.70585360335167 -1068.4523328338003 -2357.337683709879
-130.1427021360335 -1056.2367571846921 -2302.4844458293715
-2.278181940229551 -1041.3036439327072 -2287.1037078480326
59.00284632661901 -1027.6546528688614 -2318.2078281483955
58.03075938378922 -1020.5122538071621 -2393.008716053
-13.703217374733123 -1017.9690940789498 -2487.215687870563
-152.27744584903613 -1017.0527237293924 -2572.992000501717
-307.5247125767566 -1016.78196569285 -2624.550278225488
-425.4383705086773 -1015.5447987950339 -2635.248085461832
-478.2633354916699 -1013.2366483747645 -2599.4003766153996
-453.2766978651059 -1008.2908520483613 -2523.8881795702996
-374.70506512609415 -1001.7326889879641 -2432.0519626650494
-289.3646802654881 -995.9683497767812 -2349.211676977436
-214.1249234588738 -987.8879508786299 -2283.8181428168623
-168.2229183439743 -976.6552763137071 -2243.6406554831124
-171.15766225867966 -962.1387729335851 -2231.1350208123313
-286.5576071134079 -942.7491072326789 -2241.657694385886
-402.0882891709332 -924.5193017422793 -2270.42085214487
-501.4268285414925 -908.7701144935422 -2307.551044177565
-559.5284144046897 -897.0391142118929 -2342.7825176529104
-561.9991511426337 -890.0362516249771 -2367.0696868949826
-509.2159456077416 -887.4797084089181 -2374.1558469378533
-407.02079822839465 -886.5730858422082 -2355.176530205512
-282.0305349163443 -886.1478417087199 -2318.154281529861
-182.8584633187158 -889.6824476747156 -2281.5705968616307
-131.92785819090557 -893.6628150397041 -2247.0458701659977
-142.39641606106358 -896.4521801707548 -2218.576763609228
-211.34156241506386 -897.2362120909594 -2198.6124576150523
-320.6481098731318 -895.9801190268735 -2187.6812148518534
-441.8955032947758 -893.2426761494838 -2184.4837620142953
-543.8920918183943 -889.8735801753332 -2186.349248481587
-600.8564716979924 -886.6853354794557 -2189.92241478297
-599.0983537710371 -884.1845098175583 -2191.914614147734
-540.4667421112453 -882.4204516785983 -2189.7540360560088
-441.6976276584284 -880.9770875786784 -2182.0103908907563
-329.8756934318737 -879.1029510272352 -2168.5339406019643
-235.23893816858043 -875.9460033814293 -2150.319203826765
-183.23684040422617 -870.832931238823 -2129.161435004452
-187.9269645408299 -863.5144820700091 -2107.2072237480197
-248.42184774643619 -854.301037920564 -2086.5064043742086
-349.28142608499746 -844.0424544702552 -2068.6550766707155
-464.70448957289136 -833.9555539919274 -2054.5865662258757
-565.3770318135298 -825.3552911457261 -2044.528294972423
-626.1676660849424 -819.361210983871 -2038.1009136830564
-632.6558862115861 -816.6463978899685 -2034.5050248593034
-577.4170534443513 -817.7577192527963 -2032.7005298835134
-482.2611189043746 -819.1297198871439 -2025.2631902059902
-373.7592718938809 -820.5430911812073 -2013.1534520504956
-280.7633727824421 -821.2796470590788 -1998.3503648805545
-228.16226877111046 -820.7369381497642 -1982.9305474122093
-230.09197623960364 -818.73235302794 -1968.8748333064864
-286.375487520254 -815.6296249407901 -1957.6643047473751
-382.7450144599109 -812.2981125438855 -1950.0364275328152
-494.72005706958424 -809.9124655146284 -1945.9401702571454
-594.1074781107192 -809.664450045382 -1944.6770857855533
-656.3872075542631 -812.4648691276093 -1945.1681332133041
-667.0465971412676 -818.7138737894984 -1946.2615028141527
-624.6528740471091 -827.9315059905201 -1947.1421447979153
-551.6137248751396 -835.0232402706581 -1936.9166333185105
-472.84367551688524 -838.9931504142822 -1914.0781035667765
-408.3559592776864 -839.7947210760392 -1884.3113175556957
-370.4490479898914 -838.4659340290312 -1853.0226928757543
-358.7394861119209 -837.501880134397 -1833.5841466350366
-380.58446054451076 -836.4192530065395 -1823.958917975368
-429.10274624793135 -836.1535845536849 -1831.3613581871025
-493.70469252538294 -838.2651816502573 -1848.4095435312042
-558.5918688253422 -843.7317211630457 -1871.3859942862853
-608.2608790316746 -853.2519484204215 -1895.169662065097
-633.3489477134768 -864.397740785563 -1911.133112908825
-639.9779689424556 -874.6103532983796 -1906.776380727333
-625.287260280325 -884.2914391861711 -1885.9071644212477
-594.5830345848568 -892.7071805817377 -1852.7893231384774
-557.4505278542174 -899.054471920735 -1813.5383594360733
-525.0811923749411 -902.7349002014873 -1774.9263626042832
-505.7341463378773 -903.9144565975477 -1742.1455713120793
-493.6065128492295 -905.5743546336714 -1726.5792992097495
-493.3614324912128 -908.01717618465 -1730.7797810698667
-507.04664170988957 -911.786386027984 -1751.3224834514851
-532.7905816159317 -915.9635289193346 -1780.7540780256481
-575.7730971530028 -918.6066617773037 -1802.611921470252
-623.8724520513417 -921.5309723212785 -1814.3562439944817
-665.6003308366776 -925.37347844182 -1813.5987455627146
-691.6107114271774 -930.2931178629592 -1800.1565422910915
-696.8835117816319 -936.0146371216515 -1776.115154309039
-671.6372340593324 -938.1865952797241 -1735.2492848011102
-633.5131819078565 -936.5820529070135 -1685.0757062180398
-598.1692073930444 -931.7652770534935 -1636.3039226476062
-575.6180183590542 -923.6798085894904 -1595.3047789623654
-564.2825259944794 -914.8658521141328 -1569.6304078076828
-567.2269745783432 -904.8043028649033 -1562.29108393811
-592.589114863471 -893.3807098292234 -1565.5556090083955
-633.1672416399404 -882.9389399661736 -1578.2668164069237
-679.4307320826132 -875.2319854707125 -1596.3308852250614
-720.6176728584524 -871.6350370752224 -1615.0121040483257
-747.4890468154305 -872.920715734935 -1629.8843618822189
-754.685915915081 -879.1366903498599 -1637.616660416814
-742.0403800711828 -889.6141017638115 -1636.4869048226715
-714.5199435620242 -903.1043146098839 -1626.5482705745171
-680.8456592306467 -918.0153969548854 -1609.445413062982
-651.165996413754 -932.7000688205089 -1587.9466515482222
-633.6558147674376 -944.6364009528452 -1564.575312208767
-642.7130669204173 -950.4127390283302 -1534.2596347346494
-675.0449025198791 -950.8608165967303 -1503.0106038579306
-719.1586974300757 -947.5499717257918 -1474.5116822784432
-755.4411514614667 -943.8584788213689 -1458.6192892899242
-777.3995583467031 -940.30970030893 -1455.031185783504
-780.846832825115 -937.8174640123405 -1461.8774093208842
-766.188363475604 -937.0936173968757 -1475.9442076029927
-738.3966573327073 -938.4918094998795 -1493.146203329694
-705.6656447089838 -941.9802707824232 -1509.2702638090038
-677.2731918885988 -947.1926673563403 -1520.6598094337664
-661.2139694113628 -953.5364664421663 -1524.7346243805991
-661.0484846746267 -959.5182614624066 -1520.0633985204881
-685.326839539604 -962.1713617601913 -1499.3687351930162
-726.7889949572482 -962.099402871921 -1467.259637808027
-749.0396067989291 -962.0382921595195 -1430.0176299011368
-748.2834979432384 -961.5255309232041 -1393.1775442724615
-751.0783820061073 -958.1144590234202 -1360.328083666147
-752.3539379014377 -952.7720998250544 -1335.6506862394824
-752.7584440830992 -946.0902443672835 -1320.4337929220421
-750.2228653748056 -940.3352345853478 -1317.8634982043568
-744.6554806313133 -936.8140975466943 -1329.4412888919637
-739.0865895787168 -935.7527537542153 -1349.9888254127156
-735.8171260477819 -937.4425793991747 -1374.0840287885092
-732.1966323218376 -942.3098387960138 -1396.3688768800075
-726.3379932368164 -949.3638294648931 -1412.063181149783
-728.928000384883 -955.6919993567448 -1411.0019966643783
-736.850363143411 -961.4342899015681 -1394.9581354252416
-748.2877056755299 -965.9457586363375 -1366.5197227884285
-761.1036393100123 -968.6188751434345 -1330.0687626446006
-773.2137844492826 -968.9569645315999 -1290.9464130940762
-782.9572500137116 -966.6293923457304 -1254.487642936013
-789.2520450328843 -961.7553485232123 -1225.1359331026813
-791.7132673671645 -954.7985409144387 -1205.789593436215
-790.6202694003772 -946.4956692882964 -1197.4551441777949
-786.7839557982848 -937.7433238799426 -1199.241875902537
-781.5658733178666 -929.3874213742369 -1208.3077398597197
-777.1615194554249 -922.6892548013766 -1221.1088570386153
-770.8489201064284 -919.6046434272275 -1239.8673377309067
-762.85044680386 -918.6144757394388 -1255.794396084049
-760.2174830428864 -918.5524147616774 -1262.1327047273567
-761.815489342581 -919.5436097798291 -1258.2526921047688
-767.0286048747022 -921.1287320161077 -1244.4308663223503
-774.765502450947 -922.7373905167368 -1222.5378096397676
-775.5953421655804 -920.6090966328162 -1188.2079871114647
-763.6976313583599 -913.0620122926201 -1141.3537810014418
-744.9557504299653 -901.1803402679774 -1090.1104509954785
-725.4961318576969 -885.8786834405664 -1040.197621011174
-710.0117867730793 -868.1807020158418 -998.7951535367401
-702.0572040593365 -849.4801040027512 -970.751752681913
-704.1937531865949 -831.120248417605 -958.2489340753142
-717.6097502166546 -814.2730772550876 -959.4688284799702
-740.6771523352162 -800.5143994470031 -970.1394693275133
-766.596028117239 -790.7601609066005 -987.9247301883964
-804.3324940337193 -786.8690418055735 -1005.5579330931507
-853.7412604910123 -790.2514791222259 -1019.3563575938213
-902.1474334807732 -800.3480848209676 -1028.408986772238
-941.6304820503996 -816.5839781033312 -1031.4530115183552
-965.5597965569918 -837.9332954462271 -1030.0405135552105
-972.3201364690226 -862.3959036486185 -1024.6872999790924
-963.1345722178697 -888.1843512867249 -1017.1209160646911
-942.0616308755835 -913.6558160121666 -1009.4401216144001
-915.0085584423762 -937.4748003151011 -1003.7299414617173
-882.7158525578537 -959.862083427865 -1005.6072692520069
-860.4934896425488 -977.2921351682841 -1006.9669711999475
-852.6583380844023 -990.1732367757887 -1008.6836730669723
-861.0413298252386 -992.3490880216689 -996.0844284557878
-864.0625269118328 -986.7315009845968 -974.9496279220082
-860.1724893270112 -975.9100401029741 -949.4297600698864
-850.7889547587056 -962.521320197709 -927.3836645938084
-838.924607645226 -947.571607421196 -909.9006632611051
-834.0975873586576 -931.495290822717 -893.5172165645611
-847.5258291802135 -921.6707014925519 -893.8239075033039
-899.149773294372 -914.7656652141478 -897.2268805280237
-949.631037435088 -920.5679025749804 -927.7386405740983
-981.9129690257755 -930.699316330319 -960.7941328184388
-992.8815776445266 -940.7236729492397 -974.2195514532881
-984.0226705258992 -952.2136755881761 -972.2094205458908
-1848.288036663117 -384.75779814270084 -25.28524126287124
-1564.2499792757824 -526.2938181445875 -207.6586231091504
-1474.3512695403283 -487.30949495201514 -189.54528182403507
-1381.8739705806493 -433.83557559725006 -189.2033689589923
-1305.9016908250599 -374.2724260240138 -210.696189177888
-1259.6872050510788 -315.86680428191016 -255.03136116665107
-1226.779517511134 -261.84098363053465 -304.5908591489521
-1213.5180781097788 -218.49782124689906 -355.8030877999663
-1218.8573591709373 -189.32635937037645 -402.93330784844983
-1239.193797688798 -175.74744819114585 -440.95554036683643
-1267.8208405724024 -177.0115811844164 -465.25752486278543
-1300.6688615435592 -191.29056159812308 -474.8700984795029
-1332.9925119071272 -216.15760106833193 -469.089256318842
-1352.403140477918 -256.9495103338326 -429.55104487470305
-1371.329604524969 -294.00538447902136 -394.55564010415503
-1358.9916424383252 -321.1446996272471 -347.0911896494222
-1315.0811185350353 -336.19034046196816 -289.8760785485699
-1275.1292270363556 -344.9162648966109 -244.79514862926877
-1254.1860603414534 -349.0106127101456 -222.54558912623068
-1252.8032893383622 -349.29688313496854 -222.75634978484507
-1270.692161308191 -347.5491799048669 -242.91241955413767
-1304.3459128372704 -345.5748279441906 -277.58836101723364
-1344.8471690635256 -343.52550544433313 -318.9645070281522
-1354.7017697231213 -335.43408961154597 -342.9418375107041
-1336.429575443119 -323.8482929680586 -347.52105442176884
-1277.8945913332418 -307.50933200636155 -323.2752837425501
-1253.2214094926708 -300.36939635174065 -315.3136498821318
-1250.8413235940052 -301.51539323764354 -314.9237871895494
-1265.2361392049415 -307.9839505354798 -321.86105338780635
-1261.1038323334922 -311.8392247243662 -316.08860359416013
-1246.8438837730123 -314.8067888424677 -302.3446378597505
-1226.4309006818141 -317.1777496403294 -283.6812009415368
-1218.934557799707 -323.77294165137016 -270.3626933283765
-1225.647528200442 -332.37036032300443 -267.4618687318997
-1225.2590365329752 -338.89075399102353 -261.28512063211315
-1236.321933131568 -343.1062480320434 -248.78014148125516
-1235.720354789036 -349.02665913019604 -248.44379631730365
-1219.6819542291682 -349.62891568778076 -236.43888097556243
-1210.7956555632793 -351.6005790834953 -229.2851126268047
-1207.7431434236762 -354.7192176693059 -226.19171929921578
-1209.767904123873 -357.36404074103945 -229.32148874705405
-1174.0932787610125 -351.2231881772365 -208.46037659257632
-1163.4597566520633 -351.67509249863116 -202.1938733266282
-1169.7401722024604 -355.10242554998683 -208.94564437139
-1140.8127825008219 -348.94788302914037 -194.8742430818129
-1121.9091356745525 -346.4648649322655 -184.89303400354373
-1118.1183159135855 -347.1147356426485 -186.08367755298616
-1100.2927045992017 -343.67128670787395 -179.11857000584067
-1078.6487637079967 -339.45482147711203 -169.0057875147133
-1067.680245444358 -337.6370144103191 -166.76901230397334
-1049.2497320484829 -347.9408291130426 -182.23383607274712
-989.7991723828547 -325.4188736428887 -148.5982107135797
-990.0594253837224 -325.5037315072684 -156.0722823815297
-993.8848478750406 -326.41253504746004 -167.04886059766721
-966.7676405338655 -318.20868614747866 -157.13156944151763
-983.3336971210238 -323.3960741945552 -176.80047783251496
-953.2534697321049 -329.5492292144431 -210.23015346198548
-1239.783847150469 -289.4399795271596 526.407962050186
-604.1405799282162 -461.7277823174959 -488.2910788005645
-503.96273569381947 -484.9441470464199 -67.25648489723568
-231.10135421898661 -471.56203702272137 34.777965860435245
-14.765038720055676 -468.5201164820185 -77.07541909329763
-206.10837691309843 -452.3533384090328 29.19501620926468
-443.2382385670447 -424.86323254056657 -39.40491720666017
-624.945798966344 -438.43173504530597 -132.4294596104636
-737.3000363562726 -546.162126130092 43.17365877156476
-927.6985471601406 -529.3805565050391 35.28015684331365
-359.38728162945097 -132.15487494889544 -48.17281255355965
-67.74026569207855 68.72034139362881 -84.43548883402485
-143.1661740487164 15.376969433162913 -75.65549818977502
-150.50342182193594 9.992491521906288 -74.39522420355615
-150.50342182193597 9.992491521906288 -74.39522420355615
-150.50342182193586 9.992491521906288 -74.39522420355615
-150.50342182193663 9.992491521906288 -74.39522420355615
-150.50342182193685 9.992491521906288 -74.39522420355615
-150.5034218219371 9.992491521906288 -74.39522420355615
-150.50342182193756 9.992491521906288 -74.39522420355615
-150.50342182193765 9.992491521906288 -74.39522420355615
-150.50342182193813 9.992491521906288 -74.39522420355615
-150.50342182193873 9.992491521906288 -74.39522420355615
-150.5034218219393 9.992491521906288 -74.39522420355615
-150.50342182193964 9.992491521906288 -74.39522420355615
-150.50342182194075 9.992491521906288 -74.39522420355615
-150.5034218219414 9.992491521906288 -74.39522420355615
-150.5034218219419 9.992491521906288 -74.39522420355615
-150.50342182194223 9.992491521906288 -74.39522420355615
