83.4977871037792 -75.99260650682281 -572.231359307267
132.7764894150998 -117.24466192912786 -828.499081244658
203.1067986117376 -159.74953418066207 -1024.199843628608
268.21783354589155 -195.69316156662353 -1133.297932158328
313.29278043075476 -219.1541624024751 -1162.0969497855426
364.00034849465624 -215.82960449730848 -1103.1541881678208
405.28399451631117 -190.47873453157393 -993.8642035586654
391.9589496306849 -163.42023825487217 -888.8603773572256
364.8021771981337 -119.11322759640797 -777.7402089783436
324.3611072333452 -64.76482064304179 -686.2751140333501
276.2092783274295 -3.6593869947765256 -626.6886467615152
232.08192587150182 58.49165258087652 -608.4214717253644
202.8992431125932 117.19730681036823 -632.3183576047243
198.00011580389892 166.93709233138065 -694.7684848378799
198.528234783273 212.1792181344873 -774.9251418240988
185.35593799291124 249.79291285852412 -866.3490327925416
180.51644304173274 280.209843237742 -955.6929646268486
183.96533675322306 306.85511200413634 -1028.7778677310655
195.96985921004006 331.85062588099606 -1079.5980310390974
206.22343917643255 353.7859558450762 -1111.163446365282
228.99905710622951 368.97426034123265 -1132.8366258752353
245.8981162403609 383.5232666682131 -1137.9199866280842
253.73175517379 399.2315430082627 -1131.6594073194963
248.26663807526157 417.99802118859475 -1118.3750622878463
206.02866480684156 440.8951396209204 -1103.5108223766342
161.35931243997814 466.7565419793007 -1093.4798108069544
119.41883960691985 495.5675748236387 -1090.7575919044277
96.82348411582414 523.1566875786698 -1102.7698678901743
100.07297133984156 551.0011467369579 -1122.1505763386474
120.80713198307308 581.7835172900132 -1144.2028471095966
147.52438816236167 612.2425608631232 -1171.5533088846187
173.36829953138428 642.8063082057633 -1199.9825387932005
191.06392916406313 673.0172749248097 -1227.4530689893481
168.4818110795236 704.9354585522138 -1247.5961625796472
136.2896493179841 735.6751923415317 -1265.3930958054716
114.52056692626556 760.2769820195122 -1288.3203743983174
92.31973523839531 783.6404842515066 -1305.28631549911
73.50945242309837 806.8685130881547 -1316.2091185705194
67.08157751966203 828.2054960030293 -1325.8257192593348
70.67303167850203 849.7399193413457 -1331.7423235866954
87.23858302007059 873.4687842310507 -1331.760370351276
117.33467869901426 900.496499234258 -1327.5101329281824
149.21269415863247 928.2898639711234 -1324.8567217011241
162.58133153887132 954.367834361385 -1328.0694129084125
166.36565674364945 976.4253109289812 -1339.2060009713446
162.90067137410213 996.2970897678503 -1353.9172242781206
154.08326246574956 1014.1605310133883 -1370.8607580968746
143.27672509626964 1030.3408416315917 -1388.0825649856731
133.7554022190457 1045.2362596340236 -1403.7948648338627
127.93871203581885 1059.2889857527155 -1416.6571158360598
126.96445692880532 1072.9426619833405 -1425.922500930774
93.68376711859972 1086.2116586779891 -1431.6838640160513
-76.52012042306033 1097.6848748753555 -1436.6177141717885
-148.1015693691673 1107.3746417545394 -1443.7955253868395
-142.74569963389106 1115.035412525387 -1451.8270669795897
-75.16055860131988 1122.292097570039 -1459.0866566220484
-1.0627511671806866 1129.9846016922643 -1463.913819409619
61.229650533548565 1140.2956076603843 -1464.0584283869273
105.98645434878873 1153.2290150499946 -1459.9840147267073
118.2658624722188 1163.6409122011314 -1461.6878105261576
102.42829282060495 1173.6790319847755 -1464.3048039969385
64.58836834520199 1183.038964665002 -1468.2094093795683
15.606843354905031 1191.5792999843334 -1473.0726989479238
-32.522791099976466 1199.169392548427 -1478.42088683106
-69.6210938354952 1205.6958413942452 -1483.7519045654446
-89.42427312763567 1211.0706554515004 -1488.6207435095143
-89.19760743434202 1215.2576090136336 -1492.683758670772
-69.06456437086594 1218.278457029065 -1495.728170861348
-45.296998997275125 1220.9901802054546 -1495.9644258104986
-19.436161874487603 1221.390521683503 -1498.268548202013
-0.6063085063889861 1220.9184987917254 -1499.4633229456156
7.682565604717473 1219.320396576542 -1500.6084446655343
11.562381241405628 1213.4283313975657 -1507.1261093869382
8.094907163844201 1204.2912662983695 -1516.6447674278238
-2.155124888679749 1193.1054367440197 -1527.410489887675
-16.681901635985376 1180.5997057978602 -1537.947856811872
-32.248459000248644 1167.455305882399 -1546.9971014202422
-26.909528247890393 1154.538034648631 -1553.3927359026122
-23.961907255966032 1141.9936986899515 -1557.0924480668502
-21.84741853257566 1130.2402488810515 -1558.1305811431
-20.30554825250941 1119.5118475431798 -1556.9767197464123
-19.75941399987913 1109.8863906995148 -1554.3896475839958
-20.417227814545356 1101.3063608282182 -1551.2527102793072
-22.231426626359017 1093.5995454616432 -1548.4232382932817
-24.946561955351832 1086.5103106290874 -1546.6054131696083
-34.96807904563415 1076.5967981771496 -1551.391686088941
-51.92195234398733 1062.5373507926029 -1563.5440960913982
-70.27102693318743 1046.1310439691829 -1579.337828951104
-86.89075581523875 1027.9617360369286 -1596.3288240448214
-99.43763857940769 1008.6777906089494 -1612.218726651946
-106.59705662779851 988.9551866059776 -1625.186324436303
-108.14587802319974 969.4503602739246 -1634.1135522974782
-104.82322062130179 950.750615524889 -1638.6691470202486
-98.05899369209337 933.3284986962908 -1639.2554720842156
-89.62729193574215 917.5064614097295 -1636.846026927632
-81.29441354885081 903.4367047313551 -1632.7548210159293
-74.52169881211557 891.0987947233906 -1628.3838724406685
-70.26512374514182 880.3149865849491 -1624.992045279985
-68.89095671794965 870.7807075135321 -1623.5189355700718
-65.82133165616871 863.7414054750182 -1621.559325734392
-59.33468521043122 859.7392980759012 -1618.467958614147
-53.318659659669365 856.977413640081 -1616.3990659354076
-49.30892908667106 854.6050397446336 -1616.0344638509193
-48.121502873304244 851.8546667555781 -1617.7675641354838
-49.7775113290358 848.0953776412648 -1621.657120743034
-53.59767538347493 842.8542897792823 -1627.4552280724386
-55.15377778908703 835.8678838633082 -1634.6205800864589
-55.75707760147402 826.9788445776171 -1642.5958108015593
-56.34905990387712 816.2002614370323 -1650.7896467732762
-56.34611221468078 803.7005939247522 -1658.653294535295
-55.686849136781234 789.7494674987371 -1665.7881960570542
-54.44436747615883 774.6860761491448 -1671.9753810494353
-52.77616905262017 758.8807695297817 -1677.1788566130929
-50.88381376472301 742.6988186220385 -1681.5203947051848
-48.97171039004083 726.469822773339 -1685.2337857526757
-47.21142946503609 710.4651321719402 -1688.6089417097417
-45.716912237688256 694.8844124879017 -1691.936270601122
-20.904794584990782 681.3979676232407 -1692.0174776034714
-18.142885671979524 666.7530204872918 -1697.4178165845187
-25.11501372965963 652.8942423413042 -1702.5422695660452
-38.958784957904555 639.4240155448117 -1708.171095903257
-55.49058732432805 626.2707336882656 -1714.1054626811858
-70.34235085153689 613.3563029422362 -1720.0808253204514
-76.72346293586624 600.6305536789114 -1725.803468620608
-63.87533297943032 588.0974000353945 -1730.9559249214246
-51.941919158504376 575.5198170508536 -1735.8101423076278
-39.150766550606065 562.8824974118629 -1740.3071485147948
-27.461515268441122 550.1411438424952 -1744.521672772592
-18.53789028789979 537.2657229213119 -1748.5697409802904
-13.322051582439487 524.2390218991488 -1752.5809901739997
-11.96496766009636 511.05427099940925 -1756.6747210675971
-13.914788787087879 497.7129199945907 -1760.9406286743656
-18.116148209235266 484.2228754613487 -1765.4267481992747
-23.26914706680408 470.5972856529428 -1770.1357591050028
-28.094042166182803 456.8537627098124 -1775.0292641320975
-31.554298852545095 443.0138033597686 -1780.0383798774533
-33.00468545180263 429.1021323551547 -1785.0781318006702
-32.24900842938139 415.14574606090093 -1790.0628260569463
-29.510208372384856 401.17255379342964 -1794.9197597354782
-25.330622269538612 387.209664068493 -1799.5992315374565
-20.430024057768172 373.2814998861045 -1804.0796730933373
-23.361320745914348 355.9939398935441 -1814.6313024800875
-40.16018513235284 332.0631026204168 -1836.3474517052048
-61.802947544997984 304.8987694815253 -1862.164711438492
-83.3434266166469 275.730320707801 -1888.127007460927
-100.73295757604683 245.77090203273144 -1910.8274823735628
-110.47207438394047 216.21209259816254 -1927.7601337649485
-110.4911412608943 188.14934893562452 -1937.6176600382423
-101.5246364319116 162.49977498468127 -1940.3743396430073
-86.56250696076631 139.9406301706918 -1937.123367623581
-69.74563143708035 120.86591195355822 -1929.7495200718906
-55.19324806297826 105.36744109824525 -1920.5170768220903
-45.97954823309214 93.24458948025693 -1911.6527819639373
-43.489630745723595 84.04270309441131 -1904.99322387641
-47.270894469017485 77.1155818852165 -1901.7460318499068
-55.35967589425268 71.70384817623443 -1902.3882147854997
-64.94690275641271 67.01888906132325 -1906.698776880056
-73.17770544039915 62.321762222197215 -1913.90082049276
-79.34258827731404 57.35502534328418 -1922.059180441682
-97.14528224738136 54.881901966545854 -1924.174291708969
-114.9775765873486 53.43893970589875 -1922.1320856957825
-109.8890159869336 52.098888383333986 -1917.398597254536
-106.74206292601005 50.159373368572346 -1911.8467438289067
-101.24512236268949 47.26058202781047 -1906.9101124583553
-94.31747202366533 43.11615310957251 -1903.83432220802
-87.26317995234018 37.54741684169005 -1903.41843881356
-81.2540404367008 30.470993416074066 -1905.9314246511328
-74.78338091312531 22.592799323142287 -1909.5078448881786
-58.54715317884837 17.561973930604324 -1907.2259111741373
-40.463290813471524 13.753740433521955 -1902.6515370057061
-25.79908332494517 10.496624299491941 -1897.4813529129797
-17.80821434142335 7.390701354594853 -1893.0809035940754
-17.64993702459472 4.06677773060693 -1890.5186914081717
-24.364142016929726 0.19439382342056888 -1890.433834676699
-35.352470834479206 -4.502298961028828 -1892.984118887071
-47.22137165226396 -10.227188093345774 -1897.8823554586731
-56.735223731421215 -17.097045328142713 -1904.5031234382748
-57.40591630226763 -26.230446460466794 -1914.3019646614157
-34.81494215449791 -44.26955861198678 -1939.0555262021892
-2.196518383022414 -68.05694007145036 -1971.065284816298
29.99554653289556 -95.49369933477436 -2003.9987887382083
47.08608579123707 -127.36556535951848 -2038.025236159875
39.968773886622685 -168.01478280484616 -2080.3103046377737
17.78713151117533 -211.85431574508584 -2119.5844694799957
-15.57060165097452 -255.88138864819143 -2150.086605921793
-51.84778626733767 -297.53169143809544 -2168.4551827424416
-82.79526872703447 -334.5920966259186 -2173.6319180537935
-100.92183889029594 -365.3276943403582 -2166.71508012789
-102.76491731028722 -388.5958721731697 -2150.5376058773427
-89.67783554035148 -403.9071967521224 -2128.991624617793
-66.73477001657942 -411.4271479022946 -2106.2551471330517
-41.006552353450715 -411.9271069996344 -2086.079957819358
-19.515975177409743 -406.7078510031763 -2071.263362648352
-7.424002203173796 -397.37917568498204 -2063.3214119532186
-6.926038022477751 -385.7375203316593 -2062.4496764073187
-17.032848196846945 -373.53328045444556 -2067.6853186524722
-34.155955212293584 -362.3197524222377 -2077.241442202684
-56.979436869937715 -351.59511680951994 -2083.841085703835
-72.0845996794229 -345.90169492695117 -2098.133792802788
-80.72057875168265 -343.53279140521664 -2109.269102785092
-81.00356436726679 -344.9906629014876 -2117.5134768281014
-73.97145915894271 -350.0314513003744 -2122.380829521404
-62.49819177275809 -358.1614228013308 -2124.033069401197
-50.3150544988891 -368.73675500849856 -2123.212970996455
-40.95154914022313 -381.0589375115825 -2121.0256118386005
-36.844389365629574 -394.4574028998815 -2118.6862822825246
-38.8241436182378 -408.3518993078528 -2117.2869537602955
-46.0716376380009 -422.29120641728457 -2117.6195541957377
-53.18952517139264 -435.1973248028429 -2118.007928998615
-38.020235540336955 -442.8316632249363 -2110.4967200397696
-13.410799574688212 -447.91634313551043 -2102.463106486798
-22.271041289810693 -459.5109248893081 -2113.3254431043547
-57.83332498980512 -475.78219572805835 -2137.2692954535387
-99.24357447607251 -496.52008846770457 -2170.655643350976
-96.28328883803121 -528.8196790289135 -2223.6183354182513
-59.56168892377114 -568.5213975131021 -2282.9161112889906
-5.815796534375806 -612.5371866158247 -2337.732202216287
48.508117700298556 -658.2789995995597 -2380.4199095467916
88.24892649717309 -703.0252030407167 -2406.038719739332
85.07441964617752 -740.2614063123281 -2404.6111047870154
39.044084272249755 -768.0834009014959 -2379.647937808507
-31.07786343903962 -786.5144167984183 -2339.748095475471
-105.45674958124113 -795.4881318196883 -2293.642177171744
-165.44030349355003 -795.7292840642793 -2249.842176752228
-198.07592200654645 -788.6880975122424 -2215.306672929138
-198.8918949502455 -776.3738643152963 -2194.4918100506075
-172.1894928327247 -761.1222911996051 -2188.948135045301
-129.00759274021374 -745.3291545677843 -2197.4612817851025
-83.52942226946602 -731.1896028990361 -2216.640679506696
-49.03231926692037 -720.4807906042987 -2241.797350393693
-76.15274777329456 -719.2129326829644 -2280.201560672808
-158.7108187790379 -732.5034931110608 -2333.6669639934903
-255.18743558390673 -754.5707392302246 -2382.781310964486
-316.50955880968 -779.0814084507502 -2411.188068267176
-334.4282679424537 -805.7471931235227 -2420.5284801256075
-308.97139943458996 -832.5259277401287 -2411.8871431508815
-250.17225492836945 -857.2664768076877 -2389.242195554981
-175.61361119320384 -878.1607331544095 -2358.4191733484517
-105.1489647152995 -893.9535731955673 -2325.8039112791453
-54.83306570366609 -904.2143841557505 -2297.541618819956
-40.86257909044239 -916.0661075567234 -2294.2072758330846
-66.0786345715486 -931.0582835240311 -2318.0553265693147
-98.79683505913172 -957.3439043608189 -2380.0943629667513
-144.7632395242837 -991.1535217876377 -2459.444164993112
-186.56399596514217 -1029.6678147236448 -2539.100645728869
-216.15278839557325 -1070.5552247668493 -2604.946750672212
-227.08590448442533 -1111.174390992815 -2646.955885959379
-207.17920276697387 -1146.2413232043646 -2652.5023076758457
-154.61076950218867 -1169.545374594918 -2618.706097537533
-94.85423154837414 -1179.8128351718517 -2554.240788128546
-50.50319000631409 -1172.5921197889377 -2465.089122480304
-37.0536736954663 -1152.8717691450652 -2378.492637569103
-97.99478644697324 -1130.9305501424305 -2325.8544464942865
-200.1590753785831 -1105.8043303366817 -2303.707416911642
-308.7143083081212 -1079.6469365159212 -2309.827868796095
-392.89887985065496 -1055.1081754926272 -2337.7328459157807
-431.4751796821997 -1034.4215401017464 -2378.0438026544994
-417.36349954471945 -1019.0456785594292 -2420.5502304461747
-349.099565955866 -1011.5935582729918 -2461.6543492713563
-192.9699025533238 -1015.7691831621562 -2495.883676463926
-62.54805401627984 -1027.741984790218 -2531.590771257335
13.519869530574935 -1053.175817060392 -2570.8215675256874
40.363264424343456 -1084.942320229878 -2600.3453655461326
11.947769836847533 -1118.607159419831 -2615.2054407076444
-58.44394140992526 -1150.3453895831583 -2613.386516578604
-147.25651626998348 -1176.8673681618225 -2595.6751633474087
-228.30097336892007 -1195.5952896121858 -2565.2275501770914
-280.06725271658814 -1204.7848146910312 -2526.799580548591
-291.75398380687943 -1203.732996283371 -2486.622218551631
-321.15826162288363 -1195.7069726531345 -2459.829358732719
-363.6341111970487 -1178.858031888268 -2438.1121420593745
-374.254718294248 -1150.6983825285388 -2415.221282815345
-357.9600212021661 -1115.4923196946952 -2396.3578999600268
-295.32276127875565 -1081.8566174102173 -2396.351066942728
-184.97328720602613 -1055.702291290821 -2418.098761863909
-70.53832949631133 -1034.5698359530786 -2448.4048133307115
16.38527648070154 -1018.4209841897741 -2478.847913483353
32.837102769707194 -1011.0426248092352 -2516.5812504983087
-49.55423729814723 -1016.4101963709627 -2562.7392097102584
-187.2447367667285 -1029.30986481816 -2600.386248227018
-335.19506462507564 -1046.935968459266 -2620.458417625198
-428.87612156940816 -1062.0357972899797 -2606.5595855214597
-446.07578248454513 -1072.382959728344 -2566.5632832793863
-391.9254167547914 -1076.302245720875 -2508.7582628857062
-287.5286359962459 -1072.0193670768908 -2443.2567902072224
-165.5537506430338 -1058.6453612426183 -2380.290621608836
-87.12704520787429 -1041.3419389990254 -2345.269044008891
-92.98637054276693 -1024.8109700736309 -2345.2398060891255
-138.1297294856898 -1013.5653282153712 -2383.0524413970797
-184.62654920817002 -1012.8637957181752 -2452.8261987912183
-242.6186842697786 -1016.3445613243738 -2522.16393573967
-306.78587701828076 -1021.2381691344774 -2572.699829753766
-344.0287758226668 -1026.4405089536765 -2590.128712024935
-326.942875683377 -1027.104625301689 -2565.911164876642
-271.2689471548424 -1023.1668025937068 -2510.2138981946355
-196.61989448210514 -1013.0603781088965 -2433.948504775465
-146.05215993122144 -999.4475076718601 -2363.436271205721
-161.00886983919315 -986.920746998976 -2319.7451768097467
-220.3506837022018 -973.0317110365405 -2298.677217301961
-302.65203949636054 -958.8047589311443 -2297.9390806058395
-393.0130236293583 -945.1842289719182 -2311.6694536203395
-546.119806920704 -930.1067849666822 -2329.7883383453486
-604.4260041405624 -920.379274904768 -2347.690800956315
-585.1120873920934 -914.716527284618 -2358.4851785041574
-502.57314306382364 -912.2813949664633 -2358.326278308027
-385.50691740584233 -911.6137627579946 -2346.0886545472094
-269.14046687050774 -910.8897943223582 -2322.6291029255462
-166.22157890120005 -904.9988526561492 -2279.464913904139
-115.13555651758489 -896.1924218827022 -2238.4659566497335
-143.30906095159523 -890.439568211292 -2217.798298909166
-229.80268386629808 -885.0548770391597 -2210.543728128087
-345.8868731267062 -880.6112997245208 -2213.489591703688
-457.6287614537877 -877.898898842453 -2222.07494955974
-535.3443405235691 -877.452121226554 -2231.3027031025713
-561.3290615202726 -879.2909706652097 -2236.8103647283456
-533.6541237232217 -882.8391921156964 -2235.655244062258
-465.31290472078047 -887.0214318773506 -2226.680784464339
-379.3553926297277 -890.4997648665969 -2210.454452549051
-301.69299126352024 -891.9837943939158 -2188.864651363787
-253.7475163677949 -890.535029844699 -2164.5233785229934
-246.97123490954763 -885.7871722873512 -2140.135629105977
-280.5754198758237 -878.0246451963336 -2117.9718961498215
-342.809356899294 -868.1016376943874 -2099.530887629122
-415.12957340512855 -857.2310048708688 -2085.4219139193474
-477.8653644673736 -846.7081991254588 -2075.444089890386
-515.6988807015695 -837.6467737051385 -2068.802428249601
-521.4754865002735 -830.7887066364117 -2064.3846364821884
-497.44178156782226 -826.4295842344183 -2061.028858356142
-453.80981302393536 -824.4516244149836 -2057.729478679793
-403.1889069399797 -824.9375536835402 -2053.84073058136
-346.9435890264383 -828.77116371332 -2053.816580871199
-319.4588339162885 -829.1193847592382 -2041.7793088170554
-324.4546908185342 -827.7331203616001 -2022.937806228491
-357.6428533950504 -824.9643396717232 -2001.0703225449333
-408.3681315418586 -821.3149799225761 -1979.2950682372102
-462.2674078996436 -817.4958878976568 -1960.285063329792
-505.4541534046897 -814.2914299060421 -1945.9330727715242
-528.2535176542136 -812.4096830650274 -1937.1638595362128
-527.4463978550359 -812.3572860795747 -1933.9234074288925
-506.5698464945312 -814.3805055689057 -1935.3207634021708
-474.350029577415 -818.4681018914475 -1939.8742138301727
-441.85938158234126 -824.4032756610409 -1945.809265254166
-418.5694858826938 -831.5149120333842 -1951.541608119296
-423.1856800109513 -834.098132183172 -1942.6895372216536
-457.3578843545612 -832.9171642538925 -1918.9286001216922
-507.14604715010216 -829.5228606530359 -1888.136212109046
-553.3290997561302 -825.9773571433726 -1856.044625149611
-570.4116155690442 -826.0735322924262 -1837.5535064246405
-561.822165224879 -828.8320229419455 -1832.1217930976452
-534.3649232121873 -834.2772841247026 -1837.9931883050915
-498.6510391622634 -842.4405979438277 -1852.4172528983486
-466.5130996875733 -853.0940285086785 -1871.5156862059778
-447.7747907514007 -865.8407363397203 -1891.0204710291189
-450.18800834982994 -876.9772730720504 -1902.3499175641412
-486.0109515356093 -883.9161191151135 -1892.479950027912
-538.918404915465 -888.5681238516696 -1869.4846370273767
-594.0083304601185 -891.2959335578207 -1838.443243453014
-637.5824319940948 -892.5343007049592 -1804.9849922707394
-660.3882026921326 -892.7762653075534 -1774.484157993541
-658.5011839007482 -892.785609373874 -1750.0475506245293
-621.5375867460571 -896.2317761942273 -1741.8002215076456
-564.7269375360264 -902.604328223191 -1751.1601416592448
-508.61318112826126 -911.2230258466525 -1772.2268308397915
-470.4470178562614 -919.6483236850738 -1796.8461700471394
-473.5946197551221 -924.6362071248626 -1807.6256833845682
-510.79526078229077 -928.3239254033404 -1807.3209956201454
-569.658318874282 -931.2331539256746 -1796.6240224068385
-633.7287463855735 -933.8021610518865 -1777.4602110398519
-686.7950804074496 -936.3586032796434 -1752.9355651295475
-702.8378862525919 -934.1724164279342 -1713.4810682315306
-692.7954745766041 -928.2739897913217 -1667.2751685965004
-673.0521360970076 -920.9667604863014 -1628.2294293678844
-648.4758247797995 -912.2248872238004 -1599.6074257605565
-618.6179987287854 -904.6674372835639 -1584.5938429970552
-590.591311806623 -897.4632244179048 -1585.808542245104
-583.998419898597 -889.5827727572225 -1591.1911966424163
-597.1275632014361 -883.218349487116 -1600.8546864429186
-625.6764914711788 -879.4166270987347 -1611.5984648490135
-661.8344108018581 -878.9172747812302 -1620.279119254384
-696.5389289710622 -882.0408593614104 -1624.516692240281
-722.0176537548806 -888.6301234768013 -1623.0598562109044
-733.7468874513853 -898.0756222096176 -1615.8873875434842
-731.3449618685474 -909.4230601295906 -1604.058272139568
-718.26283373698 -921.5404667246929 -1589.3663976509488
-700.4726278955076 -933.310096838369 -1573.8900049719718
-683.6690865761152 -942.4294841543813 -1558.6224362026435
-684.697903134821 -945.4662155131289 -1534.9152541442734
-699.53207217337 -944.3002632133357 -1509.8927663982843
-719.0045762168751 -940.7378146600109 -1486.3370459656267
-727.5078628831188 -938.3705312728807 -1475.3466931470882
-728.2127476758048 -936.7051852765585 -1474.220809824356
-723.1467142982417 -936.1869388132504 -1480.2121436558125
-715.1826909544612 -937.1817623077661 -1490.1709368822758
-707.6455532305248 -939.8245753829215 -1500.7008172039705
-703.4288618759632 -944.0153703792475 -1508.7414474787763
-704.2816299779142 -949.4512140906863 -1512.0360554045399
-710.4628412170389 -955.6832117388226 -1509.4021129863577
-719.3720117029256 -961.1745883970713 -1500.5084852968942
-739.4510423660395 -962.6588885409149 -1476.974533697053
-762.4032206622467 -961.5818290824052 -1446.0598617703724
-743.9962156922553 -961.8746919862532 -1414.9850999344337
-722.1877978227064 -959.9258018461752 -1386.7572417610852
-712.4392750130947 -955.2451150792864 -1364.261345503781
-710.4718437030533 -949.1425754076843 -1349.70697608356
-716.716862409692 -942.3928550899775 -1341.8898283942938
-727.7176089444115 -937.7397819735834 -1344.540903855851
-737.1418307028677 -936.2554104916397 -1357.1156502565707
-744.4903461186891 -937.7740324724472 -1373.3457694578456
-748.9772000602102 -942.2312246841715 -1388.5364665005184
-750.1583656070032 -949.232227810981 -1398.9099505048764
-746.5500327723884 -957.1308060266759 -1401.9394875081302
-748.9409001235358 -962.66079423728 -1388.3813840565117
-753.154360460071 -966.5690614591325 -1364.3520099492257
-758.2182202250686 -968.4213012496202 -1334.162638320233
-763.3934414646682 -967.9902921956796 -1302.453190276509
-768.1147107564801 -965.2530002044201 -1273.480517844554
-772.0548088804691 -960.3522501528162 -1250.4375884268804
-775.0202784208859 -953.8544241738122 -1235.0457031330286
-776.9654626534406 -946.4959764060411 -1227.4726885754462
-777.958554934921 -939.0675746875844 -1226.5261967583108
-778.1538553706469 -932.2968015159817 -1230.0532671924636
-778.0505957482164 -926.6552216841362 -1234.9982685598882
-779.4560625025415 -923.0321275326502 -1238.8963757196868
-775.4676348578294 -923.3508772604181 -1247.4330824700176
-769.4815861672932 -924.5638565214877 -1251.3180200862273
-768.7437673422792 -925.3715871647115 -1245.741753957077
-770.8429896435565 -926.1358978209345 -1233.3273381989861
-775.0770860818079 -926.4806656400991 -1215.9260693491092
-780.6092250599983 -926.0885686530074 -1195.8948558650561
-776.4364929214152 -920.7770488144007 -1166.4419600578312
-758.0256728603852 -909.6024420080084 -1126.769947001538
-735.4375576914007 -894.8066974096846 -1085.7321992009615
-716.1329584343923 -877.7415643070085 -1047.192078910264
-704.1807979728976 -859.635579069149 -1016.7825322163892
-702.0613202871839 -841.9267982292666 -997.2368954307242
-709.8014793120733 -825.8745013143454 -988.984563211659
-727.6411642042424 -812.1880745167687 -988.857871520974
-751.9481563049446 -802.145277685753 -992.5829816813803
-775.6638383185299 -796.06639736987 -1000.0377127150629
-813.2109800233156 -795.6039343066481 -1005.2278456721453
-859.8183189337938 -802.0398962034747 -1007.864740802038
-902.4588514512421 -813.5882549828821 -1008.1319961256163
-934.307479212122 -829.7800201592054 -1006.4691663450809
-950.5923557950257 -849.699447929595 -1005.4530454901922
-952.268389958517 -871.466085390331 -1004.8912574325186
-942.128925776702 -893.7634893409552 -1005.4335351266275
-924.793072376291 -915.4771235112946 -1007.559547408352
-905.5829159240235 -935.7815816416703 -1011.5001667850266
-882.2054831293924 -955.6015233499338 -1022.1036623531709
-871.4197609834785 -970.6941259533507 -1026.78604709336
-873.7009129388618 -982.2034976638249 -1027.5579000436076
-887.1020128423934 -982.479750356795 -1006.9292541874121
-884.3085005247042 -976.0026225352192 -976.5237194290145
-874.6482646926612 -964.9211777803047 -942.9060527283895
-853.2641378981555 -952.848815282863 -916.9169849002224
-832.0028311955241 -939.567669270467 -898.6035934865733
-823.005197634723 -925.2821361165431 -882.9867387313151
-845.631647352607 -916.6892952092097 -884.5720591976125
-899.6618540220247 -914.8323471933749 -898.4553955123786
-952.6457719380633 -925.2464103974136 -937.7872858505043
-978.8786246716576 -938.5493679541312 -974.032989231599
-981.8671587681304 -949.6640350758767 -981.5367592109326
-966.9501091271649 -961.539171750303 -972.0396364002859
-2050.318638912554 -249.33600881045237 212.92537024006464
-1528.6824730384917 -523.8363439627492 -201.02309034209398
-1427.0282971567383 -465.49214679732387 -199.90010922176896
-1338.6731004480978 -403.6959475937607 -214.3454165873493
-1277.446660510182 -343.55101739453886 -248.67688622103756
-1251.629625985582 -290.96605272730613 -301.6954746837008
-1233.4082077430298 -246.73234735097083 -349.8451861913487
-1230.8754577705904 -216.0591392626188 -392.3733851139488
-1241.6506487799727 -200.22899871609212 -425.4457718913506
-1261.7213110139592 -198.56903475449886 -446.57393510105345
-1284.7446315691036 -208.6136221971202 -453.8333355962187
-1309.0393545839208 -227.63071345114128 -449.5212611815624
-1331.868131197993 -253.04680327401744 -434.8639730904935
-1340.6602209345308 -292.64749407488466 -387.8901729872375
-1354.9938394211304 -321.83211481399354 -360.0659724861188
-1334.8075433707995 -337.70046670316134 -322.02260554576867
-1266.3801033508503 -338.4762864475022 -264.44184345740143
-1239.1712088915297 -337.7877587065469 -243.83369796421306
-1235.7696908815053 -336.4456042606889 -244.63533587328
-1252.9569035216603 -335.0014914062527 -263.5951007100523
-1285.964375559421 -334.8938459740225 -294.73106457460926
-1328.136577594523 -337.1149094121506 -330.943476847132
-1368.4802356879723 -340.3628398412195 -364.59107607520025
-1363.1307911769675 -336.0406777265368 -369.7145969064586
-1326.13623207261 -327.7627877822198 -352.7220796961572
-1270.5858292311634 -317.7643588780299 -321.48510018746634
-1240.975658296728 -315.489092573884 -301.5081169131406
-1244.1708916442806 -320.8535365182996 -299.51531355628447
-1264.5229644885037 -329.2049704823441 -308.8517095489784
-1257.192756511536 -331.31766784734396 -302.7596897510243
-1239.7779891503235 -331.4732286448674 -290.39451531392757
-1218.0756685114202 -330.6941876840952 -275.3938988914939
-1215.1331681433319 -335.42725503838966 -269.2657434817214
-1227.8989127180573 -342.2307929886159 -275.0323558205636
-1227.3095730812279 -346.3093447167864 -272.7054062031265
-1225.110001707237 -350.5357831991063 -268.71287013655376
-1225.7292678786237 -355.37364307433705 -266.5985082849076
-1203.8396482080893 -355.2554436249622 -250.4489491443707
-1195.036645866021 -358.4296663327891 -241.79626007747146
-1194.0632476459134 -363.48452115635865 -237.97848651824438
-1198.675035597656 -367.906000011331 -241.20298362056755
-1154.8865799469831 -361.3504501441511 -213.06188726697428
-1150.1646106365104 -364.67954120940504 -208.38973877015835
-1185.2124617589554 -366.32568719756625 -206.86271235600626
-1142.9394235068103 -360.2331126957736 -194.91426175100912
-1124.6079537859966 -357.58186980512363 -185.66985044930817
-1124.3321142936359 -358.28696334665005 -190.52469525529858
-1059.0053985382685 -339.9782455324285 -156.63383477825477
-1049.3473089286654 -335.5814323829165 -159.90568367620028
-1045.297009019237 -333.2978616730742 -166.24388891912645
-1050.3170759216473 -334.24472085478385 -177.7269626343525
-1024.1775359194883 -326.51753639605374 -168.65204832420488
-1024.4093158021174 -327.8626070226309 -174.10832875594198
-1029.9675394927622 -330.6669417468555 -183.8889395022747
-990.2042544169432 -320.0298307090321 -162.9372233047377
-986.3995115482038 -341.47603259782505 -198.29088878953627
-949.6863701381042 -340.2979842050513 -225.06671028391878
-1197.4778311682824 -212.50964961563312 832.806522153362
-382.3381905536141 -447.90235042963644 -464.20799003808355
-189.560031566287 -442.30983914481214 -69.365422438743
162.07683117262366 -413.072331047708 89.5701553773165
334.2274300695643 -410.71046997330996 -61.47093828200667
-332.6086264163032 -393.8672915962371 144.69850504745807
-792.7962516078359 -366.8326739995109 -37.488325813725965
-1035.9115424963807 -418.91250122066737 -184.40225925157705
-1074.6893224450835 -590.7259549717025 -38.20953512171599
-542.7609930320828 -395.1791237340885 131.52832900864553
388.7907907965706 301.7191112671469 -0.5255990975427949
406.8655438767591 341.34520264402113 -58.37188043063435
259.4343221912552 233.1898025638779 -33.04618890080491
244.75982664481697 222.42084674136464 -30.52564092836718
244.7598266448171 222.42084674136464 -30.52564092836718
244.75982664481757 222.4208467413646 -30.52564092836718
244.75982664481666 222.42084674136464 -30.52564092836718
244.75982664481694 222.42084674136464 -30.52564092836718
244.759826644817 222.42084674136464 -30.52564092836718
244.75982664481643 222.42084674136464 -30.52564092836718
244.7598266448171 222.42084674136464 -30.52564092836718
244.75982664481694 222.42084674136464 -30.52564092836718
244.75982664481592 222.42084674154228 -30.52564092836718
244.75982664481648 222.42084674147122 -30.525640928367178
244.75982664481648 222.42084674147122 -30.525640928367178
244.7598266448135 222.42084674147122 -30.525640928367178
244.75982664481162 222.42084674147122 -30.52564092836718
244.7598266448101 222.42084674147122 -30.52564092836718
244.7598266448098 222.4208467414712 -30.52564092836718
