59.81494587571106 -53.18142486302691 -409.7285313154231
109.38412791281854 -97.6464892293194 -699.3471223350057
157.27634299089436 -139.9382014980688 -960.2947997312938
218.53884017353832 -184.13791121709266 -1168.5714339181886
278.27771673129956 -220.41343153503587 -1295.1615929003779
350.6564737464335 -236.4421414583262 -1317.8665478101693
434.74598215006847 -225.26821402742317 -1238.6729102030358
465.9788402789 -207.57421977172896 -1113.817202448928
456.78276217214676 -172.8111658978193 -946.5617691251538
416.62953952881384 -122.47589768733745 -765.8176752754641
358.7378038359132 -59.32474073610195 -600.4547108257796
288.15159512981705 12.62895200330405 -475.92218722865454
218.82347798166043 87.58197637174447 -412.48761083249263
166.60543290335784 158.84540866437646 -421.12595580846346
131.1837172193264 225.4561895674101 -494.3845224111243
106.10321726825744 282.90184566564847 -623.8949342558797
100.76729223281747 329.05834829126235 -790.3260743893625
117.50216638430858 364.7230033893578 -967.6036165390656
153.03410820405594 390.7691556350201 -1132.2004169553068
196.9629577769777 407.6677720347633 -1265.6148603472773
249.21267311247 414.26723470422644 -1358.8450550797759
295.32637237803584 414.95742950633735 -1400.8390559392935
325.18893024210684 413.901010757911 -1390.7815394614076
332.2371812743058 414.5272096573649 -1336.272288559499
297.20786825281954 421.410032333327 -1247.6036884189766
234.3722265036949 435.74385270854776 -1143.6328982702194
155.90753730996414 458.3295497829454 -1042.574979486055
82.40907527501673 486.73000675609757 -964.7560368604502
33.108118853140965 520.392597338848 -919.9330388044302
15.255484459641423 559.0925187835794 -913.4225124867967
28.71719827818059 600.0417666211888 -947.4716431672903
68.65223874862741 641.2632391613115 -1016.5954609913897
124.09886235981493 681.072187060181 -1110.3104167381516
166.83279596287736 718.4384936026688 -1214.6094294076447
193.32527927934134 752.1202728438681 -1316.0497609502286
207.51237175747062 778.3962905843822 -1407.4219867418947
201.40680253368515 799.2718801986598 -1474.2338677515222
175.89354865219565 816.2800306259044 -1509.5203984286698
136.79078253001964 831.2255394379874 -1511.2887628643534
92.78687386121587 845.9443784831677 -1482.5578253547178
56.078587917259284 863.2262255736123 -1428.4229263024883
38.59623621757569 885.2873230464909 -1358.4401949160351
44.161230824817935 912.1746843383606 -1285.8007445818132
60.84235127225112 941.4756798234337 -1225.9148501984284
89.71246161799895 970.3378670338835 -1190.8770562094874
126.20775308952948 998.2358749893906 -1184.6742149609568
163.4214150925756 1024.1910453691717 -1207.9135115605766
194.34171468305007 1047.291883316568 -1256.666314967063
213.27655426861048 1066.8741559299378 -1323.293514514674
216.99460509015222 1082.654187986769 -1397.7847348573746
205.35025979277864 1094.7955607516492 -1469.3845395837002
159.11180030420357 1103.6713173625046 -1528.3785567037355
11.099303847691978 1109.1137271532857 -1568.6745490630472
-125.96031014961152 1111.7116796124194 -1588.1080997329632
-219.64278974089368 1112.1686923004859 -1585.9855529845745
-220.61694478873517 1112.8199032913244 -1563.6658656915258
-166.82901166507224 1115.312653704983 -1525.2133280790404
-75.75043232692258 1121.6421078332673 -1476.6643902637356
33.54139056940153 1132.1981289347605 -1426.2209955186477
136.2939128896462 1145.3140268344696 -1384.3729310388042
210.17587769986412 1160.1952409842652 -1357.6219786344268
237.67166049240947 1176.3948015956062 -1348.618692687893
213.6314149049945 1191.9759398394447 -1360.3837495446314
142.01668092882758 1206.1370425265138 -1389.5512935082977
37.45953932908552 1217.9165531406966 -1431.258846802841
-78.35401700984679 1226.6197267728173 -1478.9668518656995
-181.32981672531244 1231.900709147311 -1525.5300802528636
-250.1293648286068 1233.785821284954 -1564.3079511378844
-270.7489519880979 1232.6386739496443 -1590.1454670078508
-239.53220015171195 1229.0797203344184 -1600.0826915402122
-163.96643206273208 1223.8800344668377 -1593.698073435501
-60.87009569311186 1217.7810020547142 -1573.1965247853452
51.27109283205699 1209.5243554578872 -1545.8585966431926
147.85531964520038 1199.4152533236147 -1517.0486832679765
207.19518531933934 1188.304790315442 -1491.7046933240563
215.66092113166292 1176.8554692321231 -1473.9682614483306
170.65377700914098 1165.514506962566 -1466.6003767601055
82.47714289091878 1155.139069947424 -1469.2066228086276
-32.380738780882766 1144.7277747017638 -1483.944506856183
-144.20012871127042 1134.6906595248995 -1507.039424823553
-192.6227760840582 1125.4072926180215 -1534.3512229948785
-206.41897012805998 1116.0955926096249 -1562.3959420367582
-183.34588797109308 1106.6361132613167 -1587.1173259014527
-129.12747576772742 1096.9812972197346 -1605.1287297665694
-56.24864120044093 1087.168842904198 -1614.209266933031
14.653853239771642 1075.43230573242 -1616.6791762002752
64.75801376316926 1060.5494299453967 -1615.0545461860233
82.6038075541602 1043.3275925876019 -1610.2629810757917
63.652830987018795 1024.6081165046662 -1603.7515491384725
11.435333847702456 1005.2162057923654 -1597.1719310459775
-63.167301635833056 985.8912483788629 -1592.1190463136447
-144.25581304260638 967.2353688664971 -1589.8859898802264
-206.2879230568837 949.788330313943 -1591.151232755017
-224.97324235088712 933.900918287769 -1595.9761989784304
-213.90421044582942 919.3698116563098 -1604.2715908056948
-175.8283968193436 906.1131730109296 -1615.129767207222
-119.43038462021103 893.9553648101039 -1627.263493838189
-57.470791000276414 882.6741076561717 -1639.2248655268381
-2.818184844104732 872.3972306985318 -1648.9372939505388
38.91940739427502 864.5363283893914 -1652.9079172671325
59.12092585518447 858.7017459126046 -1651.2213117773022
52.93127585777546 854.3364031179478 -1644.7820898674336
21.31936370093651 850.8834257482079 -1635.2365313276707
-29.054483029197502 847.8023212487784 -1624.6922872859316
-87.24201633539263 844.5816430888797 -1615.3768539308367
-140.38854600998823 840.7434863684316 -1609.28790514113
-176.5765729414448 835.850531851996 -1607.892878887096
-180.48263536281277 829.5993329270957 -1611.7887494205263
-154.5369579654543 821.6168029418113 -1620.9834303435146
-107.05559075757293 811.6370391219973 -1634.6870493066667
-48.48632915718104 799.5527426086824 -1651.418886708278
8.098873911893678 785.4035562965933 -1669.3024139127742
49.896317107309685 769.3856398966047 -1686.3575959569132
67.24990899321214 751.8433573960692 -1700.799475450534
55.87184249823879 733.2424453420217 -1711.2981004885519
17.89491117544395 714.1279168781978 -1717.1617744117639
-38.50049249283061 695.0720709820857 -1718.4183188229517
-87.4945070445482 676.7513777530354 -1715.543837738167
-116.39203909885903 659.614054448916 -1709.8465640894744
-131.635492929853 643.8199441925718 -1703.2784186785577
-129.9457613557464 629.5040171579203 -1697.6191076910395
-111.53279934406513 616.6340550624127 -1694.4342197152373
-80.34852073100367 605.0208039738436 -1694.8459416046192
-43.26324867190978 594.3498416713667 -1699.3752436595778
-8.567360340088204 584.2276849804051 -1707.88212336765
15.877243141040331 574.2350464472423 -1719.610420144768
24.424790472105524 563.9796184542333 -1733.3272322734672
16.655124257530794 553.1562310327231 -1747.5027558361235
11.40684602508532 541.6940012891303 -1760.3260717002734
-1.0044046129659145 529.3788862259419 -1770.760087004568
-18.03973447896595 516.2159775376906 -1777.9977636964618
-36.48274616264047 502.3105732929878 -1781.7738901859848
-52.997844320279015 487.8424814388182 -1782.3836765691326
-64.68950108129646 473.0327558640824 -1780.6118096286561
-69.56918446302876 458.1081930290054 -1777.586828969362
-66.85493512313137 443.26885525123316 -1774.5868906733974
-57.05928353511344 428.6630582084783 -1772.829639650091
-41.8581702343622 414.37282441741274 -1773.2801402060973
-23.770339381178758 400.41101958046 -1776.5066294408705
-5.707245600433258 386.72955082297733 -1782.6051252773034
9.52697977112782 373.2363945791306 -1791.202191402057
15.015120709235967 357.7696120655105 -1805.2905875759961
4.0451777131254865 337.38511079956623 -1828.6030163317869
-20.729328620137377 312.8059375601211 -1858.1843758013151
-54.46950625017835 284.95716284609784 -1890.1636930810284
-90.99306562317139 254.9153363526457 -1920.357903501877
-123.8328055240094 223.86532129328174 -1944.9315140938595
-146.12449236395904 193.04925842572374 -1960.964848894644
-152.30125354196213 163.68625951276528 -1966.894101899541
-140.36806324879004 136.87825536873532 -1962.737039046818
-112.44814109810153 113.52348969182913 -1950.0454134094448
-74.39405004770069 94.24070512636717 -1931.6160532139293
-34.53053125483364 79.31403443564022 -1911.0146148289964
-1.7964476997874013 68.66691019919102 -1891.9936926550386
16.301358282606802 61.87005381224964 -1877.9013439252167
15.455461468712532 58.18485811687424 -1871.1743157428807
-4.36822391834811 56.63929151022984 -1872.9934061972565
-38.81565491796062 56.12897686368967 -1883.149843676506
-80.21415859849321 55.58116035921046 -1900.007938764503
-127.35183486227827 55.87294715553526 -1917.4143713320823
-173.56777577687654 56.68963103254043 -1931.853285832652
-202.05127823495505 57.06772138815097 -1941.3546023807448
-197.4318506432256 56.28248041606554 -1944.8374043862593
-173.25682819709147 53.752650709171235 -1942.5423610458736
-134.70795828393787 49.27276210274556 -1935.4905799147382
-90.40972775672513 42.86649343306692 -1925.464438600013
-50.52296375226147 34.72284127884251 -1914.6898157860014
-18.532559709617676 25.75392289060119 -1904.028151899748
11.209018369264905 18.520817350378138 -1891.478351870166
30.115438962533066 13.009924336238043 -1879.471151145431
35.303149561804 8.907087339373732 -1870.2531578327707
26.322889785517308 5.783473794380711 -1865.5736325491823
5.180556035835545 3.1236886782792794 -1866.423588888253
-24.075270321493974 0.3698166143450976 -1872.9028224833933
-56.10949828253227 -3.024279047885159 -1884.2321001184105
-85.01833672448278 -7.534168239473615 -1898.9003314521824
-104.55954080805074 -13.508181742771797 -1914.9142002840235
-108.1289790872991 -21.793522384818687 -1931.5150111646417
-84.50857349177907 -36.69848955752286 -1954.97758758977
-37.33548938506089 -58.054298254113235 -1983.5393173853256
22.715297237305595 -84.52479693914938 -2013.439072249703
77.87267876311965 -115.97171768965353 -2043.7744441637662
104.8500565965685 -154.87958425566717 -2079.00546116635
96.14903447090312 -198.85087380295374 -2114.848396954283
52.81538318385699 -245.07517566348724 -2146.5105820333365
-15.90063555638125 -290.79358505210706 -2169.8015002427164
-96.42022448861712 -332.50843475610026 -2178.860514799883
-153.15202537044559 -369.4342886204183 -2178.216350814264
-182.6614037469931 -399.36227954079584 -2166.029314308968
-180.39561199309472 -421.10015083665076 -2144.6739238522737
-145.95639818153577 -434.0662706132292 -2117.75398973554
-86.56866958247703 -438.3376784898019 -2089.5718312931067
-15.629369658197097 -434.65131924218525 -2064.456581895211
50.26247249818788 -424.3009618751614 -2046.090188160754
95.12206303390752 -409.03905137827934 -2036.9672474099686
107.37883900392292 -390.8979863570039 -2038.0495290923761
82.78533229350869 -372.00756736432083 -2048.6742218628606
25.69539654416364 -354.41967277709097 -2066.730968173829
-51.66016968503398 -339.92994606954596 -2089.061990152068
-131.7986946891237 -329.928766150438 -2112.0166471670386
-195.95630338843512 -325.3000232585279 -2132.0664548797376
-228.50874946296372 -326.37924933993645 -2146.378429877931
-220.80695475915684 -332.9729483021282 -2153.2532793947466
-173.49281261358817 -344.4312554285034 -2152.359128086605
-96.68759182253163 -359.76018296892676 -2144.727609300574
-7.928715447793888 -377.7585106542247 -2132.520984552837
71.73802832620251 -397.16536856222007 -2118.6184343087434
122.64904120166092 -416.8044539271065 -2106.099006086044
143.3602644345322 -432.5828881572136 -2089.2399215772884
131.4258413650843 -444.30342827997293 -2075.879670027838
87.5853748611269 -452.28387097992595 -2066.89404394
0.16354569105231365 -462.1444958063492 -2074.7441100211718
-117.73298063952193 -475.2504941588498 -2100.5768008213545
-236.234675106817 -492.3215323611885 -2142.101799564049
-302.9056454373357 -518.1926807589576 -2203.1842668084423
-294.98068088590355 -552.627675061892 -2276.1659795083665
-211.4437509360946 -593.9575178102884 -2350.084557669341
-69.59048880331441 -640.0818728165092 -2414.1126837558068
98.39279593165371 -688.5120719205772 -2459.2813761961984
252.56944942377567 -736.483826764811 -2479.834051605394
347.9351988143717 -779.7035469786096 -2470.8100221944205
347.0539590516878 -813.3863863470481 -2430.4556008042155
244.62533143225136 -835.7875818824924 -2366.1978505679217
59.80546708375195 -846.0494970242394 -2288.9743742263845
-167.4805629844241 -844.328318074048 -2211.419105156143
-385.28529233147026 -831.8137470109832 -2145.8009815454207
-541.6780058844337 -810.6370216010462 -2102.085375461975
-597.3079864060469 -783.6868913088324 -2086.430061836619
-535.4734439424193 -754.3427089389709 -2100.3398300821627
-367.14775845499923 -726.1306326927297 -2140.5854315798047
-154.5213233565518 -705.2080566791474 -2207.2362933796794
40.02804631361629 -698.1202422984012 -2297.339821258966
178.6678135103964 -703.3735340552028 -2389.878675278787
234.791859821738 -718.9367214438391 -2468.1089267917146
191.40507437522655 -743.7465237010343 -2520.2815668501976
55.325737450386825 -775.6899439946708 -2538.8171403249517
-143.53755535169182 -811.8898558583966 -2521.681918148797
-358.44967415697676 -849.0277819524649 -2472.58412587513
-536.4983843136995 -883.7257914442276 -2400.2521933027765
-630.860639176849 -913.0420791794337 -2317.1771675371388
-591.2643787452351 -939.387464350041 -2247.406246704955
-428.5299454960422 -963.4551293719439 -2208.569474760971
-271.44453608894617 -988.1468115013803 -2218.6274075186675
-98.65626126100479 -1014.8416403268002 -2277.5135955978067
59.35504307381434 -1042.9727401805167 -2374.9515230236716
171.87477290221298 -1072.256021981204 -2494.2633486227805
212.7709407315537 -1102.3447268376074 -2615.1863092784565
182.57029709371596 -1130.06105585157 -2709.822885528119
95.11624397987472 -1153.3142799020625 -2761.1817628556423
-31.59468661536657 -1170.5886627798989 -2758.5041765297547
-181.81810563409562 -1177.3088585017176 -2694.844593787611
-327.402429731436 -1173.4357297041952 -2584.415750778639
-459.5334732787115 -1163.7555274405286 -2457.147412985634
-548.1275582369727 -1148.0387524661496 -2333.2390709441775
-568.8653391427556 -1126.1989511542936 -2231.733688038897
-512.7080575708254 -1099.0728535650262 -2167.566569181858
-388.9259792789612 -1068.3929087643662 -2149.196295039033
-223.77396659321036 -1036.5774395535254 -2177.3436247397626
-49.12208031401243 -1007.5676825554325 -2247.828002052721
133.024489346103 -986.6209112662006 -2350.0882628258423
239.7606079989062 -976.0411492707633 -2472.9516305571233
244.01456152645773 -982.2105079526011 -2605.7199074976543
148.67744419847838 -1004.2962913506769 -2725.243101980652
-26.81273604101086 -1039.6715694271209 -2811.0010281082155
-242.27235044781415 -1084.4203734501434 -2848.2291079358824
-445.6580267899113 -1133.5652693000497 -2830.2865280272194
-585.3498973674554 -1181.4685168870299 -2759.6640517156247
-622.9687304298149 -1222.385106444399 -2647.469950963792
-547.1582516010465 -1250.4142990441735 -2509.5974635313923
-408.04334345541656 -1263.0500269634126 -2374.9061848954866
-246.144622304092 -1258.8591399035208 -2263.079055993842
-85.63303126985056 -1234.3343498923432 -2184.4673910810643
34.80593114092323 -1191.3505176910278 -2150.278008537274
99.27623817638234 -1137.477912772198 -2171.8041475967984
107.45498972380196 -1081.705754015303 -2249.3968100170036
55.111064156039276 -1029.0338060694637 -2366.357254068401
-47.254137056017555 -984.2190827378162 -2499.754380049559
-189.57033068403902 -953.5934610350694 -2632.97047596085
-360.68129516739543 -943.2444064573885 -2750.543015690816
-519.5209986082183 -952.5046543531345 -2830.7220472869153
-625.4086887561183 -978.4890846429307 -2858.9061342794685
-643.9977300063426 -1015.4432707707173 -2825.7312200271836
-550.7165495809429 -1054.3918830973098 -2729.842958285786
-361.12436119272394 -1088.6878333337436 -2587.4273391061033
-116.94539718326568 -1112.1669273626367 -2421.808014499316
123.88570769042984 -1119.8750038435178 -2259.8507743386162
284.8726053013417 -1111.8533385976548 -2137.3625347483126
301.76773029624286 -1090.9784118044286 -2080.009979232038
176.74462491090503 -1062.3916723378456 -2102.7537132381367
-49.92290305686487 -1033.701860310643 -2205.426152039873
-338.44471731566233 -1006.5988893297373 -2359.207604644702
-625.3712068201168 -984.7170739183753 -2532.4145058990057
-838.0059025371868 -972.3181276272542 -2691.803637190944
-907.1324746278742 -969.7241168116124 -2800.0149564762287
-797.8091239591955 -975.358173032319 -2833.545219288425
-526.4448122840082 -986.7205996094342 -2784.8775718652164
-163.85714966680953 -1001.4146252342825 -2669.0148152254524
182.4129648923223 -1017.2997702200347 -2514.78871525471
423.5371013655964 -1028.0107335539058 -2347.603041300097
492.17713940147956 -1028.4754858977153 -2194.6294379707965
354.3922538752386 -1015.8274667644562 -2079.562926357106
-17.971908896401438 -988.3979387343089 -2017.1877685668526
-495.78230687899907 -952.156815569012 -2014.9185264128278
-965.5207759584705 -912.7236024082919 -2068.1910029563965
-1308.7145973412828 -876.3946647447084 -2162.7867080943374
-1431.4608016983477 -848.8150886808298 -2277.799249782859
-1289.5839768884043 -833.8771299962034 -2389.696654245448
-902.8229721162817 -832.9559933805797 -2476.648326389608
-352.53557722036754 -844.7534315237704 -2521.8252281962527
229.97822031811666 -867.6001435636493 -2525.5220474527287
700.3067741422519 -895.218314642392 -2487.4238531874935
932.837783261955 -920.6784972102611 -2414.4081018356724
853.830980264938 -938.1568838561094 -2318.721349957258
463.2241340244092 -944.3099470611926 -2215.487724324703
-160.74158599287625 -938.8778586578894 -2119.9194485351745
-876.3146713024784 -924.3450677382015 -2044.7472312518755
-1509.934456565454 -904.9134038671625 -1998.3398059362755
-1897.9142834486206 -885.2701478998526 -1983.8156904543425
-1928.231620797183 -869.5288370796916 -1999.1885712167348
-1571.907809630242 -860.4357118883142 -2038.323516483658
-895.4316769962834 -858.7689270124343 -2092.331089854156
-49.928512308041746 -862.9711788188033 -2151.047867401079
761.6333555932142 -869.2976570372224 -2204.395125752008
1332.2966664101775 -872.7916709589323 -2243.5512302138072
1502.9129689380372 -869.029903536358 -2261.921412281218
1205.0965582056117 -856.0055220259954 -2255.8466709435265
483.99526345099366 -835.2137940655524 -2224.9542604454573
-506.07705884821996 -811.3162993515742 -2172.1004525416456
-1533.7241571614802 -790.5336289438125 -2102.9727495597504
-2343.9193739740194 -778.6043005717502 -2025.4971742123296
-2722.686088117805 -777.839024448852 -1946.6548911555567
-2559.497158114634 -785.7754935207595 -1867.1223271816648
-1863.6095203855784 -801.219021436239 -1797.166443780487
-769.3015712564355 -822.1768316055744 -1751.4374695917923
475.56317807779357 -842.9917684201627 -1743.511143865568
1566.908850437283 -855.9951182353132 -1777.3583281376661
2220.9654776744237 -854.3234994126436 -1849.5528970668393
2246.666896730951 -834.7838750312064 -1949.109743823847
1599.1061652428407 -800.1282864982429 -2058.9093325511244
399.5151364217686 -759.20202765289 -2158.4080900832346
-1085.2224427630097 -724.4438502496209 -2227.1614173139296
-2500.812818182412 -707.813685361458 -2248.692139203996
-3488.786184206578 -716.951032285138 -2214.307049143134
-3784.0227944886656 -750.5617916818253 -2118.0307552276113
-3277.1195865722234 -804.2385550233532 -1970.0047214116446
-2048.434700122659 -870.2230513527454 -1796.475102068449
-364.56187125654793 -936.788549640255 -1629.1564681337434
1384.139416289414 -990.1120213997672 -1500.9604472875892
2768.070981172095 -1016.143731657344 -1447.4781335721686
3418.5490515822294 -1003.9401593895292 -1482.4706654811594
3128.9708907641934 -951.8055193614216 -1602.050609241754
1915.91049853419 -870.149295084346 -1784.8360529295169
27.89661899531337 -779.7338613369931 -1995.4538520620524
-2104.7318892076737 -703.4568433210353 -2188.018947387871
-3881.490004874395 -667.6065497169859 -2328.1664900284936
-4632.896599565282 -694.5238044931302 -2355.5275408744515
-4405.38074384472 -766.5387048063722 -2304.720914528673
-3219.7767997045457 -875.4181724800603 -2166.837177539733
-1314.0146335690583 -1003.7562366971997 -1960.036012922295
885.9238944132563 -1126.9997214485272 -1720.4668759564256
2851.719893466278 -1220.0235374941926 -1510.1921308146516
4058.028577176511 -1256.327595912765 -1375.4487042820251
3983.8031579383105 -1202.1832573837087 -1312.5959720740532
2760.789093962335 -1086.7863702803859 -1360.6336358586723
619.9054650841163 -933.3813132729674 -1495.775065483862
-1958.013510871872 -778.376239565297 -1684.664921133461
-4359.696175959713 -657.287704141325 -1877.871683660093
-5988.749251472278 -596.3799589458674 -2037.190594092024
-6398.395432954289 -607.6649474977103 -2127.1903254277904
-5411.171420704522 -686.9664442039891 -2119.6412002438337
-3188.3634205638245 -819.6078260671413 -2011.721101141717
-215.1756160064666 -981.5745508617724 -1828.0022117422945
2824.5806238912287 -1134.0565465746977 -1594.6792185036252
5193.950607106613 -1238.2984094967496 -1385.1044548410841
6265.125580511186 -1258.71278866871 -1244.9726261143646
5695.565676916328 -1180.883028485482 -1201.344845626622
3535.9261925283026 -1021.3148939666893 -1262.25085457504
233.51618482595705 -822.5071912116988 -1409.6661153741506
-3460.932451674279 -637.0280661813155 -1595.352009828197
-6372.747801821243 -540.7121460264364 -1844.3596873147962
-7652.919022305787 -546.252887766201 -1936.9630475959098
-7244.5156127385335 -629.7959433449307 -1999.8944548816414
-5189.874973391761 -786.8229187870668 -1961.0434593905168
-1916.3694326843663 -995.6173872218699 -1835.731115696362
1768.0622883773278 -1209.1767231517993 -1651.2178001696573
4438.477640454792 -1317.7826562466066 -1434.7791409290699
5843.992925073165 -1303.797544732106 -1067.2525430784851
5745.259265708396 -1200.0660579402122 -903.1104792048517
4051.2187374833798 -1012.8748214664895 -877.4450084633756
1098.8452409954875 -782.6590617883511 -988.3205350147683
-2455.240171422792 -563.4137170940079 -1195.876033376102
-5128.878583523821 -480.0821201517991 -1596.211721556351
-6543.886006688049 -489.4020143752087 -1822.8001057349452
-6528.585832844756 -568.315764889853 -1964.0136435572942
-5083.128959623986 -727.0768517593494 -2042.3174101583186
-2493.2895854489525 -941.5927448403137 -2001.0193046315194
656.844786471691 -1177.1531683997339 -1861.9468141021755
3358.181093172594 -1354.6026846339032 -1670.7056383275187
4817.353195700002 -1397.126161452178 -1309.7284117108643
4988.193863719621 -1340.8454678196335 -1029.3741623380724
3770.9108832444026 -1198.1874948284244 -870.7846821733156
1387.224765733559 -995.9294472157155 -839.0375557719132
-1648.451763098775 -779.4848696386936 -920.5811615861137
-4638.627859467532 -594.3183439408629 -1080.8908124617567
-6186.410429959484 -552.6643411084109 -1371.5862342050755
-6384.2731960767105 -574.6075202639389 -1513.6027307965528
-5216.401362704497 -676.3206656649601 -1659.60070068671
-2912.1479245094406 -837.8192868103085 -1712.9090779210187
23.75203308055962 -1032.3201950229688 -1687.8534489878482
2902.5016583831143 -1218.9477661531712 -1607.116204231147
4885.08626966063 -1331.400934853164 -1500.1910035599765
5326.341218740902 -1312.3261302547107 -1324.8954532840962
4313.340566979509 -1206.7760867790157 -1207.5621703826655
2010.8165159287016 -1034.3619373102088 -1146.1767624058793
-1098.6745234458706 -836.1951106174104 -1137.0043979975007
-4297.430456867643 -662.4067496149166 -1168.268459299462
-6518.635628993535 -590.002905611513 -1278.4044095500135
-7100.418592488009 -617.1557528881522 -1275.5376113040206
-6185.315694462003 -719.8474769189289 -1290.2377953686007
-3926.3755044073355 -881.4776276764392 -1260.8219051170267
-817.0067616576837 -1072.355706311008 -1194.7429107076068
2425.7863303262848 -1252.2008097714731 -1123.7008987840013
4952.907505485493 -1366.9599482389217 -1093.1327635361577
5828.140239407818 -1324.9393868210645 -1023.473770825678
5139.24933100303 -1187.0462380957747 -1052.6124726830944
2971.1612816007805 -976.4476393366906 -1147.7642040530789
-223.9589489072769 -742.3292128553883 -1285.8304017474964
-3718.2111409571485 -541.4471020604949 -1428.6030599480882
-6330.352497804648 -466.8236359511369 -1609.1824395689614
-7298.136800557091 -512.3112111822081 -1602.4178969627378
-6712.177639210748 -628.6161647643951 -1485.129611577154
-4690.486980228692 -813.3845742010948 -1300.5171993182962
-1646.5366716086517 -1028.8185696968455 -1043.5007001171925
1724.6066657147808 -1231.6953071836067 -777.8672610254489
4611.265866902086 -1369.3457290332847 -560.2317488872188
5848.334848559409 -1336.9282413299998 -417.0683776735906
5498.427021642534 -1182.2532296657328 -396.24662092931476
3596.5085230659 -944.9044573810995 -538.5258333758891
527.5216735975486 -674.82684052937 -806.009463585653
-3024.4640743587547 -433.0223236056696 -1124.0479281992855
-5836.704185216588 -326.6372234703141 -1496.4644362558488
-7036.776979832338 -360.3380451484739 -1663.3440058410365
-6725.714677479995 -475.3579937050745 -1658.006108817709
-5028.777537487441 -675.2951122373929 -1548.9050052763887
-2287.35447414671 -922.9768495856662 -1314.4213844899966
890.1502049438914 -1172.279376229781 -1003.5132653705147
3720.3393112307026 -1363.8519201668942 -696.4427483224611
5031.839832368967 -1375.3373409785397 -379.68711908099806
4958.543643337561 -1274.572231711595 -206.1029879846643
3485.764711420969 -1090.105678637734 -227.9266970536753
904.3983882230577 -859.772714441398 -417.57791213344217
-2215.743853446015 -634.9970982500963 -715.8097475926262
-5148.488993447806 -467.0280762621104 -1049.3410606177988
-6601.196794234028 -455.4492315346082 -1366.7291687239035
-6517.291315603115 -555.5132649003269 -1575.1912282847868
-5121.209714529185 -734.5454316246248 -1642.3906796762822
-2709.547123143752 -963.9331012854058 -1558.2223717717447
191.8348578062856 -1195.217657512302 -1328.2528217465383
2924.2587871077676 -1387.3470116325493 -1031.9359256265059
4547.31840951061 -1456.486118947069 -731.6075549156232
4159.218785611963 -1197.1992130114018 -215.13022276414162
1999.0322546704408 -700.6087343122402 408.6315890858927
-946.0292359868737 -222.42001795014235 809.6701933746609
-3833.925333192041 139.65773615986166 880.0594895917691
-3316.47980350712 -824.178678160763 -1044.344701974662
-3719.576435640963 -924.2773709295093 -1687.7915724448656
-3936.4217272711244 -890.5050791076263 -1916.2566002906444
-3754.3512038304707 -834.6271437199704 -1851.963287258549
-3197.6977868452127 -757.8365433022327 -1510.3511011944447
-2347.11301859575 -661.001106014787 -954.2281352225145
-1344.8122813809825 -548.2631243511804 -293.0588552661284
-355.5268769524744 -425.1803655420616 346.3797262756785
461.10841543024253 -299.42008874343173 843.5890735040097
978.1606328826474 -180.7460834814023 1106.750052549401
1119.0213562909923 -80.9484769610691 1086.9156861101637
870.7272645845787 -12.166932713597589 786.9084145251293
283.58614544210513 16.280341879415516 257.51678508704856
-527.9491436619344 -10.8517782118156 -387.1640887546945
-1402.3298083375391 -88.57011563911499 -1019.632402811439
-2186.356437720418 -206.29612909992545 -1524.2898503789704
-2780.5969346783945 -351.60401450927026 -1831.4353890532154
-3104.2475444563242 -504.22993985051784 -1897.3250553928267
-3121.7535392414675 -642.6075651232211 -1718.7255352691543
-2848.2992164545794 -747.709537253023 -1333.2848277504183
-2344.686868734844 -806.0033750801665 -811.5727916009873
-1702.8801765696012 -810.3678103487155 -243.49263377512642
-1010.1790839770297 -757.3555000707444 289.10415417003674
-375.6703196894673 -656.7775322001523 703.6542947474977
102.68807315392259 -525.8111242040186 937.0126635129417
357.5932527635484 -385.9134337467651 958.411474243519
342.72893746806864 -263.4787238601177 762.290486788153
73.53249003676953 -176.10151168906185 384.97215716502
-367.8037643156706 -130.29879331920569 -92.40680419013714
-899.8974055593844 -131.4157333922239 -588.8804965236538
-1432.023830580844 -177.0652930724026 -1024.0199193934352
-1893.8208931779243 -261.6434893331032 -1338.6612403644626
-2221.206842618835 -369.55460465637907 -1493.3581980790932
-2368.1146586166333 -479.4361010869963 -1458.261971755661
-2311.117350004359 -577.3515440285237 -1258.3642759544489
-2082.7106551655384 -649.5152111239122 -928.0858157758232
-1737.4400722039995 -688.8336994044764 -529.5847572599755
-1329.674415621156 -690.9226715632499 -122.51488462773352
-927.2226410539109 -659.3694192804733 230.93669003834805
-590.6666806402417 -601.1965518153772 479.1001952002105
-333.61748249542524 -520.9834917933875 612.5666921179374
-217.66049651145366 -441.3536658117678 601.7645379096948
-254.34415394571363 -375.38614410141946 451.6299812776481
-392.43748198842576 -324.28388236528605 213.92292271013247
-607.9290998001619 -297.616447539788 -71.88689060022568
-878.7175389159207 -301.3833509531949 -373.0122919014889
-1138.6636239015058 -327.21074762008584 -630.9726259955539
-1356.6155172839522 -371.60101667765844 -814.5496584049283
-1509.1368892812907 -427.0532835666785 -907.0449482420883
-1574.812202949789 -482.8483317186994 -898.7354768482447
-1545.4559785473566 -528.5282228808442 -794.5033478165797
-1444.781256008194 -561.4568264595121 -623.5686929734641
-1289.263241680958 -575.8155203982085 -414.30615049023345
-1084.5436883132775 -564.694588071184 -185.27782124319717
-901.0821291390187 -542.8845003086025 2.8739850549541757
-784.1406418475649 -427.20226330093425 -285.155630258096
-833.3866719548616 -275.87035641708724 237.36171448724974
-346.03616990141666 -289.8798866190333 -244.08992542902297
-287.9949092672914 -248.5855549089067 -19.074429747796273
-298.01906967875146 -189.87414857932094 113.61239411773026
-314.80007020797154 -152.94904164456113 94.3011677374983
-352.33082709638995 -131.15605156450272 53.38266887381593
-419.363505862947 -124.54748608853095 40.46289012958226
-328.9468325000782 -288.8142152167106 27.30020806900768
-408.8131682360181 -354.28380672012594 -18.035819586295077
-624.524583581582 -335.52238082609875 -28.473837543891992
-415.36058499574426 -219.82183134412026 23.136467020101747
73.48186955149933 125.50374395235762 -57.51705471549684
228.10178078094208 218.181165449991 -40.529134754727636
98.47712465384922 135.4222965930063 -44.14313289782257
121.4046750848716 152.23375086584667 -48.05662577627601
125.83174864237097 155.21352154138413 -48.253439743852766
123.87092024076523 153.7758198347916 -47.91874337968238
123.87092024076576 153.7758198347916 -47.91874337968238
123.87092024076617 153.7758198347916 -47.91874337968238
123.87092024076696 153.7758198347916 -47.91874337968238
123.87092024076799 153.7758198347916 -47.91874337968238
123.87092024076905 153.7758198347916 -47.91874337968238
123.87092024077003 153.7758198347916 -47.91874337968238
123.87092024077117 153.7758198347916 -47.91874337968238
123.8709202407723 153.7758198347916 -47.91874337968238
123.87092024077334 153.7758198347916 -47.91874337968238
123.87092024077425 153.7758198347916 -47.91874337968238
123.87092024077423 153.7758198347916 -47.91874337968238
123.87092024077482 153.7758198347916 -47.91874337968238
