90.21659118940643 -81.10908227887846 -619.3588429379915
151.0101353761626 -133.39162221051026 -953.7829728515845
236.01097353329692 -186.31860482404505 -1206.0941288187266
319.3094960424349 -229.4771659003203 -1326.1603076970373
379.66151684850047 -254.58992298517555 -1310.842728886854
436.50800763560795 -250.7452066870286 -1170.4509095298831
438.27153619394 -227.82322618940754 -968.3416951529011
398.7920119642054 -179.5847158965458 -740.4902353686182
340.6786096444843 -110.65120114917448 -538.3338884802669
269.3453998474437 -27.641749638043223 -402.765759093775
200.72602665612305 61.452593163728864 -358.00719908134937
150.08930644287904 148.42524422782333 -408.6188410794378
133.32714985940171 223.9450079578731 -543.8765326768902
157.96628294786535 279.793178551202 -737.860939229158
198.7576386400003 319.37922562622845 -943.2122578734336
226.43310452410591 340.2762434304307 -1129.002305749225
246.79903979122787 346.35173850940504 -1262.5602336807517
258.1678881953763 345.3049015351439 -1321.322745685265
259.39862142841747 342.85291002007057 -1304.7156900723778
246.06836142957624 342.3041622126277 -1229.241518612092
237.87762779505894 342.2478246072913 -1127.6685790402753
227.09318201016933 348.9883378831138 -1020.0031814308729
214.96205139988263 364.77688553812726 -931.7759628430622
199.34955840801015 390.83060580772155 -880.5479587156384
157.92854656350025 425.7117022961765 -877.2392824915798
118.04342436747966 465.94417080608963 -922.4621594430005
86.75343951742546 508.6735339157755 -1005.6184070508323
79.8843086032916 547.5522467070348 -1115.5530383590317
103.54676065114697 581.8576037891887 -1226.6586456560447
147.819796242597 614.4673136568813 -1315.190519266487
194.7185973869592 643.2853874742506 -1372.0151144295655
230.50699378087822 669.8364712952554 -1390.1344292180795
245.19707054543122 695.953253018331 -1371.0925987618693
205.34885382360093 723.3996043259339 -1323.4526511483225
137.5371198930167 752.8584746991384 -1262.7682366186123
75.80820201644772 778.6193933217688 -1214.875482001041
25.176018951930114 804.2166814787066 -1183.9972827561596
-1.0112832790165616 829.4126684633696 -1178.3854581973685
3.7154380586468245 853.9092297781181 -1199.4619499505532
37.08489976219087 877.2712978585062 -1242.910314469725
93.60579007765935 901.1214148862834 -1296.1888403973987
163.16612006101184 926.5184018723716 -1348.1745436178016
223.65067276240657 951.2523854150601 -1393.0395821984475
246.19709601791607 972.9339652079361 -1426.9978353897627
233.81538681658265 989.2287270518453 -1448.7737401460522
192.69757233723374 1002.8050283253975 -1453.7224429778562
136.65885122344568 1014.9352875411921 -1443.8941310700316
83.17935666144027 1026.9227420246807 -1423.8272479576963
48.135083090517504 1039.8101645073154 -1399.7389145798068
41.34147609425709 1054.256821361399 -1378.1209313100007
64.0133999730802 1070.4859611194806 -1364.3752710331823
71.85269088941627 1087.9224470441072 -1361.9945050071535
-59.2881022028302 1104.2456045679216 -1373.904746218244
-129.56780477136442 1118.217063445286 -1400.8952616227432
-143.55259746685613 1128.4240057468865 -1437.4748026676443
-103.07133918194322 1135.9040732185476 -1475.636207533988
-24.79912593617295 1141.841832621324 -1507.0369228911673
57.51818517599816 1149.3034225481224 -1522.966578445093
122.12713385191532 1158.386186443927 -1522.5473180022675
147.2003325117538 1166.195525399658 -1513.271916467005
151.77962156412318 1174.4147611888068 -1495.9018451255447
123.20339633666633 1183.0150102054304 -1475.5764854066556
69.095748416646 1191.9739181531597 -1457.347196643184
2.6186660693594543 1201.00023045417 -1445.4813894503359
-61.74762007262581 1209.5802439725744 -1442.6342095554646
-108.73709238009677 1217.1202458526054 -1449.3513992878347
-126.39322879858416 1223.0520531027978 -1464.0930064605939
-111.54111630609142 1226.9066224808257 -1483.724993436475
-70.8194183340105 1228.4024918496073 -1504.2851354363406
-20.3847591759998 1228.4998025972627 -1519.9494335612585
27.08604564193362 1225.4153821118762 -1532.0996509479023
54.967661231788426 1220.5670135439561 -1536.8148940840597
62.10746644617737 1211.1119139145287 -1539.6000516159525
45.268725821145935 1197.9615533714139 -1540.4768627582578
8.877498054119526 1182.7411807576027 -1539.9560566076432
-36.72891736166362 1166.7892734260831 -1538.8718348092923
-78.70408140285834 1151.2524877999654 -1538.0585361295473
-105.59614539447094 1136.999022646421 -1538.1686464699662
-110.72560306769674 1124.5728988762594 -1539.5480284517048
-94.04848444667269 1114.191544787424 -1542.189405485459
-61.98864540944704 1105.7818568817625 -1545.7693364498227
-25.34160801731078 1099.0444802083844 -1549.7554447128082
4.074358760206009 1093.5323092258998 -1553.5557292521673
29.934046464077934 1088.9051910911362 -1556.4771631808405
46.4781170548062 1084.6134383894323 -1558.2541067949408
37.18142976096905 1076.931778011243 -1564.155027343741
3.380854978597414 1063.8228695933803 -1576.0859435239283
-45.04774838028081 1046.6208353936324 -1591.3231120923044
-96.75583277727718 1026.254061801204 -1607.4107188340035
-140.46895544091055 1003.834533912098 -1621.8693255529004
-165.9403189394898 980.5805828726833 -1632.6709096717095
-166.7927498620736 957.6987059317687 -1638.6176614776637
-143.9704483334825 936.2484465945897 -1639.5529422352517
-105.61151728319228 917.0485189686772 -1636.3270096240258
-64.31457084016489 900.6173989004296 -1630.5561232816679
-33.22040584188834 887.1447539111798 -1624.24701717077
-22.021333390188637 876.4960725897809 -1619.3708750446413
-34.10393521550259 868.2492592000913 -1617.4757249070203
-64.53226672638756 862.0888294649021 -1618.7670947974907
-90.98179505024395 859.8503078305341 -1619.2488796328064
-89.0678526503233 860.3292056578837 -1619.3987714876457
-80.24005077501283 861.7190112852313 -1620.2146613932377
-64.81121222374958 862.7086725802258 -1622.0860504548718
-47.73275709145375 862.1366767508575 -1625.3155841952882
-34.44286080662273 859.1196452377403 -1630.0048424230695
-29.100529187062183 853.0977390493533 -1636.0274281870702
-33.32600516447931 843.8492061243253 -1643.0508230085827
-45.74572120692621 831.4742400959219 -1650.60040603505
-62.46560319924627 816.3499614454395 -1658.150769189799
-78.31236080720505 799.0631505757051 -1665.2245591219917
-83.36287011467324 780.3846980892715 -1671.3827575449436
-76.91492822323815 761.0491446586565 -1676.5140357310847
-66.04028541953299 741.7079082777534 -1680.792547013734
-52.47488358596703 722.9908674234409 -1684.415889005333
-39.152748901879754 705.3737922742087 -1687.6864846796202
-28.85655516439129 689.1583845964178 -1690.9307976931132
-23.484104168640663 674.4653373098331 -1694.4326635025852
-23.692131650169536 661.2455249069882 -1698.384564555102
-28.83069241289754 649.3074433487322 -1702.8619775762265
-37.17512056375494 638.3557595151856 -1707.823742995327
-46.384766355644366 628.0353283755958 -1713.1357819264892
-54.07090943068737 617.9751664310729 -1718.611068469258
-58.339047880160145 607.8276643799186 -1724.0561276190824
-58.18498362919256 597.2995674035176 -1729.3138548185639
-28.24134005562723 587.7502647389222 -1730.675977997258
-12.52839226558361 576.0079205136748 -1736.2237059904296
-9.241723998818092 563.4461119752388 -1741.6571017739634
-19.48939646575956 549.9064077843485 -1747.36876708522
-39.92508347514453 535.4970069575415 -1753.2033203960218
-63.99316123082241 520.3973706785092 -1758.9680062783586
-70.51484550404524 504.9451432862284 -1764.2531062864641
-61.14997117359646 489.3227353043983 -1769.0811259481088
-46.33381893210678 473.6749996023448 -1773.6242569231742
-28.21173161512383 458.20587359802545 -1777.9269271646924
-10.798285046253604 443.0651536525687 -1782.0838417735274
2.2795594846790337 428.3518333070191 -1786.195788038487
8.613985061353135 414.10992034926153 -1790.350680440742
7.487610949140078 400.330353225975 -1794.609571265582
-0.06969551602398205 386.9583899955842 -1798.9991081762114
-11.625184147555922 373.9051574403618 -1803.5110734222571
-23.985932437624175 361.0616234065134 -1808.1083428934442
-41.78407796511366 344.89901898737685 -1818.9991745511236
-69.54844308463798 321.32935972292387 -1842.4386886766974
-98.10968185586272 292.7620077757709 -1872.600931370183
-120.28224530336252 260.78708637925274 -1903.9907192858864
-129.40526642690776 227.17513346112383 -1931.0673465013651
-122.15731236759655 193.77674224489994 -1949.416952817078
-100.58893035464395 162.3782335957813 -1956.6504737673185
-71.2602001039278 134.5478982757342 -1952.798790754855
-43.131095690221166 111.48289422447277 -1940.1657374729987
-24.711340350124374 93.8798001006802 -1922.7029226028058
-21.372383627597664 81.85312455395888 -1905.0715322747892
-33.671303273925744 74.92148515790831 -1891.613953389335
-57.20954591661352 72.07164655039122 -1885.4618158378144
-84.0614068517801 71.8959726724222 -1887.9631387194174
-105.31016322655395 72.78422255591721 -1898.5302671484128
-114.15347301260775 73.21410415233487 -1914.725788942917
-121.14718914696445 74.8353338775587 -1927.536848817475
-128.68710855731976 76.86816867312984 -1933.9086233009084
-117.83508033757225 77.88038767344574 -1933.3887283051076
-100.34876104150634 76.96170808486613 -1927.1353245868106
-82.5631273491133 73.67279226642154 -1917.456728491551
-67.87912723626533 67.90037097175627 -1907.31689771642
-59.312969526402384 59.7453566633277 -1899.6834096118498
-58.3028959283485 49.449289973146904 -1896.8601704084165
-64.4585388092193 37.32047219614287 -1900.0068867844889
-71.7372901791698 25.031985185073324 -1905.9968877459887
-69.67275778276976 16.07045009226482 -1908.2605494266502
-60.278737661678505 9.413373027236105 -1908.1139235937706
-46.44231503764276 4.528758021926649 -1906.174114312762
-32.46748024658294 0.8603604039691959 -1903.4282634638266
-22.712708127360216 -2.1730568602507105 -1901.011794395462
-20.18211110727872 -5.1442562546100135 -1899.9559623657624
-25.552821626270948 -8.5837066367489 -1900.9699762149346
-36.954039163270416 -12.944823060898614 -1904.304667900405
-50.57010760917295 -18.57011554410093 -1909.7235187880913
-61.87392818024094 -25.66265973179327 -1916.581246914504
-64.24109466931644 -35.37307767434328 -1926.278494213669
-40.81898550876345 -54.52384338457961 -1950.9449935508094
-0.058631617220542 -81.28040983947926 -1985.44889509364
44.04448001263554 -113.3028842500039 -2022.6587209607771
70.67563050183364 -150.64868283623412 -2060.563770837209
55.56341740132753 -197.332635471561 -2105.2433185536047
21.932948276370198 -248.17809280207825 -2146.0554584520432
-24.13940046847248 -299.01397210714714 -2175.491188480283
-76.185874487886 -346.0015891765522 -2188.826355153406
-118.30130336928929 -385.76753678491116 -2184.684846774072
-136.6803817531023 -415.71601399709834 -2165.2775884037824
-125.32031847432648 -434.26704973828834 -2135.7771691858043
-87.96635045049878 -441.0050078701744 -2103.0658345858556
-36.858315496478696 -436.7087865058039 -2074.1803411559445
11.234770304858754 -423.25392099293424 -2054.8139180096214
40.4769931772625 -403.4111600901369 -2048.2143585836357
41.147041289728364 -380.4424516303584 -2054.6543374233474
12.809242187537054 -357.7372156797409 -2071.6090449126946
-35.54133951782487 -338.3514707408608 -2094.5133489966847
-91.93670079227029 -322.95695911354727 -2112.832690474704
-131.9165791969324 -316.16650661664636 -2133.2462687268894
-145.68435826761007 -316.9465095647084 -2145.4018700890742
-128.59995665413862 -324.993733791743 -2148.3749893758386
-86.43108006589628 -339.0241476405009 -2142.7661277620123
-33.208942618562915 -357.24128149141166 -2131.1411515545765
13.337289842294403 -377.6577918194945 -2117.316059714991
37.567928077041415 -398.4050066500089 -2105.389886435134
31.064590085220015 -417.9816988925822 -2098.7791746763482
-4.576550104187227 -435.4058274099515 -2099.4742380636567
-58.21751728730937 -450.25386694927505 -2107.6719465466986
-107.98255432551154 -461.50840937869475 -2119.0719722283193
-117.24479868358527 -465.59180420569396 -2123.2280067927254
-83.89762596751879 -464.4252002032445 -2121.0962281684688
-22.46058851949215 -460.51985957930697 -2115.9116458928474
12.5809371148905 -463.7197855745612 -2127.0403657114834
4.934224285590982 -474.6148181640919 -2152.914804722208
-36.754379460156585 -493.6327175046884 -2190.4311050742463
-59.751374288943005 -527.9020162940285 -2248.7036394804604
-55.200892082638426 -574.336750477471 -2315.5283611413324
-39.2534029789314 -626.042554432189 -2371.0232861491854
-30.93810700221397 -676.613184319379 -2400.2656741433448
-31.66183021648228 -722.9476241899134 -2400.23539737777
-42.445511544427774 -761.5363126864238 -2373.251541097794
-61.158520612202146 -789.5806946184791 -2327.2216778129896
-83.09343908877013 -805.404495289217 -2273.6139569614265
-102.47365960868073 -808.7389946841129 -2224.7487346604976
-114.33475367534251 -800.8117303803886 -2191.057337387434
-116.1593897303767 -784.2029004224217 -2178.9185652080077
-108.72191368246159 -762.4807263593425 -2189.520467633166
-95.85379196220572 -739.6734314110986 -2218.9411036566044
-83.19512637853909 -719.6704501052055 -2259.359028885317
-76.33429114136337 -705.6606443897451 -2301.057033565197
-78.94536459340185 -699.7071623770167 -2334.7245299130927
-133.2041716937535 -707.3273683810655 -2365.803740982013
-235.1958752341879 -733.289659543388 -2399.5321238921006
-325.8502182667045 -768.163663731869 -2415.518223047126
-367.9925767212028 -807.1490988086439 -2411.855655464823
-347.9503756097585 -846.5246088734801 -2391.2736500776964
-270.65888185691114 -882.3300624212037 -2359.74676573365
-159.94926127075954 -911.2825105073696 -2325.27743819297
-50.923946064404255 -931.1847362395297 -2295.9362884403413
21.604095274512236 -941.1686011201681 -2277.9769921313077
35.37123597591951 -941.892428227895 -2274.890459616099
23.596955355328912 -942.918671071169 -2303.152217133686
-77.27785146441568 -947.6050694988558 -2361.3883125087123
-190.9544535780905 -967.0750720203714 -2455.7034404485203
-293.87782954447385 -1000.3722498907309 -2561.6979994840426
-347.9196781471255 -1044.7219189945756 -2654.766348630773
-355.62798591165455 -1095.87562960904 -2714.386126308543
-307.0525390271278 -1147.8702973413135 -2725.0522777819165
-194.5834413418257 -1189.683102419572 -2674.5868672598763
-58.50078812995763 -1215.210520630521 -2574.5966574888434
54.433548433487914 -1216.971057933165 -2440.4018890946054
111.28776190954149 -1194.9871026183346 -2303.9641373240015
82.03475299872864 -1153.4173079128252 -2200.5468456608314
-68.78373530995185 -1105.587156066008 -2168.9308727204448
-289.66186893510826 -1056.3430646349302 -2207.2099740378094
-504.99325462278534 -1012.2806937072681 -2300.6617352942626
-640.4165033784925 -979.7468275188947 -2422.9269739891633
-647.0688776146044 -963.207250945004 -2542.6764067766962
-518.7008243293006 -964.2133294413568 -2631.141411821645
-282.886862677757 -982.4529794077108 -2671.069818072063
51.129097022873935 -1016.5721061918731 -2660.7380735938336
309.5181873147701 -1060.410871369335 -2617.4531783378543
369.12079013959766 -1112.8991885610517 -2567.841210636406
256.00558947662887 -1165.047423587282 -2520.9464601317677
-0.38050540795087073 -1209.5824603684591 -2486.2888872771196
-314.8993105685194 -1241.9970254456557 -2469.1899615536704
-580.6746989354839 -1260.1978485006882 -2469.78668725216
-705.2421396763053 -1264.0377921812983 -2483.59662557494
-649.5893980148237 -1252.9368030513765 -2498.0306927375295
-449.81836379509144 -1224.5341362098827 -2498.644221257571
-205.9356814867397 -1190.0523703293686 -2504.6215217025037
10.116745522217307 -1149.02043294542 -2498.4705499141314
132.5411757873851 -1102.5747512715257 -2481.343466012582
117.02585987728554 -1053.6774286770624 -2454.223791594483
-7.185507530247381 -1011.148918167457 -2435.455980509893
-173.18799419625552 -982.4726945455353 -2436.0018042371757
-329.0172423870064 -966.7134404242006 -2449.781365495802
-420.37331872541995 -963.3595147192864 -2470.5252823144797
-436.10110561670854 -974.9635995201089 -2505.2843420903414
-401.1957824020085 -1003.583985796972 -2551.175000408552
-322.8665828137822 -1043.1311912336482 -2603.6136340141525
-217.91324166731795 -1086.243652561727 -2635.6499501219587
-98.46535556959691 -1122.3866671423011 -2630.7987528315734
-6.966013339572141 -1146.996911704008 -2592.332044685115
24.48606031046019 -1155.9976843667387 -2527.5968194754837
-16.109043856835648 -1147.1252464819058 -2449.294438199345
-116.34220485212234 -1120.432429150142 -2372.137631169231
-269.6193801497071 -1083.3075391881407 -2326.4096702060933
-452.0363975003561 -1044.5475952486304 -2326.351760658181
-588.4543478922177 -1009.0177793194855 -2366.6947347050814
-614.9162283292087 -984.4974722731693 -2441.3533187608573
-521.0833962104599 -972.7172707098575 -2526.1412167525955
-333.2078080526224 -973.5480133080544 -2595.357240017755
-89.24631291827079 -980.2690333615873 -2617.968298660749
131.111501553548 -988.7958293762723 -2590.243496230844
250.03783310032168 -994.5641962355367 -2518.0808184564185
223.31127514524263 -993.1217068576359 -2417.185740482157
34.93828943476052 -985.3846188653393 -2321.7455770728534
-287.7749383360384 -976.3871117544554 -2263.919656624509
-632.1065712588902 -965.9020913771244 -2248.3033189315724
-879.384550260537 -956.4348756097374 -2272.0572407244076
-951.1033366010435 -950.2541483925243 -2323.0301390594655
-899.0327355123507 -945.6781813715409 -2381.2866740483687
-640.532969118256 -948.0027556159598 -2431.2207027743502
-272.4640751176688 -954.8763574180441 -2458.0387412280834
80.28738325390083 -962.7193132797984 -2453.828943042371
298.0355733714801 -966.5304543510443 -2415.3512171115567
323.7765036393303 -958.4969035507029 -2339.29698297672
142.84558762820865 -937.3933728764782 -2243.569049013576
-205.62665471831164 -908.309634374831 -2159.394087493105
-622.8492030699306 -880.878244440666 -2115.655231231628
-963.3702210435312 -858.13581432717 -2113.1651286033557
-1107.587639445735 -844.2527118443265 -2146.0988005055624
-1000.2957649231115 -841.8844359071543 -2201.3229692654336
-671.6884235833031 -851.1568600250996 -2262.124281534792
-229.48681195366748 -869.370460233121 -2312.2675424053973
175.98547796176865 -891.5392493149809 -2339.382167905146
402.5112689181176 -911.7535367392549 -2337.0751268152467
365.4046382428522 -924.9892785854996 -2305.56005329861
68.51843755858678 -928.640851465552 -2250.910404909714
-394.43918724134664 -923.0894921227772 -2183.2807417846566
-869.6199560051365 -911.1142887782364 -2114.591832761743
-1194.429853990495 -896.5501782704877 -2056.200931460612
-1253.4713011162003 -882.8498676545848 -2016.9547478092475
-1019.817365074529 -872.0312270551744 -2001.8201398819713
-566.9085326456981 -864.2027533369401 -2011.1431425732108
-46.09576734748266 -857.7444545924351 -2040.5747510758943
363.4054064263137 -850.1960672244379 -2081.7492896700605
515.6498938015286 -839.6925319783222 -2123.763062295332
349.3595194306631 -826.3538920731861 -2155.310513860176
-86.05393218925394 -813.4078984521409 -2167.9377472530527
-633.8473236927067 -807.1852459195838 -2162.12633448853
-1124.9765339348871 -805.8721544801273 -2121.4934165834443
-1389.312349666727 -812.5877823676575 -2053.705812636064
-1330.2711597725888 -826.8443693750527 -1973.021071672196
-960.6714901419843 -845.1603333212176 -1897.423100137523
-400.89080887964815 -862.0359407695944 -1844.5894075270176
159.76163316579806 -871.5522017953248 -1827.209383456303
526.4918212063474 -869.4034685294127 -1849.2951866872609
566.0923884389102 -854.84746945788 -1904.6720031661125
254.56611761299763 -831.7220989926 -1978.2187739150281
-311.6405245743481 -807.745320282649 -2049.617161875439
-945.649084595368 -792.0883208736384 -2098.6695706433165
-1431.4544665231654 -791.8506350279131 -2110.9999206925245
-1610.8255193808766 -804.7126661343283 -2069.058871472489
-1421.1251838147998 -828.2830073522263 -1977.7675851590893
-917.6433295339681 -856.8397021469921 -1861.572523296502
-267.03046009346696 -881.3885060463278 -1749.5688049110393
320.2147255980292 -895.2557569515918 -1671.8154563805854
646.7574224105199 -893.8628014406902 -1657.8258931912337
590.1187321791346 -876.2590643243584 -1708.2149585939633
158.17985615103058 -848.5919044197487 -1808.07620097589
-511.7352807812181 -821.9184808418589 -1929.3379800966904
-1196.9016176204495 -808.4986207658317 -2038.4422393805935
-1666.0864281748445 -814.2810555008496 -2100.943987251167
-1767.7917852438154 -839.4391476710794 -2088.095767061375
-1456.5910540392756 -881.2491471401529 -2006.4399778701336
-830.5594485632905 -929.9869046004973 -1878.714680280158
-98.86481898330413 -972.4323757173181 -1739.4797175641586
487.4982671228545 -995.785703012686 -1625.2853018614387
725.0183410436262 -992.8346136839394 -1563.0514585091148
536.5356483041572 -966.9621904810199 -1577.4567883748603
-26.80290241610539 -926.3144548045332 -1660.932724279025
-783.2552736332988 -885.2882382229054 -1786.257807026601
-1480.5248329572373 -857.3129925700939 -1913.6812135742255
-1893.1971710445428 -850.4798694349347 -1994.5088557262736
-1880.8644880946044 -871.2491102593845 -2011.7789343968084
-1457.9921435578267 -918.0290868846797 -1972.4547010967797
-742.7868335584486 -976.3890147458198 -1879.394555424625
35.81362077459627 -1029.1907988365879 -1756.460956531889
623.0370254464513 -1056.4990681354657 -1625.5209904402611
821.2807415784918 -1045.991161273534 -1511.0407323976992
548.4122297602845 -998.549858237361 -1440.8453766175278
-116.17526245556232 -924.6785586041995 -1426.0423025237046
-947.5084966269831 -844.7828385185829 -1464.8226877255156
-1669.7863703191817 -778.6164106789429 -1538.8240515160057
-2064.1755598884083 -741.6245375669562 -1622.9715862272265
-1987.4386100445474 -741.7716055348222 -1692.9487836515912
-1457.0010660531627 -777.0474968976159 -1731.2560853288162
-645.3622195997743 -836.4378751300094 -1732.7370614493275
175.5956810294501 -903.0200099766006 -1703.8299695500568
725.0009934878898 -958.9833478080222 -1658.4675072532739
808.3195724399195 -991.3447586780677 -1612.2889092629755
385.3051284314901 -996.265177220117 -1577.2584702336978
-413.09586784927353 -979.9271506415863 -1558.3233527860684
-1325.6800311331851 -955.4520207297656 -1552.9663972044539
-2046.0938293309327 -936.0111592429377 -1552.6875383176985
-2338.746821084601 -929.0743953937763 -1538.8522317410748
-2095.7355991143168 -939.298276225138 -1510.8924661617884
-1389.7893326238186 -962.7212747522764 -1474.1394753637317
-450.136114958326 -988.9156833133584 -1435.2577262056343
420.2708418882395 -1007.2785112175353 -1418.4174388075555
924.375393201462 -1006.3108260374419 -1432.83146951541
884.3652968224802 -981.7900274201818 -1477.549878821982
303.26735604886414 -939.297034780182 -1541.0818401554316
-633.1937829940282 -892.7680440496388 -1603.596480764704
-1616.2238055357573 -859.3660950425885 -1642.6291152398421
-2119.899477382576 -871.6549094407355 -1654.30510756158
-2100.0406513255143 -914.5930002766887 -1617.6085838139368
-1639.3143693678344 -971.7599614377193 -1531.2207236409315
-873.0821458642434 -1031.7848398504736 -1419.4902786061014
-57.06520505307289 -1078.044114311929 -1313.046689732964
531.5227206905159 -1095.70305782686 -1240.7369207699048
687.8501410761695 -1077.0783575514288 -1220.8953902702647
355.35039479153596 -1026.4288256635368 -1255.6905336231948
-352.49488977460163 -960.4000245379751 -1340.5805052743958
-1206.7315262498823 -897.7028803376896 -1444.945459840561
-1924.1052141896198 -856.9922042178391 -1533.7465363979418
-2262.9481393178885 -850.2816530257107 -1577.5039801419944
-2105.127396322444 -879.3318453440336 -1561.422377473498
-1497.5451068220248 -935.2959987312204 -1489.9092918357048
-637.0705392707787 -1000.3350620025485 -1384.6663044490626
180.79168037693273 -1051.7612634638594 -1269.0282982382682
681.5223997762487 -1073.584512657071 -1178.0534694598366
691.4544389718058 -1058.1001528192858 -1135.7784887818311
198.98555522932514 -1009.7220838883202 -1149.666771036646
-639.137848590039 -943.7572050440934 -1209.0130150117773
-1547.9921076491987 -881.0015771613777 -1289.0402925239464
-2224.875936645594 -840.7630979110791 -1359.4090396843405
-2399.439545286097 -838.7458392482117 -1396.6292003555836
-1958.792402029057 -878.4804793017643 -1391.2837779665213
-1143.6172831003332 -936.6302050352715 -1341.8454017216598
-210.4657913083363 -994.9173227231611 -1262.8401619409324
539.3899529810042 -1035.8729278389944 -1187.4653871297803
857.781025278519 -1046.9813705443798 -1145.8889520701555
628.927847662677 -1022.440496998982 -1145.4663883825767
-83.19504288830437 -970.142063199617 -1178.8064150618104
-1047.4395764218914 -908.7018806131653 -1230.060920643652
-1947.0060139371226 -858.7618705620771 -1274.9674268077981
-2386.359289817519 -845.6843732009033 -1291.5419875611
-2145.6301726529327 -874.1004745506941 -1271.9360717495754
-1467.7221742664638 -913.5820703476227 -1198.6556787311465
-551.7470992501927 -953.0863009401003 -1096.5635827271037
295.81594633822925 -975.2751143861715 -994.5046414814485
785.0045473660705 -965.8632336681806 -922.7994154469243
742.4482753770078 -920.3766857036298 -900.4129076703649
170.37153952908392 -846.7260996501125 -929.2852642450455
-753.5628487318924 -763.1221142279543 -992.4286535481918
-1730.62494918494 -692.8614968209246 -1060.8528106993908
-2438.746756332648 -654.8469293442594 -1106.9049256429153
-2611.3947779444134 -665.3443656125901 -1109.8585469276045
-2122.961868452058 -729.2281856604532 -1073.2136436837968
-1282.6106430808527 -810.4398333038176 -993.5400432301478
-331.4337113757304 -893.9633079437568 -909.6953120725004
420.60134274910513 -958.8374758384432 -853.0502716594767
724.2572719922347 -990.325510361103 -845.4639656510033
477.2320657830065 -985.7567054421778 -893.2111589712655
-242.34908502026366 -955.0660911019193 -983.9287674016539
-1200.7668819256035 -916.8898776193757 -1090.2095770991593
-1763.127140295251 -926.9298165897766 -1201.2785642427914
-2022.3810020453748 -953.9826838982536 -1258.6916207315292
-1945.4588714391853 -994.9974608715805 -1248.7800477012456
-1537.9500835005144 -1037.6650611883774 -1158.3888446963897
-906.146788410842 -1071.4344491455563 -1011.4690853588826
-261.367563191679 -1085.458656610605 -854.555462079869
187.3868339139051 -1071.7454993813647 -734.2403228235561
289.38285352031465 -1027.0338143982372 -678.7046545270315
-2.38035880574472 -955.813876346383 -691.7740184251286
-600.6735022500509 -872.0386684426984 -758.76237969414
-1318.2270414018537 -801.0106316998033 -860.4417705890022
-1952.1151080822463 -767.021372128447 -992.0115190013412
-2279.2699675255835 -769.124131147052 -1086.9255291755487
-2209.4475886852915 -805.16578170851 -1119.7920386934968
-1774.5106851090186 -867.097031579327 -1077.6487448302773
-2042.3535228811306 -562.5251500662642 -451.8379460651545
-1341.5447933075075 -537.1932240890231 -110.63395217497884
-838.3908997428691 -455.07241255762665 132.1628936839936
-476.5717193934904 -344.3440239324503 279.9473665379004
-327.14074810459516 -239.20772470528817 256.8629264419719
-392.9952181801077 -149.1310594308004 79.65832458376454
-638.9993975000285 -89.28669255851675 -203.7959670479772
-1012.0285206719392 -71.51474609237596 -534.9521775121957
-1417.5688166424738 -97.66286877276542 -834.2813705312935
-1763.0318309024417 -162.3451374031859 -1032.497309610072
-1974.4321825437794 -253.1204685767463 -1084.3680738440398
-2017.089623457422 -353.7996310422997 -981.9090337064296
-1895.0869905217571 -449.09522723060036 -748.2205525668384
-1639.5856299057687 -535.0957960065017 -413.27090324466906
-1343.3708756827345 -574.8230724844561 -107.42196920862314
-1041.6460230276004 -564.057574939838 132.74601433959532
-793.4708328036111 -509.7937692726262 266.1761193587786
-655.7982785193107 -429.39231119877513 267.9815956415332
-678.9240248537353 -348.10264956217196 129.9527244944798
-844.490399622031 -282.3761871544761 -110.0669654957187
-1103.134414592346 -244.3962325607174 -392.88076491869714
-1390.5986663360136 -239.88535400242486 -654.545225129528
-1638.481046733169 -265.56093593178787 -839.3827715548241
-1757.926728876109 -304.76804935350543 -892.3128822010007
-1733.175157462461 -348.0211174348824 -811.0710203293081
-1582.8599334575433 -385.7978977399412 -624.2779784727048
-1384.4076092850787 -418.5995583169344 -399.1115209587548
-1197.239450508878 -442.48905940925454 -194.9907657751027
-1055.6219445485438 -452.28621767790855 -51.81254778001687
-948.354721078375 -440.99049332746887 28.548823498173448
-901.4206506443845 -416.6494279799693 33.232514022394355
-921.9216667443852 -387.86936108106573 -32.6107913905993
-1005.7179015166007 -365.28200321512827 -149.92050345668417
-1140.3465679288781 -354.9265213397135 -298.6146807497292
-1269.7021782279805 -354.3699630533225 -429.4283545389632
-1371.7289988737625 -364.7560707371511 -518.4566503507072
-1430.7374249674122 -383.56048049024594 -553.1440340960003
-1414.1090348599582 -400.8414353553391 -515.8130511213344
-1357.346924897489 -419.207738471421 -435.5002627483984
-1274.7396614898187 -434.6845408140254 -332.04503903672133
-1185.619491346226 -442.9138678237621 -232.02646594437937
-1055.738254370735 -432.4194988581809 -119.42479326506826
-998.3501930411842 -419.73828220221776 -44.49281089890178
-977.4982588213144 -412.81013056941873 -44.79007636735588
-956.7441155729073 -393.48400095285285 -59.523823212010996
-969.5337823435257 -378.9130725925105 -103.19115565923909
-1024.2959203596301 -374.1190296108243 -177.62640382077421
-1070.252545118311 -370.58829734018417 -242.29176921778617
-1102.872023645367 -370.57561907268166 -287.10582771172
-1128.6744801986727 -376.36469308658604 -314.56605667106174
-1144.348024348283 -386.5891787736331 -322.5094091183678
-1109.2828913498786 -387.074396014917 -287.8833776784617
-1077.6386076879162 -391.6360813961006 -248.15921801057073
-1006.1962530663316 -382.1485708970229 -184.6570848247353
-928.7427649594615 -365.1112540019241 -126.07611109498151
-910.1320175431704 -361.7039620631246 -114.51712778104195
-853.7019430170623 -358.9798373465314 -144.45426380735427
-972.6656629353431 -386.929080035543 204.77404719539294
-590.9931357399621 -509.35921207400975 -531.5402587416784
-581.7966314601624 -512.4895117759465 62.50103358564019
-394.8020208739619 -480.51320912275486 227.0182794029907
-115.83381555573864 -453.9029259347771 56.76083147193367
-4.514018118558852 -422.9823861991733 4.080977496023763
-18.175031012065794 -387.23376199790494 19.129515812075226
-459.0312340151713 -126.07884563326621 -134.09906417365391
-533.240334960487 -294.9137694775672 150.26128007001205
-579.421467048125 -423.08785262996196 88.7108832349881
-537.1458224990722 -268.7256058716514 30.447658062975336
169.2950584052598 243.16017836035542 -82.8499496339674
283.93397252322575 297.01655025618834 -44.5306127905809
3.995297642436793 118.70568420015104 -53.243652048209356
79.39167690534543 169.6907297004202 -57.098114712026415
108.04512776091316 187.7081485850951 -55.712793390725324
106.12271539031028 186.8970758110322 -56.639890572931506
105.12355380318198 186.1644270081797 -56.469345124696694
105.12355380318249 186.1644270081797 -56.4693451246967
105.12355380318314 186.1644270081797 -56.4693451246967
105.12355380318489 186.1644270081797 -56.469345124696694
105.12355380318603 186.1644270081797 -56.4693451246967
105.12355380318556 186.1644270081797 -56.4693451246967
105.12355380318621 186.1644270081797 -56.469345124696694
105.12355380318655 186.1644270081797 -56.4693451246967
105.12355380318377 186.1644270081797 -56.4693451246967
105.12355380318206 186.1644270081797 -56.4693451246967
105.12355380317999 186.1644270081797 -56.4693451246967
105.12355380317805 186.1644270081797 -56.469345124696694
