104.9756799165738 -96.87582465069511 -721.6184934069147
166.91848832702232 -137.26199707129183 -928.6336631730662
245.5579603581846 -173.2698394384613 -1035.3059002816779
299.17906228503745 -199.52455533690738 -1053.4268895331422
314.43267126913196 -211.86179128950045 -1019.039144155478
341.50304913133346 -193.7644020932794 -928.4338930021718
356.8323667168456 -158.37357786960382 -834.0677362554771
334.48342993718194 -122.37280456091072 -772.1554914713024
306.52326709231335 -74.03057020834325 -724.5405359980595
275.5782234123924 -21.324125900328283 -702.180680610205
247.21123209985288 32.00910156603953 -705.1325536597019
226.3140963398867 83.22127455244299 -729.1851376665547
222.5973801117534 127.60131723613455 -773.0385740531176
239.09500279979665 161.37358891239018 -831.7065552600766
244.59588921155492 193.7291377682726 -883.4395650449522
214.4730121506623 222.36937235909693 -930.9823206842793
191.71267830611225 249.03219247001118 -969.1772676381661
185.87152169119548 275.31385352464355 -996.0497740423334
192.3362894247191 304.78812920236464 -1010.0942142852887
196.62629525941304 332.8365416565049 -1022.5827464136116
221.30935421876248 353.0134781636818 -1046.1129093546617
236.89008074134932 373.8204914763088 -1064.413391883754
241.60134067304384 395.94006541939564 -1079.8251991575826
232.5096320735423 420.60625271318486 -1092.0874044487405
179.34818035529293 448.23005403536337 -1102.6663887503928
138.66238593854442 476.68487636023826 -1114.995307717841
110.43281742141336 506.35325617637506 -1128.008290078597
109.02517240047288 531.9518873957918 -1149.9940852739599
130.84305535273066 556.326791884274 -1170.5457373034278
161.41456549621347 586.1466204761001 -1181.327022628409
182.17660582833196 614.8656335916058 -1195.119661713413
191.55577007993617 644.1323372830965 -1208.5487588255362
187.14501986693972 674.1778167925361 -1220.8510059153
135.9678847762538 706.0179824276247 -1230.0880963236339
92.31564466749083 737.128494403514 -1241.2008776435712
83.20529440952961 759.570732354895 -1266.7852212520004
79.030751544803 781.8747178585284 -1286.8831461453922
81.03629932918743 803.5199313654572 -1303.937149778882
88.82841200784253 824.9865458472881 -1317.8032440403697
99.84317316151349 849.0860537143519 -1324.14215187449
116.34899977164048 872.434984329047 -1331.2086904054966
142.71290680757608 901.349802195348 -1329.1400626456352
162.8174043725078 929.876163249368 -1330.022723907085
154.89244943310499 955.1683873793947 -1337.7497719752896
143.18396686681555 974.9480232494179 -1352.993742999935
134.55418553476318 992.8896481123671 -1368.1874586317733
129.86678356709248 1009.3612407375829 -1382.4639772781566
129.62733581396213 1024.815077980037 -1394.7525567012776
133.15051717359805 1039.6916653922617 -1404.4722468760185
138.93309261639064 1054.3848386598497 -1411.5643449541437
145.2338865274172 1069.207004563637 -1416.3760614718512
98.86352210733085 1083.8259740685176 -1419.801928674076
-132.8793264504735 1096.02813799178 -1425.608461527581
-173.38356994995863 1106.0783421365272 -1436.8471407913576
-82.13137489661793 1114.0127111594466 -1449.0595773033733
9.964784511375946 1121.2681904612864 -1459.7213674950283
72.35239314123454 1129.5209036751075 -1465.642857620182
92.43537925719136 1141.4330371914616 -1464.4147836573752
86.02694795344313 1154.9967146103768 -1460.682971549936
57.64813929273749 1165.390925080594 -1463.2318905369245
22.881175827744183 1174.9703278392687 -1467.0656104501134
-8.725457827195582 1183.7637179740314 -1471.6395616912691
-30.910158000552187 1191.6761369339213 -1476.4605174536173
-41.6045621599781 1198.6118898482446 -1481.0892017527167
-42.29500528689867 1204.490429602565 -1485.1986949896911
-36.614927154547395 1209.258801420745 -1488.609423540339
-28.782605504523715 1212.900571308886 -1491.2918862721724
-22.337415597049603 1215.4379718329978 -1493.341528163157
-19.416374957239025 1216.9263418138953 -1494.9354569046136
-20.603105124258335 1217.4426303202779 -1496.2827332091244
-25.22394713009024 1217.071470584905 -1497.5792436051804
-31.38271060716513 1215.7344510535495 -1499.313794860626
-27.54443097426451 1208.9255036016057 -1508.73462935877
-15.885293827336278 1198.9762063160115 -1520.489215088592
-5.808905794110197 1187.5985892332253 -1531.7395774621368
-0.921381612196126 1175.5242023937385 -1541.0098305423148
16.982659596452287 1165.0562150003198 -1544.352491118719
4.538773601896473 1154.0540285830048 -1547.4074346518485
-13.35690598934236 1142.2895712192017 -1551.6914109894842
-33.22615890898661 1131.851206338581 -1552.5637465997022
-31.12425830765208 1122.5365663465325 -1551.7510659373456
-30.979230470851714 1113.929424605935 -1550.5017251854447
-31.390652921808876 1105.9310043794212 -1549.4195708441262
-31.352256076683236 1098.332921127323 -1548.9506318852264
-31.097693964534102 1090.8836131610044 -1549.3560374872927
-40.44272518387015 1078.9447691249875 -1557.8849864253286
-57.48196464778421 1061.73356963847 -1573.6315738865515
-73.7065638257034 1042.7235222188003 -1590.1112574406538
-86.2883014333915 1022.7709442112598 -1604.7430918387918
-94.08042675033256 1002.6575546432425 -1616.0605403783989
-97.13367535233553 983.0784483269639 -1623.5300791345076
-96.33229388053444 964.5894982018177 -1627.393817410887
-93.00349499565542 947.5719907601388 -1628.4359715985274
-88.55556814389709 932.2185633116576 -1627.717925434986
-84.19951678731663 918.5404131548225 -1626.333358425338
-80.78191758168096 906.3927250437941 -1625.2198893980462
-78.72943722612102 895.512967838954 -1625.0448433860677
-78.08511231072679 885.565574734919 -1626.1655366788118
-78.60512485881598 876.1866045378497 -1628.6516154726983
-72.00647456166193 869.8139922844562 -1627.4278549397536
-60.00934167798565 866.1885508491451 -1623.6968287522657
-50.44944979558708 862.9625807756014 -1620.7722961227232
-45.77662667805627 859.4084407755886 -1619.6657764243128
-46.067597250642464 854.9578502180566 -1620.8065919937553
-49.949869787268284 849.2082120587696 -1624.1688844305813
-55.43380723400881 841.9157660668475 -1629.3872793673713
-60.638078858457895 832.9884969060331 -1635.8995803599187
-61.97497943592533 822.4973957058878 -1643.0444553033929
-56.887679514805725 810.6233593720447 -1650.2259703612588
-54.275645989091956 797.5154028144971 -1657.1785208742717
-52.20606789425153 783.4903394468284 -1663.5935967756943
-50.55843630979467 768.8509911507424 -1669.364582709285
-49.34053130016991 753.8851078541597 -1674.5218468999924
-48.49376991584498 738.8428924156898 -1679.1867121211012
-47.901778679016736 723.9217143814614 -1683.5252480625584
-47.42540569722564 709.259322466771 -1687.7076805944746
-46.9349065155597 694.9346506278787 -1691.8786116521467
-46.33206220556879 680.9744201387957 -1696.1401085307948
-45.560530405436836 667.3633448115623 -1700.546921062802
-44.60557918715718 654.0558162527432 -1705.111196243756
-43.48605632603642 640.987361549925 -1709.8131712794107
-42.24215688168636 628.0847479035145 -1714.6142997270176
-40.92241021574794 615.2741806470274 -1719.4698490567184
-39.57255844917601 602.4874787119217 -1724.3389224383777
-38.22793809245412 589.666366339543 -1729.19085611845
-36.90988591442179 576.7651131252904 -1734.0078434003558
-35.62578456460741 563.7517499769374 -1738.7843240561197
-34.37176824260715 550.6080571170103 -1743.5241039271432
-33.136857447536585 537.3285111223324 -1748.2363324759121
-31.907343365400184 523.9184060908642 -1752.9314011897413
-30.670507791372703 510.3914131206366 -1757.6175919628056
-29.41713631174792 496.7668812049908 -1762.2989742979732
-28.142660661171075 483.0671835594203 -1766.9746986886103
-26.84707549464524 469.31536515202765 -1771.6395273626872
-25.53397326160195 455.53325985629556 -1776.2852314705847
-24.209119298559678 441.74014351643365 -1780.9023886310272
-22.878964587966927 427.95190064079947 -1785.4821330628745
-21.549398575256006 414.1806273387161 -1790.017515917235
-20.224916730033904 400.43457707714225 -1794.5042859213522
-18.90825102137811 386.7183696738863 -1798.9410576676512
-17.600410387515474 373.0334098406374 -1803.3289622444927
-27.233235910986142 354.59877574400167 -1816.440049120658
-52.81868317406707 327.69496211777493 -1843.3686308106267
-77.74109116558265 298.41523339875664 -1871.295534866899
-96.2301153415393 268.2653722094841 -1895.3871901711495
-105.53464321758396 238.53910609965112 -1913.13369231624
-104.7346999764747 210.3903732014345 -1923.7276383123713
-95.95309191972684 184.727588762712 -1927.7609547095408
-83.42978598544374 162.1471771403904 -1926.7823282858565
-71.37071757749317 142.91437029299914 -1922.7823006120736
-62.702457208250735 126.97750575039636 -1917.7374213700205
-58.588298468482265 114.01484552830965 -1913.2751334947252
-58.586751112058856 103.50486085261679 -1910.4880256886324
-61.22030981715528 94.80920782518609 -1909.890281463298
-64.67935550337367 87.25609460537243 -1911.4864761938577
-67.42523182016659 80.21320396462528 -1914.910653046178
-68.55021375694481 73.14245202309166 -1919.59225950459
-67.8598633730673 65.63285799373375 -1924.9123958837977
-69.06273358233211 58.219093001881106 -1928.6046081454876
-92.16698393205513 54.993241408993754 -1923.0178757909223
-106.92161920650575 53.03462367738376 -1914.6262371268997
-98.83825822348513 51.195378412920434 -1906.7612607346973
-97.09671426898241 48.76638083917584 -1901.556773624975
-95.07092294279228 45.362735676164334 -1899.7278026755637
-92.38312693429552 40.65433488246839 -1901.3142599544785
-89.50606158554308 34.4507709539954 -1905.7625718870597
-86.92456963273906 26.703040601709915 -1912.162438403886
-81.65554045786419 18.47529079235244 -1917.2267358523954
-60.399751903553316 14.778002334203677 -1911.7352535165467
-38.60296690279111 12.355427873096403 -1903.5777077090188
-24.40739791473827 10.19407982600029 -1896.0762154792833
-20.043190200575726 7.848054805883464 -1890.9750249565604
-24.01185055777093 4.917507281945177 -1889.095056495318
-32.76486886942282 1.0669836689558565 -1890.4833323321136
-42.33345765780203 -3.942678635127095 -1894.606472593754
-49.60134753236936 -10.233102426475682 -1900.5929532804266
-52.977595128811046 -17.802078366528917 -1907.4733473840588
-48.45092701118034 -28.079616276066588 -1917.585204793042
-17.895719541074147 -49.9696012349915 -1947.193693039111
16.17222838500968 -77.09210834597968 -1981.6404853943582
39.62326662821387 -106.35407243348993 -2012.2100133821696
39.04466330197223 -139.31586122389206 -2041.922061467467
23.06197598310536 -182.03731944712587 -2082.6008977836354
-10.583994277365873 -225.7332848652638 -2117.6343846598656
-45.27033553379076 -267.18216516655957 -2141.3541214354127
-72.0360083527384 -304.21266157190985 -2152.5724762334876
-84.72952199305405 -335.20953092580186 -2152.572632053289
-82.68319088860731 -359.21015182644567 -2144.197180542804
-70.39169785631782 -375.931204398583 -2130.9738477944506
-54.260102626580085 -385.7150708583035 -2116.3234327517343
-40.11659587991205 -389.41924537915895 -2102.996470738017
-31.649819235950797 -388.2757938903225 -2092.779784181644
-29.894977275457048 -383.768149173207 -2086.4747872423627
-33.63223020859868 -377.3602220276473 -2084.0129775602454
-40.38703746449164 -370.44223711212965 -2084.73651741782
-47.528060376842014 -364.14183299545044 -2087.6711412070927
-53.05662159000746 -359.2856816420209 -2091.7837007130834
-56.003912580790754 -356.41780582167826 -2096.194025221383
-56.43669299175452 -355.80284902795967 -2100.2871888285313
-55.15908388163487 -357.4722684220788 -2103.7470642134435
-53.27907375423782 -361.2856074824933 -2106.526035068441
-51.80239347040795 -366.993041579633 -2108.7737417586004
-51.364942520180854 -374.2906067463281 -2110.749203067002
-52.14509892624363 -382.863175041841 -2112.737067245867
-49.77182187628166 -390.74321477759355 -2107.396763900624
-53.96516822001103 -400.91014777349443 -2115.7435745715247
-57.961671577324225 -411.5789034242212 -2120.8772757013962
-61.406034737265735 -422.8194967104315 -2125.6131705421844
-61.03102894280774 -433.73682338021524 -2128.2507025665964
-29.480900650569048 -438.39546308841904 -2117.1727629613456
6.935946785009972 -441.24375557320406 -2105.6176214577426
-15.86103782802245 -455.00827819829226 -2121.4706174483135
-71.52600017188537 -474.6152279919258 -2150.365069483122
-119.34426163225294 -498.93773501437977 -2185.121361878153
-92.03229259361525 -537.4268784700221 -2240.803943115246
-28.43633182113822 -582.0295071037051 -2296.905173573229
34.425325855542006 -628.3198520211997 -2341.596772486465
75.97767021249673 -673.4282762110411 -2370.3246551627544
84.1002352371549 -713.8021776155414 -2380.182824074417
35.14126228424411 -741.6768787359374 -2362.336009958632
-36.46312154610614 -759.5616544027805 -2330.9873916894476
-100.46339175399933 -768.6497629357802 -2296.41695322286
-140.43543329420038 -770.145566338698 -2265.718083223227
-152.1807077164493 -765.8095423213852 -2243.3526270586235
-141.16847083025797 -757.7147413071117 -2231.1413695716633
-118.20585313823767 -747.9739420549336 -2228.629220716698
-94.75231703474724 -738.4980827104215 -2233.757835184296
-79.30661453031063 -730.8165260708322 -2243.65738031663
-75.64691128384315 -725.9754686435826 -2255.3835910879625
-82.95314469357857 -724.5152129858923 -2266.477878137625
-155.60111231302602 -733.2316065791745 -2292.4809366726963
-260.897144853538 -756.9716316951157 -2337.413467770979
-338.53795790824756 -786.3138031878947 -2376.672280664032
-338.00119016590475 -812.0499834860696 -2389.127023958171
-283.506183125945 -835.2412322244263 -2385.4570843361244
-209.8071538068452 -855.2290480345448 -2371.522902481171
-143.75981083205176 -870.956988150624 -2352.6238710597627
-101.78833516397756 -881.9803080249856 -2333.383524841501
-88.4006276858712 -888.4667724483108 -2317.145583682869
-97.27605079738578 -891.2868834276111 -2306.291105840792
-66.8274315639264 -902.3097325685469 -2324.883202697663
-140.1800673478021 -919.1354981648914 -2365.2357776348153
-172.909875058383 -953.3585067133998 -2439.1687178318834
-199.91857899756383 -995.6868291646615 -2513.368862469392
-225.16512776400265 -1039.446923657792 -2564.9607649868144
-257.65217426609865 -1082.617581467318 -2602.4827067811175
-223.63369589883612 -1122.666784662485 -2613.0539612173643
-150.56622586348988 -1152.5966548178346 -2591.0264373782966
-46.657965499298236 -1166.2601520799499 -2541.2572861249673
23.1700863745532 -1164.240897832336 -2476.9532914032766
19.924473870834845 -1143.6346387200301 -2403.9673218947223
-39.41568994952682 -1114.6855100786013 -2351.313392845853
-178.58316264760475 -1092.276485372814 -2346.9202919371314
-315.9161887065265 -1072.4389256939303 -2365.3670758567105
-401.390520747848 -1056.3210856230753 -2393.8935098556512
-419.96348758169603 -1044.9328725039918 -2422.718271073023
-382.0597678747534 -1038.1925287170545 -2444.849498434607
-312.79265521199306 -1035.153302365508 -2456.489170754459
-254.1631668212696 -1036.6362784714056 -2463.990255183646
-151.755175106556 -1047.0837310246138 -2473.1871034869714
-34.14970284475516 -1061.8881437670425 -2490.366698004127
-6.24325496224043 -1088.39803715167 -2528.2022223650993
-34.501510563939576 -1116.4148716147793 -2560.9793406937874
-93.01780263425319 -1142.6981059271668 -2581.081713545057
-154.7939738963 -1164.7481768178382 -2585.716895357546
-199.26113220506414 -1180.5022007377986 -2575.5798298918007
-216.72043115072313 -1188.4774346684778 -2553.854497035459
-208.44208497704963 -1187.8932320562185 -2525.039219074934
-184.36258342990453 -1178.9345477544443 -2494.952748946417
-227.45263994965126 -1168.8350010373938 -2486.3005930823333
-312.81747340861864 -1149.0687835955528 -2465.6761206115616
-360.4843999800511 -1120.0777863346545 -2439.0327969907057
-369.9771840478106 -1087.1059034699826 -2413.178037896042
-311.6517832652488 -1060.5810868930375 -2411.118211129608
-191.91262789419295 -1045.440416451413 -2433.880894762712
-81.23604694850961 -1034.7968009667952 -2460.2953555642416
-14.628630559183618 -1027.4174539748415 -2481.6940028111567
-32.913947470423196 -1028.0643444799864 -2513.294990329751
-149.5958699719857 -1041.27190630809 -2557.262162284921
-281.7848405357992 -1058.4622198258842 -2588.8966581812233
-377.91240465531615 -1076.4977197813864 -2599.81147471251
-383.88466447468295 -1086.2930483363086 -2572.3141874964385
-320.5849854193499 -1087.3517493094553 -2525.7822174562607
-231.8745108035991 -1079.7035748758433 -2472.499286593681
-152.7880282226135 -1063.2321860221339 -2421.833688731283
-105.29403790565439 -1039.0365454109228 -2380.0105682015806
-132.95039348840686 -1016.154102001856 -2373.551936690319
-238.3768386518059 -1000.7893168218018 -2399.0632420082393
-314.34615999162753 -997.3284373235102 -2451.7866488126037
-313.21664623817355 -1009.8174714128661 -2520.8416312649183
-294.7970975039915 -1023.9400033893276 -2563.0034838193437
-280.85773014858484 -1035.973631449565 -2573.5118278435466
-249.7891026581356 -1042.5909933391254 -2545.792197888197
-192.3923401190963 -1038.4157763153112 -2487.49032643369
-144.44424508065157 -1025.6484348022354 -2419.9797843608903
-121.11779961916591 -1004.6007071018437 -2355.494301366861
-153.0559305648793 -982.0213652729492 -2320.4487507996773
-256.0811438561084 -966.0738756917908 -2325.825389114602
-359.6357319733779 -953.171111356852 -2346.0012352886397
-426.39142503050897 -944.4610230559648 -2368.610816868362
-457.542176341067 -939.3828440170537 -2384.794942727222
-563.7093525981506 -932.4447574211091 -2386.305133678608
-531.2511639411343 -931.650872391323 -2377.1274365114614
-441.21752384326805 -932.069383898728 -2357.912905154471
-343.8630984867275 -931.2937670524591 -2332.2979958009073
-273.4291836097502 -927.7837695486824 -2304.247026839654
-244.60529339386918 -920.6861907214758 -2275.524525754946
-227.00672139767119 -905.1262383821523 -2232.848728851078
-245.0835506075144 -888.4927032902823 -2207.062316049644
-308.9009488325312 -880.1221871002696 -2213.732999010549
-376.13633974242777 -875.2868737400377 -2230.0537004037933
-423.468078142506 -874.2442532472694 -2246.3564294236526
-441.31177648776054 -876.5786619949267 -2256.6110804063655
-432.1746869080334 -881.1335018620525 -2257.803771460516
-406.548575728054 -886.3662829962138 -2249.6023728090186
-377.5216134835868 -890.7399230095336 -2233.654611731648
-355.98441387167503 -893.0499963245353 -2212.6929876676018
-347.7560639114463 -892.6220275576925 -2189.6832103142037
-353.03767999742337 -889.3568029788312 -2167.180198802718
-367.7709284868924 -883.6440956671509 -2146.960673592151
-385.9896175492739 -876.1941069617052 -2129.9207530550034
-402.1733323379184 -867.8452292676652 -2116.175331746462
-412.86390983091394 -859.3976606101705 -2105.2752280728805
-417.22504607926146 -851.5021590566363 -2096.462152882648
-416.6381802220553 -844.6109127258339 -2088.900875100492
-413.7062300098693 -838.9801666270812 -2081.8528534366365
-411.12720983480733 -834.705653049248 -2074.7787914187656
-410.8156467482038 -831.7784476123081 -2067.377043549765
-413.50169031766137 -830.1302454291815 -2059.568815696284
-414.2174535608123 -830.7519878550096 -2052.2362567091614
-395.14784743733816 -835.1647359848613 -2052.6586150869443
-396.4283220233011 -833.3984409693329 -2034.9693525902524
-409.86556612581546 -829.9425261544968 -2011.4663018547674
-427.00082181842623 -825.6163815356388 -1988.7334523782663
-442.25568597637823 -821.0316986834698 -1969.9906886321016
-452.457826620436 -816.8652678439514 -1956.7635468445133
-456.948682498457 -813.76355488878 -1949.2087142438309
-457.09892649799633 -812.2550852229792 -1946.4485346153638
-455.33454799472344 -812.6849177406825 -1946.9862486823254
-454.11090885490336 -815.19796178533 -1949.130971062836
-455.1394810915865 -819.7485274207495 -1951.3525302908263
-459.0390852105974 -826.1266325603956 -1952.5170900282162
-464.40866401148196 -833.535660168323 -1952.2437211796096
-487.41145575728063 -834.2010016352574 -1932.2738506204828
-522.7479334616047 -830.7015461294753 -1897.951970209224
-551.7557364007031 -825.6494356820099 -1863.8372599050258
-560.1061194921408 -821.64699745924 -1836.2990192229133
-531.9088882753498 -823.2725695344457 -1832.2426071566865
-494.09906140292617 -827.8629479373478 -1842.948916006346
-464.76960536312004 -835.1507932730228 -1860.7812284972524
-452.87748632175 -845.1213614042174 -1880.0823440292902
-459.31972383334016 -857.4561527602498 -1896.3608395800513
-479.08531704596857 -871.6341177422038 -1906.70659446889
-507.7617391073952 -882.4942487758492 -1903.4142940666854
-554.440653679882 -887.2724489360451 -1874.2616656549949
-593.4298568210172 -889.6254024596217 -1838.5055530867512
-614.7243506843636 -890.0181758730596 -1804.7864100813981
-617.693395532446 -889.0347933686371 -1778.3945681124892
-607.7901228053806 -887.4108913750689 -1761.8485220316416
-591.4767532276599 -886.2973235243387 -1753.515646390351
-556.6441094081731 -890.8347013461793 -1762.6593052519013
-522.3772121554093 -899.4372198402446 -1785.4629475713145
-504.7727658919454 -910.8179192003263 -1810.359405650921
-508.15527626709934 -921.4544077162401 -1827.5264155615646
-546.4272487030097 -927.1374532029597 -1818.1423430231903
-593.798108188488 -931.5576192146934 -1796.5132632516045
-633.2507768535667 -934.9585683769135 -1769.7593399905286
-656.1547754187824 -937.4299417299526 -1743.132380559569
-661.5268183225353 -939.090414834176 -1720.4863066105247
-633.6066946767405 -933.2223253755245 -1685.3015909483204
-581.3369647997124 -919.4408056913162 -1637.9597184068473
-552.5834927498163 -903.9960096457023 -1603.2186915168013
-573.9504344864033 -890.4778664538071 -1592.143654880278
-602.369203015427 -882.286084174666 -1598.7647255204784
-627.1762461776609 -877.0935519978451 -1615.897700169846
-658.2533277116864 -873.5689867565454 -1624.232254745621
-681.7031181821865 -874.1216161550369 -1627.819917028699
-693.1624162885131 -878.4101827806268 -1626.6873933698635
-693.8102836166893 -885.5682034093704 -1621.392755883555
-687.9884038826845 -894.51755902747 -1613.160913781737
-680.9122023479474 -904.2114201499273 -1603.463533170153
-676.799787401019 -913.8080476540722 -1593.6176206326636
-677.8179288508302 -922.7518928220845 -1584.5312324576
-683.9421968147441 -930.7685928595433 -1576.618116785582
-693.5316648979795 -937.8006469639288 -1569.8520397189952
-702.9425345069029 -941.991919228542 -1562.6234104506586
-726.3637886342078 -939.8731173328656 -1540.7238102401166
-748.883797168971 -935.4469041142365 -1516.1987870782311
-755.5057170575496 -931.4841655488237 -1493.2249044173673
-736.3231647964242 -931.3719046446778 -1486.7194119812054
-711.2476530397993 -932.5843144569745 -1488.394125302559
-691.8925600104852 -934.9138614473418 -1494.0320361973036
-683.9768265260204 -938.2921405392608 -1500.398964378462
-688.0482681792754 -942.6279948321792 -1504.891002279969
-700.8549815425713 -947.7694482026777 -1505.7908389433906
-717.3686898431164 -953.4706391309201 -1502.39263183515
-732.7814640253827 -959.3871932178644 -1494.921954175723
-741.8708975595312 -963.6928528897927 -1483.9044222261323
-758.9013441137427 -962.4156856420994 -1457.65983833531
-773.0411960686379 -958.7657587499974 -1428.4120121196509
-780.3682400370393 -953.456953819831 -1401.7485879691803
-716.7468871174387 -953.1492664486053 -1384.1785601790946
-691.7941418042739 -948.6527782994258 -1372.2650269280834
-690.7878350500862 -943.1006946481444 -1366.4926776676011
-704.4524617894066 -937.8354517635756 -1363.1561237854228
-723.4062340793912 -936.237316676518 -1367.3712577715237
-735.9815751419419 -938.7333626729699 -1378.20904377282
-744.154060658353 -943.9183713195121 -1387.698595973017
-747.9945165619162 -951.1292183959697 -1392.6775705268924
-748.0263267338927 -959.508996745555 -1391.971605461535
-743.013836201305 -966.8146021488866 -1385.6523324114
-748.9258221591477 -969.1669570980821 -1363.1467460260183
-756.6655354548058 -969.0797429888321 -1336.4023731676689
-763.8013967945856 -966.7582791322716 -1310.4732282358711
-769.2929846973939 -962.6424925101419 -1288.4439940644122
-772.8087619575241 -957.2617201611067 -1271.8438334946568
-774.5624311088451 -951.0739748266062 -1260.8145588708198
-774.9743822983835 -944.8028355683036 -1254.4422537207822
-774.5797104091733 -939.0434120631141 -1251.214900497324
-773.8953310689922 -934.2062666300421 -1249.4605831251527
-773.3362208193961 -930.4999850766648 -1247.6942089283582
-773.578235275445 -927.8129657261047 -1244.2090718115396
-776.7798852603792 -926.82725598074 -1238.7120196352264
-771.1235972939523 -929.8483316448269 -1241.9888543789525
-766.3387298766145 -931.6715210655601 -1240.4330252624973
-769.8018043993482 -931.427119738899 -1229.4596015288662
-775.7816131508699 -930.3985012807914 -1215.048637227376
-782.2538891716935 -928.5499613733705 -1199.5886656442779
-787.9915844892072 -925.9407007020925 -1184.7429654841867
-778.1583002686876 -917.147781544081 -1158.6558861889173
-750.7358564798539 -902.14383329414 -1120.7720112656716
-724.3246354077604 -884.8785982852547 -1084.319465286736
-708.2722675466124 -867.0355163159726 -1052.2446088407733
-703.990798322689 -849.8483963401071 -1029.4283544503458
-709.970026183604 -834.7295074016614 -1016.3819543893204
-724.2515669100236 -822.4199386259556 -1011.3581685386741
-744.7439953697054 -813.0471460902912 -1009.4214727481267
-766.6667977501262 -807.4714174659547 -1006.348596012465
-782.855152259807 -805.4709429497462 -1005.8677559303319
-818.8749835803176 -808.7084354445295 -1002.6339366138259
-863.6700254455709 -817.8874666508308 -997.5280336519709
-899.7911416774818 -830.2824283587995 -993.2389018371701
-922.2586159758306 -845.7372961381182 -990.8212042029875
-929.3542987031157 -863.6144991815798 -993.2106568531829
-926.129936136415 -882.0901277255899 -998.1694111257511
-917.1503764469335 -900.4134217405024 -1004.8557581743544
-906.8904174746795 -918.0177616847731 -1012.3922728300982
-898.9135129568738 -934.5448665234812 -1019.9700322172766
-885.285379654528 -951.8320476579235 -1033.8330152622
-887.4000225609624 -963.8406111914576 -1034.9202783962496
-900.0002334270629 -973.054003548448 -1029.6314795257367
-918.0015420243805 -967.2526323147325 -991.9696867412853
-896.5830827321097 -958.182073270457 -954.8944187111452
-871.5608049155189 -945.6074668261039 -921.2915878173255
-847.8925129124493 -933.5763988146438 -904.1138103346568
-828.478010221776 -922.3521468462081 -897.8359552910574
-818.0449799903489 -912.4089565607109 -891.5332962465783
-845.3940515453961 -913.9544622139795 -911.2749123997155
-921.387344270741 -919.1738430211416 -926.6134795959324
-975.002983693325 -939.6363401047836 -970.7186851719031
-981.4182967614294 -958.6517599104384 -997.7063902936044
-961.5142338146043 -970.1626022275178 -979.9062603185325
-931.6448912275098 -980.1208120406458 -948.7242265650409
-2452.8326145483793 23.596024898928647 709.3069195045666
-1447.5980836582726 -504.8984101021147 -182.96561767977337
-1324.1659424886443 -401.51357302420365 -225.97054058048016
-1257.9160793810117 -331.4661437447697 -269.7978787347566
-1220.1991229689124 -282.1770762662368 -315.89121306861756
-1243.6323307861662 -245.94717380452383 -382.26329871028145
-1251.898910537199 -225.4931445962427 -419.35882225116575
-1263.3265662185433 -220.10581339714008 -438.3453103808322
-1277.631209173471 -226.7339858743611 -443.0238192420966
-1293.0290051252014 -241.6162156871593 -437.03376177930414
-1305.4086260831132 -260.5850421672429 -422.73049332834483
-1317.8286463924671 -281.01740678639686 -406.28377142846614
-1330.0600035049204 -301.7231722292024 -389.1829426258475
-1326.6591784259729 -336.5730697784741 -338.4348114580682
-1339.5612675785308 -351.15222565021753 -330.0383112397931
-1307.8093686202453 -348.9821869287013 -308.0414870129644
-1246.1966647812162 -336.5133729955261 -275.40568444715416
-1222.626708916219 -328.7740078539869 -268.2087685183809
-1238.5466438051562 -326.30123360249286 -287.391532211263
-1271.3924555197798 -327.50290924418834 -316.2273902843893
-1310.9272546178818 -332.4275037134683 -345.888101357712
-1349.6788558216367 -340.5362615463048 -370.6302995313671
-1377.1953547707972 -348.47089626001804 -386.1795084261743
-1339.583750233313 -343.79738169302954 -363.3396505653508
-1275.2329991641443 -334.05007031870326 -324.0217770312448
-1208.8159565766744 -323.0955859399032 -284.12660689118854
-1198.9587486896935 -324.13754841723375 -276.5040876174929
-1236.4899702435528 -334.55246799633187 -297.73860874596994
-1284.2396100579467 -346.4001976181663 -326.8208404108641
-1276.0485144140387 -347.16539516704614 -322.3043927922653
-1250.7380934572686 -345.5246217959029 -305.6204766136972
-1221.3280669374972 -343.17206973852876 -285.964178766136
-1220.7997766652888 -349.0005442516164 -280.37905547511957
-1238.0779729119772 -356.37663077480397 -289.59289363811536
-1229.2595809038698 -358.62342217541254 -282.3919427513921
-1218.8829770118482 -361.2322567523307 -273.07710298270393
-1212.8389344867774 -364.54985461780603 -266.81285666359855
-1188.4428680971082 -363.66337977302265 -249.3276351804852
-1183.5751956721906 -367.3295328971449 -243.6856625406847
-1189.1667258236937 -373.47782270426677 -244.62951794713916
-1199.1690060512506 -378.15207861893185 -253.00213573558494
-1085.8602003659269 -354.2824651702503 -181.99478133084315
-1120.9411840831597 -363.47012652040434 -208.40866789086476
-1159.6086994041154 -373.56977780419237 -238.5047415362962
-1116.674084846736 -364.2933477281929 -215.62378302128593
-1105.7258457295304 -366.33716916139036 -206.7959689046006
-1119.6141370244961 -372.9089495788429 -217.63269565116872
-1095.4780986074143 -369.30080567191936 -204.67131764839053
-1067.3303061862982 -365.26291603681926 -187.31675246883128
-1061.6492828090984 -365.8208852737843 -187.30930104013052
-1063.2671460577692 -367.915577800062 -193.3919183179711
-1015.9566575087543 -355.03834670777223 -169.30229311654443
-1013.653808213446 -355.8315809778278 -173.09983782169525
-1017.6679069530259 -357.0280098380252 -184.62592888276674
-956.6058587522098 -338.4871336096751 -152.78812433741962
-990.5259118923016 -348.00878093708576 -186.59853879253063
-924.4097515998628 -352.2157517986102 -233.62585592941798
-1285.4043847727905 -168.91935008700898 1258.134300457314
-112.11177840657116 -515.7798457598872 -834.7458172978506
-265.4087468191158 -481.0644975113121 178.47951912308702
-53.58520707756681 -403.0400612004925 260.76044347043137
-12.131016944072536 -398.4173355743792 26.58351755787436
-55.632520930454184 -382.0273598267221 -25.962658799372207
-198.36445167708396 -363.7778294177707 17.397434488373165
-818.0523865216787 -29.17344152375989 -194.2756099940368
-565.6436640108955 -425.3430144054349 185.2445967966787
-725.1820746137574 -372.7091837858154 3.529209977237713
-110.89400098245905 -45.880442855903425 118.70760511175858
739.2500711729572 579.7246567885139 -120.3075964550848
816.3589293077878 618.3640494537813 -61.54966141188822
301.1102333395993 277.50582994624295 -50.83928753865763
63.886860289203426 103.63395297730449 -10.37559999591764
431.83815594363045 368.0564990736457 -62.09847485227016
269.28769455443114 252.19745383267878 -41.251048936459256
292.34741797001885 267.219075815639 -41.24457590961583
334.20211480269137 295.26490464427013 -42.868404400557836
311.91323954890777 280.4319205137773 -42.218427911926426
311.91323954890936 280.4319205137773 -42.218427911926426
311.9132395489096 280.4319205137773 -42.218427911926426
311.913239548909 280.4319205137773 -42.218427911926426
311.913239548909 280.4319205137773 -42.218427911926426
311.91323954890953 280.4319205137773 -42.218427911926426
311.9132395489087 280.4319205137773 -42.218427911926426
311.9132395489091 280.4319205137773 -42.218427911926426
311.9132395489075 280.4319205137773 -42.218427911926426
311.9132395489045 280.4319205137773 -42.218427911926426
