332.980003541176 -285.16892449292897 -1634.7486237363285
322.9503525954869 -251.34311427386538 -505.0172180597557
159.68748608594058 -192.13700959831215 -131.60089103365635
13.700656709065173 -176.13784289196133 -743.6356128596699
150.94541973110833 -155.20118828270313 -1079.6343067340786
495.4898732165108 -31.701688708807293 -652.6611968173057
460.735668799906 71.24329634851989 -436.1468734017393
27.499829479311288 57.71095990212416 -795.2850004193834
108.36936569438205 67.57039857305358 -950.2659872878638
550.5728359152941 138.9020174750044 -719.5461266132597
435.1480364147595 162.21037969621932 -691.2175129946263
-62.54573459058527 100.70430475799697 -960.7397780472481
117.78370924853454 97.45002590317853 -988.701288831244
519.7767256556025 101.89370775542272 -892.633043620279
349.38817023446035 145.3035939083236 -846.9368784445307
-78.04466110826672 196.01617555668582 -918.8354603653081
79.06924027370214 230.83184355773056 -992.2461878234046
412.7608625926865 268.58352993865964 -971.6173202798473
329.7359453456887 314.43343831625725 -938.2227647752827
54.288252792859815 345.49772239518717 -985.7600183092785
185.63480263751876 339.69817099446686 -1091.4763896412082
346.52171567010384 353.874645934873 -1082.432576853911
253.20034475274144 378.25072256225667 -1054.9203012860885
98.78071907321261 419.22647133880275 -1060.8023196782312
10.721587151924506 463.64614182401453 -1095.7737973241422
178.6566955164559 495.14720981672866 -1129.3219193689906
237.68546716230938 522.1120749076035 -1136.3096685991181
155.04918569274412 531.2976368130506 -1169.7504053311648
143.3671026687977 545.1818413640196 -1182.7623906047436
213.55168736494124 590.7303047742829 -1153.5355146678228
195.3182860424915 625.8928603774905 -1178.8826586207435
132.07052846120337 655.4010529296406 -1218.3904898836672
131.7267453047602 680.9560381551805 -1233.3168755906242
20.04566096643734 716.321819676402 -1213.0873142987043
62.83090147526538 746.0549386826542 -1230.1849660307696
229.34806026738252 741.1870054532344 -1316.558129532872
145.83244138012486 752.9955349111717 -1314.6569961718412
8.349263741700419 778.5874069526599 -1278.3807424753136
77.50434733690193 811.1288159077645 -1284.9296557309485
190.01611042487986 842.532097077573 -1320.2237778676108
152.9338313049966 875.0829954096417 -1323.9058833529782
117.62818680854825 919.9777736126078 -1291.51992210474
142.9265018901993 949.7512802666463 -1312.2280924692475
101.68380450241543 959.2051955021576 -1366.576990781283
109.32390947750783 951.7986633801456 -1400.3425672403935
156.83627505473476 958.2707010579838 -1379.3492614254887
155.6271288202521 978.0141868752069 -1364.5405917135633
123.09183796318568 1002.5933120234143 -1381.9949559302459
130.38560381996857 1024.9093259509577 -1402.444627940831
161.1950435924292 1043.7716046340383 -1404.0565827504636
158.03996925390916 1061.6818240156433 -1399.3737852559461
-63.5095456446011 1078.0975489138812 -1405.542826252386
-748.7735407890972 1084.7963451857013 -1430.0327237073063
180.48231010495962 1088.161732259252 -1461.6830018688277
709.1175481355855 1086.4586678454912 -1465.2888952019794
-86.23984856947098 1092.3355830799508 -1446.970629873263
-217.733064602868 1116.4661367978113 -1432.3890410648587
138.63568982554864 1148.8606455018057 -1435.0998560853157
207.57822794998825 1172.603556155245 -1444.9691868482973
-118.89545825476965 1167.3681735882014 -1482.7139148332335
-169.0569419193577 1169.8169874703267 -1474.3656724329312
118.3233433600306 1169.7523454629531 -1474.8820902402215
131.15529350271936 1176.6515774104037 -1475.7091903873131
-119.61783297982365 1184.2269732657585 -1478.8128981470195
-124.44555011534351 1190.8990126900676 -1482.8058210926897
80.56895581156186 1195.9022958830446 -1485.6040820302142
66.18488361278708 1198.495860023243 -1486.5566084931459
-113.76273548528381 1199.833244131554 -1487.710807248277
-98.26947528357333 1201.4030581574175 -1490.8148358341223
46.91281213367648 1202.6134829762468 -1494.1540899265071
18.778508239482015 1202.324970813926 -1495.5646233689813
-107.56118482702637 1200.5240780974802 -1497.694891601995
-42.00625977071382 1180.83449671893 -1529.215472723262
58.604811568128135 1160.5031029251122 -1543.7346493516025
-10.269748959758074 1149.1126092111158 -1532.4175233783421
-98.48241980959239 1145.3265308958294 -1524.7738723750003
-40.34214259819036 1144.3007113885174 -1533.1648578114
25.612120617724 1141.293893564672 -1542.241697996367
-33.90991948558519 1135.3527683681718 -1541.396501118708
24.711061739756126 1130.2485684012709 -1536.6275418090681
5.665772350952336 1123.852477353431 -1539.8140123063974
-48.04780769939065 1116.554330317605 -1546.1986470759116
-48.967151886923354 1108.2723799245996 -1549.0109159803822
-17.78315975368927 1099.413697126934 -1549.1064524283083
-13.32604518916758 1090.4888457222482 -1550.419710222979
-70.66374449673063 1064.4571011503601 -1581.3978788548156
-111.158816759781 1027.3898565414897 -1612.8377274264772
-81.51030482746069 1001.9758436610005 -1607.7416660411182
-57.01505572243582 988.538793400906 -1593.424441508624
-71.8976526217413 981.1862886244782 -1597.5630672090092
-90.89671483427652 973.5248879520952 -1610.9539796652862
-86.56015621579083 962.9925103234881 -1615.3508623165358
-75.0410020408776 951.1308850875367 -1612.3983472579616
-76.65084060282157 939.8952354750279 -1613.5295901580093
-85.08435359648014 929.2352379846491 -1620.237366397479
-86.38246266976846 918.1934711535433 -1625.8374504838002
-81.8980823203902 906.6192047455246 -1627.9037384934013
-80.68842754085482 895.0146183932973 -1629.9865169130535
-75.02898855438534 886.426299077101 -1628.7742987669774
-36.46699775040202 891.4512035503108 -1609.8560411039387
-42.741423923702 892.0539799315463 -1609.8017711808232
-77.25321546301316 884.2980090643948 -1625.3501154437977
-69.85707315794315 871.1116222869109 -1633.5697065990296
-40.88668036947962 856.6448453342091 -1631.4822791520278
-50.568554856167125 843.4273269978476 -1632.2495919047774
-76.04810711957455 831.4071635422238 -1639.9428595531517
-66.02285502169126 819.3677428241485 -1647.1379100902795
-32.02891471653591 806.8969137669412 -1649.8162091866498
-42.91616935929943 794.1676826378341 -1652.3541349370596
-65.74011938940139 781.6627695845214 -1657.5967624171994
-61.66230025723779 769.1836519926553 -1663.6829681246113
-45.07820624738979 756.5254984097436 -1668.3081207460405
-43.60894649459435 743.8204098929191 -1672.0935368195455
-52.815934840162726 731.2150175922839 -1676.6624325434343
-54.061601901842785 718.6210961952355 -1681.9982900803154
-46.95557369057857 705.8940238038502 -1687.0455586072808
-43.500434121626355 693.0423148480359 -1691.5600341539516
-46.0445200778134 680.1560671072693 -1696.1616957910765
-47.21573023247605 667.2491446244777 -1701.1476492627687
-44.212286831120664 654.2662268998001 -1706.1778634408674
-41.33739301411254 641.1847022742379 -1710.9736529122265
-41.15716198541119 628.0316562101973 -1715.6856810909637
-41.31844921537869 614.8218506955772 -1720.5245400257318
-39.74921051400404 601.53541990843 -1725.435889306759
-37.628233804050396 588.1567160798085 -1730.2672652674466
-36.50993135616385 574.6999386543195 -1735.0178346913126
-35.89426480303512 561.1901478981451 -1739.785029994625
-34.68490253199633 547.6411792348656 -1744.5885620857027
-33.02474250211726 534.0604963538808 -1749.3659437119468
-31.657123143628706 520.461254304827 -1754.0869813883653
-30.61738743827439 506.8587097293076 -1758.7822471292113
-29.42805505448773 493.259781068609 -1763.4745587513478
-27.988079444032504 479.6629082427728 -1768.1456934715989
-26.595563800464184 466.0658601360268 -1772.7743392411455
-25.368945369011048 452.4691458367158 -1777.3660677463
-24.134576060615558 438.8732558512487 -1781.934593819745
-22.78756528018483 425.2769340005713 -1786.4778574464956
-21.4260970525576 411.678986352797 -1790.985142341679
-20.136845689608663 398.0795988665875 -1795.4542663621353
-18.870840563474793 384.4790434300549 -1799.8905437833912
-17.563928989981907 370.8763522424263 -1804.2953585047883
-58.40564506789936 338.8341133879891 -1842.488239220117
-121.31077427061639 283.0091712441529 -1904.2831687065664
-94.57479930878435 242.23450375298938 -1905.3233946354276
-45.95291416517169 220.97610928305755 -1877.1999497645452
-72.13253526152451 212.46946778379794 -1877.8897897016654
-110.56723356664271 205.682673840748 -1900.574922357059
-79.98500730760443 193.94218874676739 -1908.9104375284371
-45.20571764167626 179.10674752812383 -1900.964117215267
-73.39409446564888 165.61690984421062 -1899.2301922429178
-99.08869186923026 154.01387742315364 -1908.8364135584434
-57.17696507967801 142.18322439077724 -1916.3528804624796
-44.449329199197365 129.28206808048515 -1916.735858823504
-82.18717873906559 116.52725722125723 -1916.927475375303
-75.8888558381341 104.60958383188057 -1921.1640156049725
-30.83237251678968 100.95160713859741 -1901.4145672205095
-62.84006086164401 83.35793876192099 -1945.7917025640725
-86.1327850289596 68.5585592516702 -1947.6907718585323
-107.61153747944876 72.54491765152693 -1891.9381851549488
-102.0565300756634 81.63062271961508 -1873.5349756261853
-84.7022895517848 82.822406424512 -1906.3250543690913
-84.26759518445171 72.26930605249038 -1926.9742256111576
-94.69545751065279 55.57036076268673 -1914.374597341002
-95.26665098801139 41.53144411183973 -1903.7989005169109
-86.94633180518427 32.11159730131641 -1914.6873502881156
-84.13213591284979 23.097965882676874 -1928.051011207952
-88.3662522765431 12.134421245093563 -1928.0337732658913
-65.83484017410807 8.352737586392323 -1907.8140699927992
-5.991438384068751 24.27750618341662 -1872.4832246855526
-31.916934240709267 33.60762215006474 -1879.4875449096437
-83.25737459539788 30.210113227866483 -1904.5156031940103
-52.166310936447424 17.589082365105924 -1907.9537689136573
-7.23563613122636 3.8827865487078843 -1897.2653564372877
-40.46713829705839 -5.8338182676109795 -1898.16881269099
-77.44311009028233 -13.207343830003992 -1909.846185513242
-41.49812436411548 -21.641127013616313 -1915.6978025567994
-10.711571351265658 -31.250203129644657 -1913.6923480362711
-31.697827916549738 -46.2496871049467 -1926.5108371142503
12.801538120105413 -89.64278527372471 -1986.351614826276
67.29412478544035 -144.14787427408982 -2058.2097594426687
5.416590830355991 -174.5691912861247 -2024.0844069920527
-11.839540463597885 -196.63109538374357 -2005.3280776954098
-62.54621780303854 -243.5762379795392 -2104.945820568034
-74.93002010296695 -281.4229116994227 -2149.6489587090473
-30.32879101622872 -304.9019554113386 -2102.6575226487766
-23.468276312027836 -311.0900912397341 -2069.218274509872
-65.43437124853946 -307.25447129338335 -2094.26561226687
-66.27458102945981 -307.5774174818946 -2120.3108346064605
-26.6070861218564 -315.6991908059581 -2109.0020892962434
-30.478169436139595 -323.8851676585952 -2090.5866066657986
-67.12184633267864 -327.45840085603106 -2094.8993757980184
-59.2763911237388 -329.91716632054136 -2107.642954890583
-26.323055570222493 -334.9843945701281 -2107.315280539943
-38.039946799724305 -341.1044006736219 -2099.3825723724235
-67.9070058633488 -346.04161263736444 -2098.629515260235
-54.07509287899778 -350.3273844393462 -2104.1809515419986
-28.869607795397947 -355.44771812269005 -2106.5554194115775
-46.10679959009656 -361.33415184565365 -2104.6514784616656
-68.91921825379427 -367.05179469048943 -2104.1814840391917
-51.49259409858116 -372.5698836021607 -2106.9217571501754
-33.98939465952315 -378.54964159322435 -2109.748878765494
-54.323068278501545 -385.2332754773258 -2110.949350801299
-70.17494852722594 -392.36768763885266 -2112.0545944283185
-51.29653365361538 -399.7981516862126 -2114.516067073815
-41.10864629615372 -407.6382010955726 -2117.796474142093
-62.521154169804596 -416.02155684351777 -2120.7900555583947
-71.94086498452725 -424.92252963786115 -2123.4741177195106
-53.35309338359552 -434.19254733692014 -2126.6322115316248
-31.647713006296428 -439.5347645454706 -2119.1772483470927
62.849681849839186 -421.5550027080184 -2070.6098990578425
31.09320620947667 -411.8687363952489 -2076.710195662397
-242.804538714059 -461.1232517434871 -2208.0497417210054
-231.00232888836544 -523.9769172451147 -2257.7418891369484
52.556441929532674 -573.3714227674725 -2210.349091923458
219.9996610890435 -636.1508584026865 -2276.4541476362865
-28.78306287728074 -678.8298116911662 -2352.418438648911
-155.1934323996082 -705.0505734938283 -2335.334454887068
68.6580780724623 -712.7915030492104 -2274.252560769341
36.29102797940861 -685.095165375671 -2228.793267187026
-194.20599806031294 -661.5245593772556 -2254.292022433866
-140.87815588024577 -660.9914191484379 -2284.5544777803184
62.12257310952207 -676.8847739375873 -2273.21355036608
-25.765974463843875 -691.2914974589412 -2254.628953800779
-216.95838405313754 -697.8620028588623 -2261.723468555701
-117.2188385801584 -703.4249688878092 -2276.6049935224687
41.33309240584387 -711.9914800798454 -2276.1608923574527
-85.18591577471757 -720.4321864824692 -2268.4885060566094
-228.64551333071137 -727.2025406083316 -2268.8581854200506
-97.82629459576364 -734.3341539356275 -2274.7347880484626
11.948867235785087 -742.1597224252707 -2277.0051639549924
-361.43475111426653 -775.3182149648197 -2341.771357962159
-528.2168448761604 -843.6665587954195 -2431.851859360883
-112.71526181992758 -887.3132625494761 -2391.6546224196545
119.25047730174748 -872.4945819379216 -2277.4401409106204
-294.99768798684823 -838.9751234549436 -2286.1942901129064
-452.03582204220606 -822.3135026061711 -2353.2768271637397
-22.548543713501456 -834.0052179739743 -2350.3639168118793
78.49336849922118 -851.3185551495184 -2305.8584747150944
-336.29381441845294 -855.3717237998271 -2302.440990908696
-358.27390332425705 -855.6957742647953 -2329.4800976869824
254.98172191363074 -904.7622581270786 -2424.92180153846
42.41456885145988 -967.6143676004401 -2488.622827667406
-752.9592296062942 -1054.718876346854 -2563.86996826226
-250.07293217523485 -1123.638192612546 -2555.591835878364
230.35097819260554 -1142.6927940614462 -2507.4411592801303
-153.01719370305943 -1129.0461770431648 -2509.860548238798
-491.13124934130116 -1114.7823986312133 -2533.5927325204466
49.49151886992631 -1092.3462430301001 -2448.015377232764
379.7521511097768 -1060.8653086343622 -2397.222390378815
-282.6731334064353 -1009.4056545337793 -2377.9688838396496
-566.8035376015879 -969.9516186231349 -2370.741878268863
68.61898868905757 -974.7382305450004 -2396.3823323612132
3.6634300748994426 -1034.8673914334584 -2509.9133880901727
-630.1846141839023 -1081.0977452193526 -2517.447927039722
-468.7557716519913 -1101.665186035099 -2438.4098908527108
52.88021248659069 -1091.5925804786398 -2408.676900256914
-288.61976608956894 -1060.8168403805253 -2444.4620613397205
-553.8241570552821 -1046.5470297685542 -2458.1329964713914
-120.83161223718331 -1061.8865460398297 -2447.996437706337
406.6578108280905 -1099.586789704432 -2469.749587156187
-61.76404676208168 -1115.3232150210713 -2535.0818085837545
-723.8468057299607 -1161.051255552401 -2621.073143740915
-167.79204429435256 -1200.6475981731412 -2572.1494741488013
397.58453512958926 -1204.206660697835 -2498.2432228856233
-325.10794728092816 -1164.3587215220919 -2511.5031580893897
-677.4564019265173 -1133.6560179323385 -2541.5909066376407
98.16865102510121 -1131.4761366874393 -2506.3683978553718
327.35057015080616 -1122.6299262530758 -2465.802422254271
-466.05304102328546 -1093.6937969223593 -2477.5253118091455
-842.9874038590967 -1100.2238144808275 -2556.997052060126
-131.04343804098306 -1102.6263364333033 -2467.9624496317133
225.6745164938978 -1065.7827655682795 -2366.5054006920627
-524.6240251338885 -1006.7638181272898 -2398.336122835634
-608.0025904815022 -1007.8339786517531 -2523.796770198068
313.5690014841519 -1075.6421325831411 -2567.4891932045616
256.57337127461767 -1106.8078320619888 -2489.6259302546932
-637.4888326636741 -1081.272465205032 -2444.37822558309
-558.4125990389732 -1073.7581873196689 -2540.2372118290727
107.62381860011439 -1121.018833840317 -2644.3004276363704
-75.69240719542792 -1148.1548414244357 -2588.007424895267
-687.4816964146602 -1133.1663350055976 -2485.1772948938587
-274.56206578579054 -1077.185542370316 -2406.1543761912317
300.4991118182887 -1019.3913333021243 -2433.170756657326
-192.74407162474637 -976.3105707753894 -2471.3322940542603
-674.8693433708497 -963.9207856572085 -2431.565407157805
-107.25817854256636 -971.3221898991264 -2365.5378988740417
135.69930291804755 -985.5939679237835 -2456.2758345042466
-633.0891242691882 -1010.2156063479839 -2576.096475674419
-611.846107931211 -1071.548324283107 -2590.3802760404383
300.98794951401106 -1148.046153333482 -2564.223798484395
99.37094412712068 -1142.1702025327818 -2527.1635443047203
-884.5622422955868 -1066.6699548905 -2468.253991584639
-465.11798803252617 -1013.1443379102122 -2391.596416400823
552.2292407080687 -971.2098087281973 -2340.322358794147
-25.926337527159006 -919.8831398834884 -2369.7193756784786
-939.0247024243592 -889.7781521375947 -2381.457295590739
-328.4822766387552 -928.7053861330819 -2389.8561117952254
281.5099254063624 -993.5952496012134 -2450.540686234195
-427.15724059796173 -1002.0052535418245 -2453.6075048222374
-915.6311003928474 -990.7551093580125 -2392.4617636924595
-185.5714894949767 -987.8246441591898 -2342.2000131648524
-269.4139338916734 -949.2092441847078 -2338.6766201479327
-526.478269539471 -927.8008813133453 -2358.1731872298305
-401.5418558420181 -929.1015658330082 -2331.5750641679147
-168.70459850293116 -931.0337347531217 -2288.4758875279053
-333.7494597122737 -913.7803283244494 -2280.4945986266034
-539.1256506111697 -894.0747385346626 -2282.220783239346
-239.120089239786 -871.8315797278821 -2196.3604364284884
-113.35519945038008 -858.1025760203431 -2208.8121838228326
-534.8439259304195 -878.0568795525313 -2341.0627650089923
-587.9152355841954 -914.1767430807236 -2331.816538681366
-162.61684966012658 -943.3178807795883 -2220.2987471955103
-184.77319009376995 -925.9780991802202 -2199.036032540995
-608.2807349089925 -887.7688642308713 -2255.5376690184657
-519.4595398998292 -882.8794570160882 -2247.2265685317084
-116.76699545065227 -897.5097329859949 -2180.5248288277035
-276.99147445435335 -886.0023722229472 -2163.597666783552
-657.2395166715572 -862.6066917144115 -2189.745508149059
-441.3120828387362 -864.995240928188 -2177.2123353028937
-104.97336470634444 -874.6438082758345 -2136.598599015027
-381.9081509324129 -860.025623724674 -2128.8357389914836
-678.1128921165936 -844.0683123276216 -2137.7129817606287
-361.5485018546694 -852.5393459568419 -2118.9441537249822
-126.72114586712802 -858.519603614667 -2094.6049215932126
-487.83935806847586 -842.1506091108099 -2095.4276919311533
-669.9885718923925 -833.8058947288118 -2094.1659122937394
-289.3934554509814 -847.2215524975013 -2071.40288564128
-179.2246594541336 -849.4025519043902 -2058.351528505664
-583.8811502602725 -832.8828643751151 -2064.672892976205
-609.907168665953 -838.4642722855773 -2062.6713707173926
-133.43198419009104 -867.9016452921928 -2071.142938787638
-275.71760677980836 -842.2167959753324 -1993.5389786038015
-741.1502584473828 -803.6104154979995 -1958.428573888682
-531.2109087473882 -798.5980214255051 -1980.607968579875
-110.19993511660387 -814.8638185756596 -1993.013100727836
-393.04367677381435 -814.2856683289424 -1982.0269091892583
-772.5765490594227 -810.1269626759234 -1966.4155308263175
-440.4155065437165 -827.2403502081715 -1954.3135606415697
-128.0184734906431 -839.5227205559409 -1957.251993575877
-517.1287946388903 -827.6989059408635 -1969.974892203421
-773.0976838637195 -827.0020755346864 -1960.8438984814925
-356.6628197081201 -851.9933965054349 -1934.395454836384
-177.85279598267147 -860.0042911084671 -1936.012647220231
-692.6701658068523 -814.6091631358843 -1888.888105493578
-838.1509833431621 -786.2107646957029 -1824.5248018060245
-311.729201974309 -795.7769250217694 -1825.5834646512526
-224.32660195822683 -806.3573231725485 -1870.9355476866208
-684.5447865661102 -821.9431054880744 -1939.812022346903
-703.1270411753287 -857.3960840367079 -1918.4224051161536
-257.5990072516521 -894.2870382184153 -1861.0146802571849
-323.7872262043484 -890.6223383325695 -1875.0161485077044
-764.7277697159672 -872.2309038737919 -1918.47675928015
-639.3711175576011 -890.1385374873172 -1898.9044675155676
-248.96444216859325 -902.6870290628608 -1830.6959592563564
-524.1573311145919 -864.7061542406931 -1767.445060445656
-874.9307573409304 -831.9584392110712 -1794.8456841675231
-556.2236827989353 -847.9710307845068 -1820.2912627288015
-269.70082987448404 -876.066472948196 -1800.6324269032348
-640.5283799512484 -874.4174504536418 -1789.133509325964
-865.6837073411073 -875.8232360165863 -1788.7634776238315
-393.46387873741895 -919.4693104021923 -1822.9403204015425
-241.20380223774606 -948.2278535132593 -1853.3389878146877
-741.1420490049636 -944.9386104076395 -1846.961942084757
-828.6145365204201 -942.9210096546116 -1797.9185172012535
-410.4148727231305 -937.010925244266 -1704.1669429887918
-404.7039253128748 -913.0193557869859 -1715.885141095157
-826.0557107799116 -888.2436386045001 -1777.7031645087504
-774.3810624246095 -907.635219532068 -1759.2169499082643
-379.87840310949485 -943.1348458314303 -1699.8417839944225
-427.26332282061463 -912.5427475673221 -1635.7117157695989
-752.250528447238 -847.2254733142393 -1597.772695449322
-726.0790554312546 -834.3458083392718 -1629.6194280974419
-522.3437385915863 -871.7697592474138 -1680.3579585658567
-526.7836382337787 -914.4237188007054 -1690.7992481630529
-728.413697648298 -921.9172457754255 -1663.1214513097525
-755.6360170431819 -911.0769483280023 -1598.7534041447482
-567.7853845023506 -905.5424947161227 -1590.9210113744975
-581.3398891980092 -898.1415240334201 -1625.3695737874275
-772.2542937128685 -896.9527295506197 -1630.0168800130878
-740.5161915162895 -912.8098116758565 -1594.2260765082317
-571.772735369489 -927.8667992555967 -1574.563681684875
-641.0057692170135 -924.1580472488664 -1592.607501347878
-805.7992776315182 -919.469112712008 -1601.7988991924171
-723.3901696160494 -932.4177366152497 -1576.1813587040408
-586.3553040013425 -944.921433517969 -1555.3148350016245
-693.6858158962966 -932.577535687571 -1560.2704111159405
-878.992193932171 -904.436158803108 -1507.4933492679854
-756.0969736255796 -900.1843768394835 -1472.3106504329487
-571.5619244437331 -909.5341320753291 -1484.828213778382
-663.9152329038111 -922.5770985822735 -1555.4896066056401
-833.6025263541113 -937.0292816231895 -1557.8847606820468
-726.2503977263668 -959.4279221460056 -1497.8998241286235
-587.9947695255617 -966.7072655893351 -1477.1950736206209
-722.2187171142602 -952.6056857885123 -1510.5375898598083
-843.199107972743 -948.0961097334273 -1518.0163961105818
-701.9199368889417 -964.1435917995977 -1478.5797371982312
-614.3663337337202 -971.6951267650486 -1457.3055386926726
-765.4787022317767 -955.3575153235272 -1473.7757549113794
-887.0569843564091 -931.3942052467894 -1424.9744856755697
-730.6976075502458 -929.7128317985325 -1380.9997778098016
-642.1275072441457 -927.759261540224 -1393.6862985143782
-611.6615137215664 -937.5033381389386 -1430.8917537100108
-730.0149282332624 -942.9032292849015 -1423.5498566360861
-834.2800744603984 -942.7996221545598 -1382.044009549972
-763.2410969050829 -942.3451744108036 -1353.2253976234365
-653.4457959022344 -950.8348441731939 -1386.3267409677426
-726.3502433067704 -958.1968679532338 -1427.837847334441
-828.672415943168 -967.1775275391426 -1404.297880469283
-705.8538702850603 -983.4121128314522 -1359.5739617324652
-675.3039410788109 -980.4718597147399 -1355.674117833292
-736.637983103532 -967.8851158819413 -1379.3730064688602
-818.488585389403 -949.7001360594836 -1325.8192189945817
-785.7777105292163 -942.341942035796 -1280.0368723121558
-727.7734041917361 -937.4891418659814 -1291.4188933060266
-746.2155488714295 -935.4219038345591 -1315.3392419736676
-819.7351186611268 -930.7936603628875 -1282.220289501126
-764.8355143288787 -941.8730287525535 -1282.9430963320476
-731.0074334854467 -943.3275330978928 -1276.488952004904
-767.844607030237 -939.6448236008581 -1268.0995662380212
-798.5259556950685 -936.4932673217652 -1259.2292466671572
-778.2411961516989 -935.6605156241926 -1248.610838715951
-759.0534920210956 -933.9157063419634 -1236.0300199371466
-785.3623047591274 -934.9783536897861 -1236.8787839694305
-755.8213773528432 -947.8383419364534 -1269.7085656538575
-748.5631503134193 -947.5724530472008 -1246.504332012428
-795.5766872778636 -934.644785383689 -1186.9506471113666
-810.9157092820851 -920.720775995747 -1176.2508341258203
-783.4934168000185 -912.5840730774827 -1196.9760739338399
-769.3228422534393 -912.8018458722664 -1196.0379675177712
-732.1615630565725 -894.16301640874 -1123.331663217506
-685.2681837873886 -858.6641624427216 -1052.5805724932447
-715.0225863780024 -831.2462837296052 -1069.7668783009108
-766.2159491929233 -824.819350708843 -1091.50733196266
-757.190888140844 -834.6637445810857 -1067.5099038753722
-725.5801803770012 -843.8460209017151 -1036.263449082142
-739.931502037896 -842.4945112478711 -1037.3530204643266
-781.1919093169715 -836.2934650168086 -1038.8462481449246
-787.8660337870967 -835.7801582931756 -1011.6034220295589
-767.0548621097106 -841.5456010482812 -1012.4104366944664
-873.2626922217656 -850.5328917594923 -1010.1658958926052
-932.0618676205773 -868.7365731481123 -994.3997616910672
-879.8232242225401 -879.9462221054455 -981.5513781314246
-835.198523644678 -888.1040672946838 -992.2279999557658
-865.7191564008747 -897.944000252089 -1019.8370248372157
-908.6544296065392 -909.7617353072706 -1022.5596690003513
-901.7488116195915 -922.4113865184689 -1006.6826169394892
-881.1700642934371 -931.4164162397275 -1004.9456809166379
-583.3305281477541 -961.7349555543697 -1011.4679871744946
-1004.3557088842501 -947.8234362359926 -1088.8205006061114
-1279.816715363311 -932.9486174452129 -1026.431129561285
-871.2087550327707 -958.6735039696493 -932.1500197677324
-630.2721771748354 -923.4771061018776 -860.9412516492476
-884.4562036216087 -864.438060487842 -926.0464855604056
-1087.7803530611363 -849.7503069204271 -976.8434242342395
-805.6078979700532 -897.2940730433976 -950.7358178567672
-663.1146834288071 -925.6108109901718 -913.0950800626358
-1001.9095170117342 -903.5274364244827 -901.1378188077401
-951.4497817554625 -956.1288489737052 -1003.7384781297832
-1014.4199836968148 -985.1587390615535 -972.1897989765615
-974.3282506665942 -1035.5032750442915 -1023.3828808759781
-810.2219718349435 -1035.0414110155625 -992.4953248604317
-794.3558473110368 -986.1589717210252 -836.6464696466026
-915.9660895325583 -948.3414576314785 -830.2086387098307
-6952.636477699192 2961.9226196962954 5361.019088819994
-281.5564326421782 616.7189921347216 -779.029654333616
66.85976013072192 1066.9016980503088 -1121.1100499506088
-1237.521915397597 -51.22575634203485 -642.8591192084099
-1912.9199206582648 -733.2412616376871 -251.4332941980868
-1633.9467641518236 -612.4307000465734 -192.80118225273313
-1150.0592049311774 -273.63572850642726 -269.9980847696892
-1134.5117546453887 -164.15399178765 -411.6609555672923
-1354.717877080991 -251.02197335659326 -473.59371964532215
-1410.7722868237893 -343.36533030710825 -392.9892639394694
-1312.0326628801092 -352.3731994186363 -300.90877315826606
-1287.4000937618391 -317.30643912833756 -332.13778377200856
-1347.6045900450595 -304.2175921078183 -403.5434566714003
-1311.5129958850603 -385.05372424072704 -259.87047736652613
-1357.52291896444 -355.46010114646975 -342.42925877135735
-1214.9467687226202 -280.3655203033273 -332.26895744409296
-1048.066195951538 -247.19782327380813 -240.47774396345645
-1227.814443122548 -291.4506123449456 -331.78645123220116
-1463.1081026665038 -348.6253351123736 -453.63486331195804
-1429.4967238400825 -374.3369984276157 -390.8031868374629
-1300.194627441753 -368.32780894261674 -290.70815156782004
-1308.044548004541 -353.26136947709585 -322.88231401494727
-1375.6200408258978 -345.13950852307573 -398.0635098917951
-1173.4842570089165 -307.01270623357146 -280.90181186339436
-1044.1642645569216 -283.9095941578762 -203.93102766549376
-1131.0119951432807 -287.8379408972975 -278.72412128310486
-1401.4254871723076 -351.62665336411436 -429.5996322933249
-1514.582819226593 -414.7279164278217 -441.63359737508404
-1375.405171636337 -415.6570735530351 -319.02110683914134
-911.2479541526363 -301.28438029112914 -73.30805349148761
-1130.6398420794085 -290.9553712535029 -296.1680340457384
-1324.967899268188 -325.3946538864483 -429.88642099773597
-1338.3628034386775 -392.03438807362545 -343.8124720674196
-1275.9290386930022 -409.0400063856592 -263.5941615280757
-1146.9145301078897 -366.05511675233515 -214.44339295953796
-1156.8776565976834 -345.52467343946347 -262.84379304062355
-1235.1081712552768 -361.7749876508469 -319.3924552779137
-1163.1408108195894 -367.4851663752676 -245.74654072633706
-1178.1392867141526 -385.5937594799741 -237.1841971406141
-1239.6520436497703 -399.91908121297826 -282.58865080402984
-1248.9028133120382 -396.6066343235042 -306.07643861227274
-931.6126004231862 -334.4454768776828 -90.15530624402857
-1129.172795187161 -378.5842986441068 -226.52407426690502
-1378.7718684004103 -427.58361011021157 -416.6615662431284
-1015.9840746276138 -363.14142883387746 -149.58156292724567
-951.1806013344426 -364.1352209685422 -81.88155957746801
-1191.794616255597 -396.1712578302467 -298.7588881043379
-1123.0393131722337 -377.6436512929493 -266.4868176443136
-971.1435389631818 -364.44266170082784 -125.34154481375737
-1036.615896361257 -378.9415199443269 -182.01955714872042
-1133.367588578078 -394.59904687895175 -277.39460136313454
-920.572693067594 -341.0331901620012 -134.13615503111487
-988.6253500341003 -367.98286980115336 -173.16566157926871
-825.7789041019159 -300.5783475486723 -110.83189835652264
-916.7420090349976 -317.2064428370902 -201.7121416871248
-1221.4083387917801 -422.8674235740826 -397.0571898844711
-803.629959964548 -425.0258429015119 -415.01424360887995
-2911.762484212005 -43.52774676515736 4776.260228274296
2736.6296294856916 -1243.833342814611 -5354.501871687951
-1232.6811254565275 -618.287936950388 2412.236424077783
-1040.244343951795 -29.83495616309284 1141.3340425592012
10.860717592371838 -107.85835978637692 -246.96850357788236
-251.2622555183734 -244.23618749537468 -17.398729589004347
-432.4295642754436 -311.4188282926733 92.08033515555769
-933.6795943930226 -365.58247376902386 -98.09097237518216
-927.6243673356367 -411.74222558595375 -289.1679759478194
-563.7895616153093 -542.9279236193097 40.52499761748152
1712.2760864621966 1495.4902978171347 -275.7537984722447
2466.9002430420187 1491.5925644627137 -373.30493596471115
74.96661503534195 156.40773392199492 -92.2267301559998
-101.1273315219191 27.180264051835934 -61.9801544867471
-101.12733152191946 27.180264051835934 -61.980154486747104
-101.12733152191888 27.180264051835934 -61.9801544867471
-101.1273315219235 27.180264051835934 -61.9801544867471
-101.12733152191939 27.180264051835934 -61.980154486747104
-101.12733152191942 27.180264051835934 -61.980154486747104
-101.12733152191888 27.180264051835934 -61.9801544867471
-101.12733152191836 27.180264051835934 -61.9801544867471
-101.1273315219197 27.180264051835934 -61.9801544867471
-101.12733152191966 27.180264051835934 -61.9801544867471
-101.12733152191703 27.180264051835934 -61.980154486747104
-101.12733152191562 27.180264051835934 -61.980154486747104
-101.12733152192125 27.180264051835934 -61.98015448674709
-101.12733152191906 27.180264051835934 -61.9801544867471
-101.12733152191991 27.180264051835934 -61.9801544867471
-101.12733152191898 27.180264051835934 -61.980154486747104
