0.0 0.0 0.0 0.0
0.001 0.003000052645014721 -0.0012123767769551819 -0.027792409451748767
0.002 0.01040328582537903 -0.005818304401437047 -0.07872977051420804
0.003 0.018905248932143605 -0.013584244994007122 -0.13030522506635833
0.004 0.025254281583073347 -0.023349261797761756 -0.19825848301552185
0.005 0.0378430508605139 -0.033023619799813275 -0.28543953129014454
0.006 0.047857318437316915 -0.04293538557930532 -0.380936050136647
0.007 0.061593620196991695 -0.053802233127221655 -0.48185069216652465
0.008 0.0766093417994885 -0.06654377733171657 -0.5961691373304774
0.009 0.09142948892534551 -0.08089353069934901 -0.719073040395422
0.01 0.1081318576429639 -0.09535434709025736 -0.845246211709302
0.011 0.12279010688314194 -0.1099722907159375 -0.979976015824704
0.012 0.14064824833143802 -0.12456906199057016 -1.1206141920845099
0.013 0.15692180465695085 -0.13995772348945223 -1.2653455020008764
0.014 0.17336741393589575 -0.1559674632079009 -1.413396167234957
0.015 0.19219046631973807 -0.17158953140190647 -1.5657048180443311
0.016 0.2073876052700367 -0.187610274430007 -1.7229603708692594
0.017 0.22566542839876966 -0.20399989765482474 -1.8822136550068365
0.018 0.2448574993686126 -0.22050865193663327 -2.043858058512974
0.019 0.26144665415965707 -0.23654903279327755 -2.2079866229304983
0.02 0.27829139595670305 -0.2519495450286229 -2.374493148373162
0.021 0.2953196293908699 -0.2669881477132634 -2.54249725649111
0.022 0.31153476005777814 -0.281739989594044 -2.7110780561549603
0.023 0.327460630177061 -0.2959539151266952 -2.8807197746511406
0.024 0.3434519041213827 -0.3094164905542698 -3.0515479606813543
0.025 0.3585668078636813 -0.3219489982564241 -3.2223717979252413
0.026 0.3738021599420103 -0.33319883152580587 -3.3932209553072497
0.027 0.3900461967747074 -0.3433654523382117 -3.565244540759579
0.028 0.405416082597308 -0.35285748581510745 -3.7373806919386325
0.029 0.42033265616011095 -0.361747773351091 -3.9087264756030464
0.03 0.435845497572133 -0.36955465978801527 -4.079610443057021
0.031 0.4499306315721262 -0.3757625216958189 -4.250507965465239
0.032 0.46287092388874596 -0.3805171808527703 -4.421146870935871
0.033 0.4761397301098949 -0.38423140794782995 -4.590775386011636
0.034 0.4882433203703329 -0.3871110774178632 -4.759322437949336
0.035 0.49986308173130367 -0.38872095157523745 -4.927250673619099
0.036 0.5116959299644255 -0.3887098648549525 -5.094468935009225
0.037 0.5234187066023833 -0.3872086860615056 -5.260641039750894
0.038 0.5349939977165694 -0.38451272191598207 -5.425774439952434
0.039 0.5463636686041629 -0.3807353856680251 -5.589748997653189
0.04 0.5577840321719496 -0.3757021050892462 -5.752383464188561
0.041 0.5690135557460523 -0.36919427171542907 -5.913743825835958
0.042 0.5804281400374842 -0.3610514120981634 -6.073496164330379
0.043 0.5920968624207729 -0.3511465841544066 -6.231521359768486
0.044 0.6039691267363599 -0.33975157520865906 -6.388422205259509
0.045 0.614072929797912 -0.3271444127298011 -6.544069908754771
0.046 0.6240173345767931 -0.31337553523989925 -6.698064393481005
0.047 0.6342454906104571 -0.29828400045980175 -6.850403957144501
0.048 0.6442376535234078 -0.2817613491887059 -7.001734822119673
0.049 0.655805902109404 -0.26397880335964885 -7.151921975875126
0.05 0.6674796441032234 -0.24511128773791313 -7.300226633346114
0.051 0.6794147719696664 -0.22507814791757141 -7.446895505849589
0.052 0.6924000699167111 -0.20371130627340506 -7.5922652093524405
0.053 0.6956653767576962 -0.18099049802655998 -7.735944519637613
0.054 0.6990786538950868 -0.15692145562319126 -7.877857741221028
0.055 0.7057156568290135 -0.1316016502480437 -8.018225111916252
0.056 0.7070882213704381 -0.10501221066567723 -8.156689791076047
0.057 0.7108789447404115 -0.07715121695758853 -8.293461873777765
0.058 0.7142499236316334 -0.04812082243518745 -8.428583384924067
0.059 0.7146309417105434 -0.017868160504981745 -8.56180799827051
0.06 0.7172641100371372 0.013664038785009325 -8.693144367800336
0.061 0.716846164545892 0.04651141400771053 -8.822642647781805
0.062 0.7185668304206334 0.08061759755214126 -8.950418000930036
0.063 0.7188852204428056 0.11581019215986998 -9.076336111541572
0.064 0.7172023723858909 0.15200504987201668 -9.200409760272628
0.065 0.7185187847222645 0.18914444990971901 -9.323170548746404
0.066 0.7165354866690241 0.22699235937506046 -9.444844607427981
0.067 0.715566643438668 0.26531941554789995 -9.56532236192411
0.068 0.71417802209156 0.30403476690825926 -9.684551152750629
0.069 0.7106706070887854 0.3432829143932352 -9.802535914341703
0.07 0.708624777707634 0.38327474667011074 -9.919266234205566
0.071 0.7048262836806201 0.424056189285281 -10.034668591897848
0.072 0.7008588880097038 0.465494401866863 -10.148867779595868
0.073 0.696922038741924 0.5075238539158846 -10.261637543401882
0.074 0.691757336809719 0.5500532941074354 -10.373166131342831
0.075 0.6869393271120247 0.5930969745924628 -10.483519666262382
0.076 0.6813846462863278 0.636696819519706 -10.592495611450794
0.077 0.6753796295897974 0.6808981863282213 -10.700129923104893
0.078 0.6693998610955041 0.7256736380465227 -10.8065675730871
0.079 0.6626809592065669 0.770925605330163 -10.911742408131843
0.08 0.6559078395441792 0.8165893789533385 -11.015611389457224
0.081 0.6488117143616857 0.8626609042373445 -11.11826910205189
0.082 0.6409818731229394 0.9091523674278719 -11.219743757962384
0.083 0.6335978345058509 0.9560668145612752 -11.319982140095519
0.084 0.6258720954149264 1.0033784372994106 -11.419015415548891
0.085 0.6174894090066219 1.0510386785230708 -11.516931361152288
0.086 0.6093182293596404 1.0989930099775762 -11.613732929024685
0.087 0.6006548447846036 1.1472115444573348 -11.70940270729374
0.088 0.5918064729859676 1.1956996380550322 -11.804007313069857
0.089 0.5831628890983822 1.2444577390068332 -11.897583445883974
0.09 0.5740933608665045 1.2934618226759156 -11.9901220294439
0.091 0.5647929953286246 1.3426746884345135 -12.08167705740047
0.092 0.5556353151531751 1.3920588433912329 -12.17230055126663
0.093 0.5463328719752292 1.441592125916543 -12.261993131817256
0.094 0.5367816493452423 1.4912699423317122 -12.350789459897086
0.095 0.5272792466275059 1.5410853880121493 -12.438744897150801
0.096 0.5177889809293892 1.5910168754298013 -12.525874561165509
0.097 0.5081379955600249 1.6410371263186008 -12.612203504258321
0.098 0.49829205285412204 1.6910466319422994 -12.69791697653956
0.099 0.488687902472022 1.741032112794528 -12.782823350485977
0.1 0.4791838704416019 1.7911276101527847 -12.866880976239806
0.101 0.4694225752481299 1.8413834662407353 -12.950400269673306
0.102 0.4598034947313836 1.8916828572399922 -13.033338468682143
0.103 0.45029336037264617 1.9418893516651252 -13.115568517749374
0.104 0.44069901430391367 1.9919820014853826 -13.197259039475327
0.105 0.431185893742379 2.0420085570520428 -13.278495307306809
0.106 0.42181882963488176 2.0920115175987988 -13.35916358036883
0.107 0.41246293365544934 2.1420014914875694 -13.439304405214063
0.108 0.4031620024340468 2.1919357213499993 -13.51905012784579
0.109 0.3940138294491216 2.241743412575026 -13.598380328001838
0.11 0.3849535572013496 2.2913980780631817 -13.677268940357862
0.111 0.37596122890455463 2.340928618220012 -13.755797460035062
0.112 0.36711347572101194 2.3903611740212796 -13.833994783988388
0.113 0.35840115200225503 2.4396888401748456 -13.911831173637992
0.114 0.34978803720379126 2.4888854033283607 -13.98934674735876
0.115 0.3413155802521304 2.537920975823269 -14.06659527129026
0.116 0.33300290810516975 2.5867785298651143 -14.143566916520314
0.117 0.32482249486203174 2.6354655684721067 -14.220263257029188
0.118 0.31678798876362024 2.683996451990687 -14.296723073597974
0.119 0.30892481556094514 2.7323670531284137 -14.372957422386463
0.12 0.3012205518393227 2.7805580085893524 -14.448962155667132
0.121 0.2936739555915014 2.8285527107294968 -14.524760294012516
0.122 0.28630528414387335 2.876344018726158 -14.600370229408217
0.123 0.2791140188868023 2.9239327713506853 -14.675786871176243
0.124 0.27209441127505296 2.9713229870154763 -14.751015437058054
0.125 0.26525851833246133 3.0185126700903098 -14.826072078832407
0.126 0.25861182533560406 3.0654909452412724 -14.900959139327341
0.127 0.25214954230339043 3.112246843305016 -14.975675694983611
0.128 0.24587692672731848 3.158776330767566 -15.050230042993135
0.129 0.23927959115237085 3.205013081562413 -15.124996308908635
0.13 0.23145162113847695 3.250678968459461 -15.200643148582877
0.131 0.2236222875381485 3.295452064508737 -15.276882530589067
0.132 0.2153082518131339 3.3393991896090967 -15.353198666431403
0.133 0.2063589608990239 3.3828658594947854 -15.430072040880514
0.134 0.19790683399266623 3.426252480670712 -15.507046503964737
0.135 0.18851998933872502 3.469455808295379 -15.584216462827325
0.136 0.1793974466671755 3.5122170944774496 -15.66174777773061
0.137 0.17017868890336635 3.5543565954091676 -15.739427674777538
0.138 0.16063426538827996 3.5959837368477423 -15.817139920958745
0.139 0.15148726227612383 3.6373585852545034 -15.89496208217529
0.14 0.14201112572421448 3.678606701182872 -15.972807548133126
0.141 0.1328080218654219 3.719663406858473 -16.05054252936408
0.142 0.12366391480825625 3.7604029912499612 -16.12822962648985
0.143 0.11452960711771318 3.8007606271816314 -16.205875120869333
0.144 0.10571507486451719 3.8407876220566948 -16.28334592010389
0.145 0.09688994423783219 3.8806068523200494 -16.360598583793024
0.146 0.08835922718009336 3.920290361459422 -16.43764660799603
0.147 0.07999239521598665 3.9598019235593114 -16.514435103361727
0.148 0.07180123889839497 3.999068465697917 -16.5909167835704
0.149 0.06374449664790416 4.038064154003607 -16.66710297764939
0.15 0.05612943834444464 4.076822875777957 -16.74295667733761
0.151 0.048787463639948396 4.11540130595526 -16.81841537050245
0.152 0.041462814566214555 4.153829665325695 -16.893472063031247
0.153 0.03449581934913891 4.192086080241609 -16.968125007718285
0.154 0.02786232980018353 4.230128000374052 -17.042340286418767
0.155 0.02138215783297479 4.267941227866103 -17.11610057814858
0.156 0.015202719848139205 4.305530800862741 -17.189435817384652
0.157 0.009527596766618289 4.342802426269515 -17.262447450954504
0.158 0.003791636666153772 4.3798592072081775 -17.33477458601547
0.159 -0.0017943543600184159 4.416872858522261 -17.40648219882583
0.16 -0.006830857651510078 4.453838982886914 -17.47784728016468
0.161 -0.01173797527847293 4.490569603686154 -17.54867851454012
0.162 -0.016566403112284224 4.526951470791133 -17.618888722880577
0.163 -0.020981280539764544 4.563042088687595 -17.688669984996647
0.164 -0.025260722409735807 4.598910794455065 -17.758025665010145
0.165 -0.029541688754387813 4.634481931207738 -17.826889096851577
0.166 -0.033291399711405704 4.669884976583717 -17.895001972851794
0.167 -0.03680933423839933 4.705251724368203 -17.96256976058774
0.168 -0.04034406925504719 4.740509730876752 -18.029747210325986
0.169 -0.04359771263562906 4.775474324571427 -18.0963328711662
0.17 -0.04660738102879264 4.810097768932721 -18.16234493050876
0.171 -0.04955440936561839 4.844475300736512 -18.227932655928456
0.172 -0.05233998648741367 4.8786960108241 -18.2929903542339
0.173 -0.05491364137502221 4.912790116770687 -18.357443315982962
0.174 -0.057408406196963524 4.946726904946047 -18.42141436591153
0.175 -0.05980281596006525 4.980431772525257 -18.48492014851835
0.176 -0.06203807348315797 5.013871391650383 -18.547881581394943
0.177 -0.06419581361030473 5.047095989581663 -18.610334425727206
0.178 -0.06629368664456667 5.080164695093686 -18.672316399947608
0.179 -0.06828589169593681 5.1130831157515 -18.733778832091275
0.18 -0.07022336706107843 5.145823345159144 -18.794726851004505
0.181 -0.07212496905694858 5.178356289417408 -18.855211375623735
0.182 -0.07397384184829667 5.210670700906967 -18.915217550618678
0.183 -0.0758096843143305 5.242786379816877 -18.974721974197134
0.184 -0.07762456777261052 5.274733599648229 -19.03374926015049
0.185 -0.077749456743154 5.306365118628513 -19.093393450970126
0.186 -0.07682664109841744 5.337182929436587 -19.154018984766218
0.187 -0.07791434339546553 5.366718757299246 -19.215958391462067
0.188 -0.07803273198746857 5.394836270570487 -19.279468185585504
0.189 -0.07893618465832536 5.42184794343909 -19.34379868020827
0.19 -0.08020489061460527 5.4483513659469835 -19.408762717744665
0.191 -0.08113409530374863 5.474668060621582 -19.47462636506632
0.192 -0.08306917176311604 5.5005868307434795 -19.541089503709525
0.193 -0.0844869316260481 5.525804315775709 -19.607879687522914
0.194 -0.08666274907267128 5.55032537992885 -19.675167358695862
0.195 -0.08878036164668159 5.574373671282061 -19.74278073715567
0.196 -0.09109796473805148 5.598201701286911 -19.81036573042836
0.197 -0.09381357892034044 5.6219322261015705 -19.877932133025993
0.198 -0.09641529569409181 5.645469014947402 -19.945505935050456
0.199 -0.09951322610007952 5.668645207048613 -20.012892817795667
0.2 -0.10255158700825923 5.691450389485873 -20.080002740685796
0.201 -0.10590391804223828 5.71402625667848 -20.146845096627793
0.202 -0.10940407720020998 5.736493718710648 -20.21327736974189
0.203 -0.11301378306667677 5.758875945075005 -20.27919177134293
0.204 -0.11690405164592119 5.7811157968973035 -20.344620949890903
0.205 -0.12083246019128559 5.803134442429304 -20.409531246148866
0.206 -0.12503038346098677 5.824918193116723 -20.47383164515277
0.207 -0.12933471479212583 5.84652596012409 -20.537518147019085
0.208 -0.13442526442816194 5.8678505524087825 -20.600848766759448
0.209 -0.13859055188730388 5.888949123518756 -20.663218641374385
0.21 -0.1436167180776824 5.910069339476202 -20.7247006021938
0.211 -0.14850773291596608 5.931242210968513 -20.785740900364218
0.212 -0.1533685006019719 5.952180131687562 -20.846118850861423
0.213 -0.1583114733197214 5.97254676903934 -20.9058672475864
0.214 -0.16382138430297116 5.992542137213569 -20.964797070076457
0.215 -0.16928376043452525 6.0125498025569755 -21.022956992430903
0.216 -0.17486741514148543 6.032650181657061 -21.08052493319
0.217 -0.18076337531061926 6.0525580742134295 -21.137403400279737
0.218 -0.18654588770998282 6.071997526805667 -21.193623356163044
0.219 -0.1927328392961526 6.090948917546619 -21.2493456369551
0.22 -0.19883114345653743 6.109562463007805 -21.304491980911315
0.221 -0.20521823486839494 6.127993358469432 -21.358990446232944
0.222 -0.21200984161131764 6.146242603988341 -21.413125141244464
0.223 -0.22390538483293743 6.16394721833899 -21.468426781114267
0.224 -0.23647256767771418 6.1802541522146015 -21.525070221728654
0.225 -0.25248582185800783 6.195107923224242 -21.581164361734665
0.226 -0.270181379840185 6.20928824019397 -21.637877319592867
0.227 -0.28931622101551535 6.223319741364904 -21.695660022542505
0.228 -0.31087378675398825 6.236953921781634 -21.753107613280818
0.229 -0.3326470814797343 6.249940879632469 -21.81057004499484
0.23 -0.3564579604465289 6.262176527370798 -21.868895108811387
0.231 -0.3801899827320546 6.273578385378521 -21.92724119700669
0.232 -0.4056812577958203 6.2842616482042075 -21.9857789739692
0.233 -0.4296978026660448 6.294558132536579 -22.044047287068064
0.234 -0.45323066024210934 6.3047906405995775 -22.10212405602987
0.235 -0.47891005330159725 6.314838659175571 -22.160458542509474
0.236 -0.5030769101841372 6.324315459825435 -22.218434863191646
0.237 -0.5214067702982574 6.33294615414718 -22.27753643421807
0.238 -0.5384626131657679 6.340359479760849 -22.33855821210046
0.239 -0.5509194308827794 6.346323062444377 -22.399695063304115
0.24 -0.5611333865532315 6.351527691099193 -22.46109229520191
0.241 -0.5731123138636601 6.356489345945775 -22.525191541498018
0.242 -0.5833908701523297 6.360364154281342 -22.59120021007255
0.243 -0.5948571803845295 6.362501685106729 -22.657443517344845
0.244 -0.6055257170026067 6.363440459261611 -22.725065174960044
0.245 -0.6164717923582761 6.363880803037851 -22.794152634700506
0.246 -0.6275928720755628 6.364022147743121 -22.863144340403547
0.247 -0.6383942242107017 6.3639244126543275 -22.93237059723424
0.248 -0.6499001342085863 6.363373824387509 -23.00251345603238
0.249 -0.6615739645533052 6.361853535588601 -23.072854782766022
0.25 -0.672739807268998 6.359704757290743 -23.142448358968707
0.251 -0.6838769413149943 6.357590025397656 -23.21242334175914
0.252 -0.6962237353843437 6.355670905867925 -23.281756310176966
0.253 -0.7078600406491387 6.353889429997494 -23.349803947336373
0.254 -0.7203718674748516 6.352151531792629 -23.417803278266497
0.255 -0.7326761252964749 6.350081688662108 -23.485183970813893
0.256 -0.745341628904362 6.347697858099721 -23.551154192745678
0.257 -0.7582603962573591 6.3454783651123705 -23.616305375260872
0.258 -0.7765872606122795 6.343541072637393 -23.682531421937206
0.259 -0.792925856525581 6.340850458111518 -23.749852440779854
0.26 -0.8094498383464901 6.336604759113115 -23.81792011583686
0.261 -0.8263050827801683 6.331003872511431 -23.88699473855508
0.262 -0.8421306974078111 6.324843641079653 -23.956559368605795
0.263 -0.8592237300350694 6.318712366025522 -24.026049640684576
0.264 -0.8739036619825368 6.3129275651516465 -24.095038245438573
0.265 -0.8900825451172487 6.307374436644025 -24.163961358174305
0.266 -0.904495866984032 6.301504045958275 -24.23246726498371
0.267 -0.9194372268202005 6.295227207205755 -24.30023409407776
0.268 -0.933571704392667 6.288936476522778 -24.367214642635346
0.269 -0.9472826520799633 6.283098229535682 -24.433207559266457
0.27 -0.9608752378150845 6.2778178269881195 -24.49791934111493
0.271 -0.9729757065079327 6.272732214458685 -24.561601081220942
0.272 -0.9909227098693338 6.267722358441183 -24.625347478719558
0.273 -1.007964753353555 6.26235796559623 -24.689005151292687
0.274 -1.0288754550413661 6.256667201594993 -24.75162052346991
0.275 -1.0504600303525242 6.251057943872354 -24.81358961709797
0.276 -1.0737253221483258 6.24578235422473 -24.874807745560535
0.277 -1.0979577428035037 6.241022120464116 -24.934177135423866
0.278 -1.1228555717696502 6.236902303187932 -24.992359929438678
0.279 -1.1489857996013357 6.23314774056432 -25.049500329023857
0.28 -1.1729710640807358 6.2293638111648875 -25.10548419642649
0.281 -1.1944523028321299 6.225395491526221 -25.161654333687466
0.282 -1.214259565784805 6.221025712493031 -25.21748368847915
0.283 -1.2318204454152253 6.216440098017685 -25.27170827245648
0.284 -1.2475334327821161 6.212314157720904 -25.325064281499262
0.285 -1.2612978458353192 6.208790617671234 -25.377539194593243
0.286 -1.2751371681569168 6.205512884509602 -25.42901648007804
0.287 -1.29091727920658 6.201993017193288 -25.48082979320109
0.288 -1.3060199013556397 6.197701101847571 -25.532435105105158
0.289 -1.322878413242087 6.192937052889775 -25.582804434040156
0.29 -1.3479144370677472 6.188535229354628 -25.632545530652056
0.291 -1.3674646262390968 6.184772212056515 -25.68067591799836
0.292 -1.3925633306626457 6.181853728180727 -25.727442098554803
0.293 -1.4146347857751844 6.17907258996145 -25.77274028201063
0.294 -1.439296140049212 6.176193085075852 -25.81665301910326
0.295 -1.463483176102328 6.173250381279715 -25.858691035559758
0.296 -1.4877876053126504 6.1707949660800026 -25.89886895324041
0.297 -1.5133042923580717 6.169109625464536 -25.937086758668002
0.298 -1.537363869238916 6.167964632659981 -25.973159714792395
0.299 -1.5631465868252763 6.166985339509949 -26.00737958433996
0.3 -1.5878887029484507 6.166121424377927 -26.03905215870418
0.301 -1.6137397011424008 6.1658344269587175 -26.068384403412878
0.302 -1.6386783973951722 6.166276649674103 -26.09555895501857
0.303 -1.6642959794060448 6.167260822044099 -26.120220246226822
0.304 -1.6900971782064373 6.168524507700965 -26.142788877029897
0.305 -1.718112486140989 6.1698352084602845 -26.164777682370712
0.306 -1.7461608940966 6.17066219985432 -26.18550055850381
0.307 -1.7756295630867274 6.171177402002314 -26.204042954346832
0.308 -1.806037750437087 6.171956453902645 -26.221553845295563
0.309 -1.8361171358051709 6.173093520271003 -26.23728454327709
0.31 -1.8675148573920022 6.174653677640585 -26.25053116268291
0.311 -1.898505909986878 6.176565197415371 -26.262425953000538
0.312 -1.9304641034531917 6.178484982258816 -26.272760841573984
0.313 -1.9627010030233425 6.180367318133676 -26.28045301605581
0.314 -1.994375531024429 6.1825781370255015 -26.286652311479067
0.315 -2.0267478868072315 6.185067312436033 -26.291492411500947
0.316 -2.058579943745736 6.187548743576286 -26.29371831487365
0.317 -2.090834938594454 6.19025384646018 -26.294121320444184
0.318 -2.1226050459789647 6.193242397940679 -26.293039123687958
0.319 -2.154480918407455 6.196384871624048 -26.289687912204343
0.32 -2.1860629437136887 6.199707593483581 -26.28433325602895
0.321 -2.2174217311739834 6.203250186107127 -26.277453033746504
0.322 -2.2486105784476376 6.2068878287063285 -26.268576929929086
0.323 -2.2794233199705665 6.210637462364502 -26.25772525638901
0.324 -2.3100858228445964 6.214583192636184 -26.245315837778847
0.325 -2.3402966622099104 6.218646442152931 -26.23111948714472
0.326 -2.370360221927425 6.222793912672984 -26.215087981720167
0.327 -2.3999749570232836 6.22703523436568 -26.197521407147796
0.328 -2.429383083386189 6.231336536436409 -26.17838404288326
0.329 -2.458410460014046 6.235662650747926 -26.157579449584752
0.33 -2.4871738670675088 6.240043632239036 -26.135330042911022
0.331 -2.515614231105566 6.244447758591392 -26.111680311639304
0.332 -2.5436542284569335 6.248834057131411 -26.086608658733233
0.333 -2.573328553474748 6.253334145905697 -26.059011878899224
0.334 -2.6027055111793067 6.258306189020431 -26.02873240371535
0.335 -2.6331475741609625 6.264011567169092 -25.997027064186483
0.336 -2.663557590123016 6.2698788841529165 -25.963430728535158
0.337 -2.6945790883554963 6.275506666181506 -25.927800367311605
0.338 -2.7258217047489977 6.280949559980115 -25.890947011287054
0.339 -2.757522525959331 6.2864174253079455 -25.852703919804075
0.34 -2.789309791381278 6.292059737987259 -25.812545742369327
0.341 -2.8210326787869646 6.297782584139519 -25.77163582238603
0.342 -2.8531763950437092 6.3031450694844295 -25.72995490321148
0.343 -2.885162790008005 6.307898342562041 -25.686870194252702
0.344 -2.9175453267760556 6.312380153208544 -25.64312072933194
0.345 -2.949705609005023 6.316758665200226 -25.598850318421984
0.346 -2.9821655257225324 6.320930399541012 -25.553644391410913
0.347 -3.014512678642914 6.324736448621046 -25.507896464197024
0.348 -3.046981513457606 6.32803337994217 -25.46197460902316
0.349 -3.0794567955121424 6.330716944730931 -25.41557922560657
0.35 -3.112732392298404 6.333034814772645 -25.3681323304996
0.351 -3.1470673338363513 6.3353988253834785 -25.31930865620564
0.352 -3.1816719117305015 6.337937789756857 -25.26969784794096
0.353 -3.2171369115292565 6.340282975134741 -25.219645881998083
0.354 -3.252918677102226 6.341909219788619 -25.168916825187086
0.355 -3.2896303377797205 6.342901323646885 -25.117483508494338
0.356 -3.32533885166764 6.3435721298001795 -25.065777583541887
0.357 -3.3630764979233954 6.343975562232167 -25.014351216900657
0.358 -3.3998167596379374 6.343558584145455 -24.96254413099551
0.359 -3.4376640627194095 6.342374292065941 -24.910639158572916
0.36 -3.4753108219603646 6.3405614293014665 -24.85901289689006
0.361 -3.513137949041878 6.338243631877717 -24.807419127094697
0.362 -3.5514045683291204 6.335421855441837 -24.75581434912924
0.363 -3.5892906934373645 6.3319950829176435 -24.70454435741356
0.364 -3.627836409960626 6.32785110583491 -24.653628344124044
0.365 -3.66613862760555 6.32297899963541 -24.602532486644286
0.366 -3.7062726377972446 6.3177810746829834 -24.550700511540956
0.367 -3.745998871577164 6.312515564304135 -24.49839102308713
0.368 -3.7868260590709326 6.307171551853209 -24.446257889455534
0.369 -3.8277072896045974 6.301206815505118 -24.393866188007017
0.37 -3.869413484587057 6.294556908239635 -24.341035804236363
0.371 -3.910762828094405 6.287375808886424 -24.288526605396584
0.372 -3.952568809697552 6.27972681669295 -24.236361596686066
0.373 -3.9945351762713592 6.271531166481552 -24.18377279711091
0.374 -4.036398535527661 6.262921726041384 -24.13130358584896
0.375 -4.0785958587269455 6.25389822462909 -24.079278187251838
0.376 -4.120444538525813 6.244266697995627 -24.02712463187779
0.377 -4.162635970639576 6.234100345050443 -23.975055902854947
0.378 -4.204415978130719 6.223461920901848 -23.923344805263635
0.379 -4.246340353272599 6.212369127188538 -23.87171882133766
0.38 -4.287990356067425 6.200811149814442 -23.820093494146064
0.381 -4.329335480103658 6.188843239811611 -23.768809985937907
0.382 -4.3717736557509035 6.176541857277819 -23.716887022749397
0.383 -4.413900456664525 6.164115006546069 -23.663926353635446
0.384 -4.456599967173929 6.151850142879653 -23.611075772272216
0.385 -4.500552676627896 6.1394930449046115 -23.5578929991223
0.386 -4.5416408533623045 6.126536440800699 -23.50400644493971
0.387 -4.585171271865724 6.113349465900306 -23.450132764432908
0.388 -4.6273731696970914 6.0998147250241175 -23.39594836910851
0.389 -4.670040592867885 6.086126807650203 -23.34158041836864
0.39 -4.7126140170166835 6.0722440243185645 -23.28689942490306
0.391 -4.754504105268635 6.058131897114755 -23.23197612373034
0.392 -4.796953418065747 6.043802206645211 -23.176954422859033
0.393 -4.838289561087502 6.029147057618545 -23.121626331788057
0.394 -4.8801719980072615 6.014311602717655 -23.066167296256047
0.395 -4.921937301440611 5.9993257633155395 -23.010450194788667
0.396 -4.96203849931962 5.984121829347266 -22.954519158561375
0.397 -5.002614568527067 5.968727963052885 -22.898622577251047
0.398 -5.043109452331783 5.953050911181961 -22.842369163849035
0.399 -5.082477691424533 5.937186749641683 -22.78595664932968
0.4 -5.12226952521787 5.921309100441036 -22.729100558114588
0.401 -5.162452922379036 5.905547232506507 -22.671039261040725
0.402 -5.201977866923981 5.890041340726086 -22.612439481228744
0.403 -5.241445163205157 5.874643939319014 -22.553694966210696
0.404 -5.2809402930153535 5.8590257021867345 -22.494207243968205
0.405 -5.32031065801302 5.843285303840972 -22.433829804443043
0.406 -5.359139665814281 5.827598159460457 -22.373496846457563
0.407 -5.397542245402885 5.811866154347065 -22.312930953642272
0.408 -5.435920345707638 5.795995555896468 -22.251537731556034
0.409 -5.474562692174567 5.780137709831237 -22.189985399952405
0.41 -5.5103914377764855 5.764157738242254 -22.128091041870782
0.411 -5.548664010566665 5.748222664872088 -22.066125307871978
0.412 -5.584699715213727 5.732011486942056 -22.003514506498
0.413 -5.621097455579542 5.7158389498937865 -21.940916160874806
0.414 -5.657899992292544 5.699688867687769 -21.87812678982565
0.415 -5.692041257619887 5.68337064029258 -21.814814210973296
0.416 -5.7275203231636524 5.667020962625507 -21.751832362300433
0.417 -5.762285962754801 5.650439466115714 -21.68845955207572
0.418 -5.794793518830348 5.633811947858071 -21.624193334115596
0.419 -5.826905264533893 5.617658025642449 -21.558783540846786
0.42 -5.858713509540584 5.602257266607829 -21.49186500513334
0.421 -5.889174439428185 5.587488220609515 -21.424025088397023
0.422 -5.918902441042128 5.572898250061968 -21.355714673201966
0.423 -5.94865271187162 5.558189015045777 -21.286197714614055
0.424 -5.97742619079359 5.543487380755124 -21.215950336297517
0.425 -6.005225614134085 5.529030677958396 -21.145668906428774
0.426 -6.032949436349619 5.514786200684043 -21.074636752445443
0.427 -6.060177648444384 5.500697908745273 -21.00278257579771
0.428 -6.086637076054447 5.486747444981901 -20.930949166335964
0.429 -6.112823126834563 5.472765624534205 -20.858973968141544
0.43 -6.138725798684973 5.458677776802695 -20.786436425673188
0.431 -6.16412660307437 5.444645194590159 -20.713844464202115
0.432 -6.189194181993723 5.430725861166401 -20.641390358238716
0.433 -6.214103422554354 5.416790472434521 -20.56853213227297
0.434 -6.238943413440394 5.402772354730089 -20.495131170645593
0.435 -6.263746603041273 5.388677065417063 -20.42140039623001
0.436 -6.288549341054884 5.374460870458144 -20.346994731434176
0.437 -6.313594893304813 5.3601429934813964 -20.271473554536588
0.438 -6.338884643245974 5.34586628476022 -20.194658027160433
0.439 -6.365258144694437 5.331758564656127 -20.115472911291477
0.44 -6.392750226215779 5.317960104256869 -20.033684881884582
0.441 -6.4214385057639305 5.304552182432815 -19.9488330942666
0.442 -6.451349228621416 5.291257284099075 -19.8604151607033
0.443 -6.483348482162578 5.277995549168622 -19.76740287060143
0.444 -6.517426313363279 5.265074799279525 -19.6689953120787
0.445 -6.553265167795092 5.252731004609231 -19.565425437572443
0.446 -6.591806176436846 5.240724493929001 -19.45639415135366
0.447 -6.632804097348595 5.228778457111851 -19.340822070493715
0.448 -6.675914303815857 5.217056010652499 -19.218778226282435
0.449 -6.7216069390400435 5.2058240302866 -19.090435422646173
0.45 -6.7698400962370355 5.195091077582333 -18.955024726257307
0.451 -6.819593032275277 5.184741501627563 -18.812933544909356
0.452 -6.8721316977078635 5.174736782817014 -18.663496470246635
0.453 -6.926504994190612 5.165435456270615 -18.504336772833113
0.454 -6.981236851006966 5.157500255461024 -18.3366072491528
0.455 -7.038161098515031 5.15093046696763 -18.161515550093966
0.456 -7.097042557662273 5.144876667451797 -17.97741870958824
0.457 -7.156966853561714 5.139027136114649 -17.78447670669165
0.458 -7.218404158841963 5.133589289834553 -17.584350365256935
0.459 -7.280272609708869 5.128768129302067 -17.376057312092783
0.46 -7.34354951454803 5.124664470996542 -17.15827340182525
0.461 -7.410225426507793 5.121230838883207 -16.93170693872646
0.462 -7.4777557919609405 5.11792433831495 -16.696679127623693
0.463 -7.545949883687083 5.1145157799822485 -16.452722272079686
0.464 -7.52522568202219 5.053505132767292 -16.291882042573405
0.465 -7.483215690066088 4.974350748738786 -16.148655072416442
0.466 -7.440314866541057 4.894725186299716 -16.003513934570677
0.467 -7.391976734765666 4.8195715334872276 -15.859544389160959
0.468 -7.3406124879099846 4.7450227549136486 -15.71337281365513
0.469 -7.2911201291934 4.665964214159565 -15.561900356424118
0.47 -7.241869883856468 4.583345318422644 -15.405037952803923
0.471 -7.189974153619002 4.500899554022567 -15.245562267080626
0.472 -7.13519220625434 4.419045112359413 -15.083831857440536
0.473 -7.078952688353827 4.335101155942212 -14.9172180264562
0.474 -7.0232444630437785 4.248610588387429 -14.746698333287359
0.475 -6.968401444100089 4.162598509097357 -14.576847884353612
0.476 -6.912097796169717 4.078054623876014 -14.407108418899575
0.477 -6.852735514126906 3.9943172566671663 -14.235148757422913
0.478 -6.791590365340813 3.9101772312288645 -14.060287863207492
0.479 -6.729789327095341 3.824996122889587 -13.882536720366954
0.48 -6.66528953724803 3.738922861084312 -13.70028992036977
0.481 -6.598013947999265 3.652249129987993 -13.513847479894789
0.482 -6.525672520016443 3.565235317908659 -13.321511148055109
0.483 -6.451839625431267 3.476888866345803 -13.1248899923403
0.484 -6.376656960654829 3.386405039483847 -12.92284350385728
0.485 -6.296839144994733 3.294323474788328 -12.71314808404134
0.486 -6.213020146809834 3.201577878158311 -12.49766298776927
0.487 -6.125423175734431 3.1079541286447068 -12.276167392494806
0.488 -6.030860042942827 3.013033735347669 -12.044995700377495
0.489 -5.9301225602464855 2.9172016033153483 -11.805288781058255
0.49 -5.8247395769113 2.820716428677379 -11.558701325564215
0.491 -5.714334585247315 2.7229930091626215 -11.303831258308463
0.492 -5.599771892830415 2.6234221749879296 -11.040367624757533
0.493 -5.480807077773855 2.5223209633277293 -10.768398587414254
0.494 -5.35704230258289 2.4202299147344775 -10.488217137026147
0.495 -5.225781696615909 2.3175091265548033 -10.19760425306275
0.496 -5.086566013469733 2.2144485564258574 -9.896324230360648
0.497 -4.941477133953771 2.1107729340625667 -9.585706957486096
0.498 -4.792991848979458 2.0053205520529502 -9.266070740204981
0.499 -4.639712758375275 1.8979558680397801 -8.93555592978823
0.5 -4.479914347441321 1.789842090184166 -8.594056665992568
0.501 -4.310992881885339 1.682151203922679 -8.24055276345863
0.502 -4.134244156011261 1.5745868508221719 -7.875512287692189
0.503 -3.9545896180191207 1.4652854739020214 -7.500551501351929
0.504 -3.77118135256967 1.3536932107883288 -7.1135105794955535
0.505 -3.579054795736255 1.2417053124530568 -6.711970735706778
0.506 -3.376099979830683 1.1319727811262936 -6.295599067979495
0.507 -3.167691738350564 1.0221196957793097 -5.870009677282184
0.508 -2.9595006540737847 0.9092946361597853 -5.433823769432365
0.509 -2.7391333038859207 0.7956633418930039 -4.976497661400323
0.51 -2.507959318349854 0.6843801524658275 -4.504598809237578
0.511 -2.274793042286482 0.5741655705397619 -4.025476185174796
0.512 -2.0387450820215784 0.46189094702394584 -3.5318290531021077
0.513 -1.7907242944115698 0.3494730370865611 -3.015664947437209
0.514 -1.5346782533567307 0.23962084607654077 -2.486119361459309
0.515 -1.2784077189465866 0.13114146529851922 -1.9497208705677451
0.516 -1.0140284736395664 0.02233221100599536 -1.3932965293997626
0.517 -0.7401175504546361 -0.08528870088069596 -0.8166544192568566
0.518 -0.4664131437581209 -0.19120116827408395 -0.2328699909152192
0.519 -0.23267203010453458 -0.24162305454140665 0.06781015617249864
0.52 0.019921697083839594 -0.2943963119854871 -0.007848410675215689
0.521 0.16159565472092235 -0.29550409169657854 -0.031176010157444978
0.522 0.20716472736636818 -0.2734642525034303 -0.03796548654695897
0.523 0.16200709498246613 -0.23025531382450026 -0.030321335817575346
0.524 0.048317809238792545 -0.16539934620789154 -0.012765958880216033
0.525 -0.11150576573722742 -0.07785544648933751 -0.012780780015482662
0.526 -0.11391866067744522 -0.056360060692135505 -0.03530822629754482
0.527 -0.08499281821410784 -0.04944150645235368 -0.015590523450633498
0.528 -0.07233887853863229 -0.042151469293671084 -0.013610886571846947
0.529 -0.054829298865315956 -0.032059972996385966 -0.01087088120807067
0.53 -0.017358339638818367 -0.01044824832071356 -0.005004384610245438
0.531 -0.00285753344733142 -4.147000186094374E-5 -0.006561960875188788
0.532 -0.013741845442314004 -0.008023919754776898 -0.004704246174334514
0.533 -0.010398752546790485 -0.005439961945477023 -0.005552536272340092
0.534 -0.0043482412789717885 -0.001002557486032174 -0.006585223494511183
0.535 -0.0067791558196177645 -0.002785486047180541 -0.006170327309988011
0.536 -0.01270464585666772 -0.0071310022802464346 -0.0051589649927876735
0.537 -0.013775704339585622 -0.007916401324841615 -0.004976152257619049
0.538 -0.01009622801700211 -0.005218209590260869 -0.005604176454262699
0.539 -0.007971742106140548 -0.0036601859271172543 -0.005966782656948055
0.54 -0.01005358872271727 -0.005186951239700477 -0.005611454701750063
0.541 -0.012761067261552888 -0.00717241283918213 -0.005149336591152576
0.542 -0.012565651351314072 -0.007029115762577476 -0.005182690961902381
0.543 -0.010642934147021402 -0.0056191550264586 -0.005510865239848783
0.544 -0.010159219672600956 -0.005264427855763643 -0.005593426155158454
0.545 -0.011600773091237034 -0.006321567812541673 -0.005347379627600901
0.546 -0.012789257306364243 -0.007193093377487969 -0.005144525443178338
0.547 -0.01239763142005195 -0.006905914622223008 -0.005211369597589055
0.548 -0.011472793531206948 -0.00622772051065823 -0.0053692236142453
0.549 -0.014854114915615755 -0.008707220054809284 -0.0047920857376198
0.55 -0.012845911081963505 -0.0072191034781070584 -0.005167465431696883
