0.0 0.0 0.0 0.0
0.001 8.110677457133164E-4 -4.6185517236096985E-4 -0.007793915762135839
0.002 0.00337540610858653 -0.002120359944051131 -0.031230167410470244
0.003 0.0076671013745244305 -0.005414063555100768 -0.07219677123701729
0.004 0.012817802244521297 -0.01051486727703832 -0.13105325754346353
0.005 0.019120698765465835 -0.01788946933145752 -0.20792695701296537
0.006 0.026571740093184533 -0.02770872663679569 -0.301887007399003
0.007 0.0354642975071398 -0.03987740944486973 -0.41090837302044037
0.008 0.04850747812945551 -0.053416947890539745 -0.5310914827683746
0.009 0.0646572165617416 -0.068754064988795 -0.6609660538133397
0.01 0.08277297738231455 -0.0856908333766242 -0.7979738816983968
0.011 0.10223102106662241 -0.1039473662339816 -0.9397864046119935
0.012 0.12244716827224003 -0.12316423961259204 -1.0845113902760133
0.013 0.1426780625360989 -0.14293921454893166 -1.2308388572267503
0.014 0.16225612538345696 -0.16286276183033266 -1.378082367873013
0.015 0.1810843509917154 -0.1826868806284665 -1.526354734578085
0.016 0.199321226445885 -0.20217845560124204 -1.6760330377991366
0.017 0.2167227379982437 -0.2210034320767349 -1.827506676290561
0.018 0.23313322309363754 -0.23911130246215606 -1.981608039774315
0.019 0.24855699837293943 -0.25650705046469824 -2.138961478992016
0.02 0.2634943236596824 -0.2730961291710585 -2.2997229966127932
0.021 0.27830356428019404 -0.2889032318477902 -2.4639272932865524
0.022 0.2933571074921245 -0.3039733125649633 -2.631345771487247
0.023 0.30897303493204714 -0.3183514792788884 -2.8015023180635197
0.024 0.3253485825571924 -0.33208471227957403 -2.973746860258963
0.025 0.34306691330202593 -0.3454197479408734 -3.1476540189352065
0.026 0.3614665217743465 -0.3581505609083351 -3.3220120523436236
0.027 0.3798506242182517 -0.3701809650948036 -3.4960064925463783
0.028 0.3975154139246378 -0.3813919838130104 -3.668969316251463
0.029 0.41371961296083853 -0.3917520340691425 -3.840638400289457
0.03 0.42805951717593343 -0.4011960696331798 -4.010859435759201
0.031 0.44086128803196395 -0.40951358514524117 -4.17946422808712
0.032 0.4525585121685589 -0.4165783357770394 -4.346605229926183
0.033 0.46369799855409993 -0.4222823805670757 -4.512542950130104
0.034 0.4754446037053368 -0.42680257667829125 -4.678023592825944
0.035 0.48778195659124335 -0.4299072234896357 -4.842917203965349
0.036 0.5006015065132949 -0.43155618054210265 -5.007416945016729
0.037 0.5136628534972314 -0.43172681934073154 -5.171615176234255
0.038 0.5266690067018356 -0.4304228690387504 -5.3355054026306306
0.039 0.5392827962171519 -0.4276604860984108 -5.49895599996055
0.04 0.5512165618496756 -0.4234586585151092 -5.661733973015728
0.041 0.5621675756673181 -0.4178919766614442 -5.823657076680831
0.042 0.5718476109722459 -0.4110555780767129 -5.98449852624038
0.043 0.5806324357082324 -0.4028527884542612 -6.14374355274623
0.044 0.589230178525449 -0.3933392603528816 -6.301273773911213
0.045 0.5983870522700749 -0.38254330473631626 -6.4569521729209995
0.046 0.6081671377787345 -0.37029219454773 -6.610435978970244
0.047 0.6187602375415036 -0.35656360003996923 -6.761836548264945
0.048 0.6301953466736032 -0.3413308120934815 -6.911293418870962
0.049 0.6423785715994538 -0.3245860417140918 -7.058998323875464
0.05 0.655124645528647 -0.3063394546347169 -7.205153916830923
0.051 0.6682026906840945 -0.28661626867267387 -7.349934286778577
0.052 0.6813863982869872 -0.26545253329794605 -7.493454390287297
0.053 0.6942707095593458 -0.24289118638827034 -7.635752487856934
0.054 0.7054669903349357 -0.21898163730345743 -7.776794846401231
0.055 0.7131152623097247 -0.19378197661075802 -7.916511053063601
0.056 0.7156123703333793 -0.16735795270474085 -8.054820590981194
0.057 0.7152345740278842 -0.13978308770654735 -8.191693096478836
0.058 0.7134575300919657 -0.11116128929183589 -8.327080484294754
0.059 0.7112515826394955 -0.08158143717145094 -8.46097122064063
0.06 0.7096186904006078 -0.05105246922893514 -8.593187138713382
0.061 0.7094001011176791 -0.019535948367746414 -8.72359692229466
0.062 0.7108878465833761 0.012988352733650288 -8.852167753133173
0.063 0.7137491069314886 0.046494620519993646 -8.97899825727076
0.064 0.7174561342494619 0.0810683026996486 -9.103982815060917
0.065 0.7210092280105037 0.11668069505328305 -9.227282436567073
0.066 0.7234301903879594 0.15332358262963908 -9.348997507587335
0.067 0.7239358370932162 0.19097973682865899 -9.469219999640138
0.068 0.7218959399971471 0.2296206157816556 -9.588024545002966
0.069 0.7173674367743086 0.26921479180453645 -9.705452969932189
0.07 0.7110543409175385 0.3097284113421779 -9.821511699231444
0.071 0.7037230357935066 0.3511207152942575 -9.936181075631715
0.072 0.6962093947381576 0.3933487182170765 -10.049419600883574
0.073 0.689240455677415 0.4363686119674668 -10.161175216940414
0.074 0.6833322807372786 0.48013182670038645 -10.271420922040917
0.075 0.6787177933810321 0.5245826271345564 -10.3801742915314
0.076 0.6753015631467949 0.5696613124834613 -10.487488989318656
0.077 0.6726971626822288 0.6153073771986257 -10.593443816436924
0.078 0.6703292454354155 0.661461879779182 -10.698129645653147
0.079 0.667012110695443 0.7080615793896428 -10.801644485344372
0.08 0.6620524312245177 0.7550551187187295 -10.904067469126591
0.081 0.6562467180836989 0.8024134664512843 -11.00543784328427
0.082 0.6497436753532797 0.8501017955554389 -11.105782931065221
0.083 0.6427340265146008 0.8980915341888576 -11.205106720340574
0.084 0.6354287153596396 0.9463604624333826 -11.30339389790442
0.085 0.6280524960323028 0.9948927245195875 -11.400616390043698
0.086 0.6207958009403509 1.0436778046798096 -11.49674214974591
0.087 0.6137556248086873 1.0927045159776014 -11.591766579862899
0.088 0.6068942188897162 1.1419533584871644 -11.68574230925983
0.089 0.6000619897321505 1.1913961705118297 -11.778772042172008
0.09 0.5930461539934351 1.2409986231676342 -11.870986480849115
0.091 0.5856192705547495 1.2907218193321057 -11.962523298787541
0.092 0.5775849637357333 1.340524267910709 -12.053506864489684
0.093 0.5688123483056648 1.3903641837173097 -12.144031873300001
0.094 0.5592437429849242 1.4402018389918823 -12.234153250508843
0.095 0.5489215510248602 1.490002353229201 -12.32388267520847
0.096 0.538005635726945 1.5397381836054223 -12.413192022905033
0.097 0.526737986994836 1.5893905660492038 -12.502023133999458
0.098 0.5153562077278455 1.6389497126478076 -12.590301931899525
0.099 0.5038917647980439 1.6884129511398598 -12.677955518711663
0.1 0.4924009935502309 1.7377227144243932 -12.765038381088452
0.101 0.4809016388488975 1.7868280498270366 -12.851587199511119
0.102 0.4696014626701201 1.8357751027603015 -12.937528036381458
0.103 0.45861722962973545 1.8846121189715745 -13.022806767703035
0.104 0.4478671975194563 1.9333857258845484 -13.107394544118485
0.105 0.4373848833997953 1.982140758698705 -13.19128702943145
0.106 0.42711710154178106 2.0309142918499035 -13.27450934273585
0.107 0.4169848900076226 2.0797335963494703 -13.357111470757943
0.108 0.4069027691250156 2.128614401512266 -13.439161100145366
0.109 0.39679608147489065 2.1775602150958875 -13.520734371930534
0.11 0.3866147286968924 2.2265627112963102 -13.60190612888347
0.111 0.37634137257910705 2.275603099756289 -13.682741193012799
0.112 0.3659932433177684 2.3246542955019436 -13.76328791722996
0.113 0.3556178450375762 2.3736836331022317 -13.84357478989557
0.114 0.34528384478211105 2.422655822035466 -13.923610324607814
0.115 0.33506912241175074 2.471535831723102 -14.003385934642811
0.116 0.32504825643517765 2.5202914246029096 -14.08288105490179
0.117 0.31528160976747444 2.568895118142052 -14.162069493642768
0.118 0.3058077146541188 2.6173254411035742 -14.240925900960296
0.119 0.29663994699684104 2.66556744239238 -14.319431328482452
0.12 0.2877676679454211 2.713612499129809 -14.397577094477207
0.121 0.279311433382772 2.761409932493862 -14.475488245550999
0.122 0.27100524629713385 2.8090432463565946 -14.552925226888227
0.123 0.2627877212731564 2.856487269183802 -14.630027908717175
0.124 0.2546795069684573 2.903748342019732 -14.7068328512614
0.125 0.24666899638001266 2.950832251144469 -14.783376897194888
0.126 0.23876206995301436 2.997743474080451 -14.859693552565556
0.127 0.23098127624737336 3.0444845006750114 -14.935808604267834
0.128 0.22336106521383664 3.091055552465221 -15.011737244355526
0.129 0.21594134873798906 3.137454653875473 -15.08748307168597
0.13 0.20876065608741473 3.183677974963665 -15.163038970494345
0.131 0.2018500828763003 3.229720344399695 -15.238389562260267
0.132 0.19522899333356514 3.2755758247451183 -15.313514698804418
0.133 0.188903053886106 3.3212382508415814 -15.38839334126449
0.134 0.18286472827840677 3.3667016541553494 -15.463007162943502
0.135 0.1770959331606885 3.4119605271177846 -15.53734331549407
0.136 0.17157221075476253 3.4570099163365455 -15.611395981977708
0.137 0.16626757267102932 3.5018453660529048 -15.68516657005971
0.138 0.1611591286409415 3.5464627580362915 -15.758662632621384
0.139 0.1562307286096025 3.590858107509213 -15.831895802861496
0.14 0.151475083232451 3.6350273752714912 -15.90487916691609
0.141 0.14689413531391587 3.6789663450272627 -15.977624552556911
0.142 0.1424977743833688 3.7226705952486157 -16.05014018560177
0.143 0.13826262236607276 3.7661309211890526 -16.122457334907097
0.144 0.13406887328001035 3.8093244087076314 -16.19467719316167
0.145 0.12971890654516538 3.852214275218074 -16.266961200017185
0.146 0.1250009667696271 3.8947550714491896 -16.339486360675387
0.147 0.11970464457589827 3.9368962153972618 -16.412409478464458
0.148 0.11366499246881555 3.9785862470499893 -16.485836786442025
0.149 0.1068466694209842 4.019777779170276 -16.55980314070696
0.15 0.09937019171142121 4.060432196431826 -16.634264811216823
0.151 0.09148688689499818 4.100523776117797 -16.70910580968586
0.152 0.08352229424445086 4.140042828733812 -16.78415548389343
0.153 0.07580337475620588 4.178997432032595 -16.859213624151604
0.154 0.06858767032850688 4.217413466908361 -16.93407841911068
0.155 0.062011296783303034 4.255332860959413 -17.00857252178379
0.156 0.05606743428465948 4.292810171195448 -17.082563199841935
0.157 0.05061919734703981 4.329907864531215 -17.15597385163809
0.158 0.04544238800974246 4.3666908420594694 -17.228785804138234
0.159 0.04034592521196513 4.403206028115491 -17.301064129549893
0.16 0.03573374933096801 4.439372060239172 -17.373121966937152
0.161 0.031372960700218555 4.47522472265436 -17.44502774453672
0.162 0.026023729879207747 4.510819738656082 -17.516778097065377
0.163 0.020414992322002248 4.546213135800819 -17.588306231073975
0.164 0.014021352944283173 4.581391889951533 -17.65969208579017
0.165 0.007203451117292918 4.616459533995005 -17.73050457727966
0.166 0.0011493742736918763 4.651416600075834 -17.80077907891673
0.167 -0.003834107257710953 4.686272414544291 -17.870439844923567
0.168 -0.007997033110190385 4.720960082245824 -17.939585306567956
0.169 -0.012109070825090523 4.755353531830799 -18.00839962910267
0.17 -0.016274954735795204 4.789479244432229 -18.076799564770635
0.171 -0.020501290440816923 4.823367200254289 -18.144693436763234
0.172 -0.02473783175071911 4.857047346902874 -18.211993572317834
0.173 -0.0288947684464353 4.8905487762766455 -18.27862905159332
0.174 -0.03286788185357717 4.923898681980305 -18.344555010480796
0.175 -0.03656633845630956 4.957121131148192 -18.409757154566602
0.176 -0.039936281250783676 4.990235759804847 -18.47425108197794
0.177 -0.042974619800739675 5.023256563490918 -18.538076910940255
0.178 -0.04575760428786832 5.056190857318597 -18.601290905905202
0.179 -0.0484349304135029 5.089037377575117 -18.663965739870527
0.18 -0.05084624532789073 5.121777486251702 -18.726243009819214
0.181 -0.05281049943183201 5.154369748352494 -18.788349778037784
0.182 -0.054101143763435555 5.186756153562619 -18.850540346935375
0.183 -0.05453854037207959 5.218864848283019 -18.913066631938428
0.184 -0.054133354647113684 5.250605686381277 -18.97620565873492
0.185 -0.05311524759876933 5.281873959078723 -19.04023422223655
0.186 -0.05185594564840932 5.312562118642504 -19.105357830673547
0.187 -0.05082727714932336 5.342569699123111 -19.17166682559523
0.188 -0.050551569261343424 5.371812851743094 -19.23911523610674
0.189 -0.05144282684851871 5.400233515777721 -19.307521719474416
0.19 -0.05367003563409779 5.427806861715432 -19.37659249509761
0.191 -0.05712064439864241 5.454545892633689 -19.445961751542107
0.192 -0.06143597944606535 5.480502640187183 -19.515241148977825
0.193 -0.06610622284156537 5.505765289383959 -19.58406977579685
0.194 -0.07059935026098581 5.530450250775658 -19.65215688981792
0.195 -0.07449060297916149 5.5546932719285635 -19.71931022638279
0.196 -0.07756128493905186 5.578637232790179 -19.78544723114006
0.197 -0.07984425410372664 5.602420836440629 -19.850588265096555
0.198 -0.08160595938872965 5.626168158774071 -19.914834521364604
0.199 -0.08327141807190748 5.64997932106607 -19.97833596240108
0.2 -0.08531275683803578 5.673924060185449 -20.041255229296212
0.201 -0.08813003540420125 5.698038719549345 -20.10373380377964
0.202 -0.09195399419600961 5.722326712523582 -20.16586583673101
0.203 -0.09679397213539154 5.746762114239779 -20.227683322816773
0.204 -0.10244232769376488 5.77129571064993 -20.289154074293755
0.205 -0.10853238609413737 5.795862619317603 -20.35019164773952
0.206 -0.11463382843189453 5.820390495113244 -20.410674412571773
0.207 -0.12036072327478686 5.844807333484752 -20.47046963815984
0.208 -0.12546508559598665 5.869047984720666 -20.52945799031037
0.209 -0.13008747244354746 5.893014310336582 -20.58766900668042
0.21 -0.13518716995593683 5.91649751615595 -20.64539192063862
0.211 -0.1408790558971793 5.939489783958443 -20.70254541628679
0.212 -0.14705789457115137 5.9620170443588165 -20.759042982168147
0.213 -0.15379769064319943 5.984107438578427 -20.814909729343533
0.214 -0.16151936197674588 6.00577968854401 -20.87033005475357
0.215 -0.17080319162936658 6.027039048524436 -20.92560449755957
0.216 -0.18189175288184917 6.047864318693456 -20.98116396058733
0.217 -0.1944131376632368 6.068201059652225 -21.03753018405566
0.218 -0.20751126873179415 6.087966431073511 -21.09520065583277
0.219 -0.22008763369874929 6.107056315821147 -21.1545515854188
0.22 -0.23054160499848936 6.125236454390198 -21.216033361055068
0.221 -0.2376250725317759 6.142282534469786 -21.279810142911018
0.222 -0.24147703458401643 6.158135890193776 -21.345514077961948
0.223 -0.24297673716387075 6.172776074239053 -21.41255570144584
0.224 -0.2434954879858836 6.186230059927901 -21.48022380441633
0.225 -0.24455151568946007 6.198576028535044 -21.547796573831175
0.226 -0.2474387473167654 6.20994092286481 -21.614646264071318
0.227 -0.2529223160554758 6.22049183237273 -21.68032070846004
0.228 -0.2610750147969824 6.230421991092328 -21.744590164175662
0.229 -0.27129161377591665 6.239933007965178 -21.80745462071257
0.23 -0.2824723700309756 6.249215746316921 -21.869113537393595
0.231 -0.2933248536335978 6.258432670885007 -21.929905935653913
0.232 -0.30299759496972845 6.267700929055962 -21.990291173768966
0.233 -0.3118845566459391 6.277005844010247 -22.051046414671777
0.234 -0.3217970516146475 6.286157295865884 -22.11309773996047
0.235 -0.3339458816674912 6.295104968792323 -22.176786545546733
0.236 -0.34933779899903006 6.303760627393537 -22.24221023709401
0.237 -0.3685508186007125 6.312007244585892 -22.3091920562573
0.238 -0.39154422590144194 6.319720218249579 -22.377313472459562
0.239 -0.41762453754213735 6.326788802359225 -22.44598670242668
0.24 -0.4455759329412601 6.333134595835105 -22.51455176290287
0.241 -0.4719150652552933 6.338687212965631 -22.5824092616122
0.242 -0.49429781031168957 6.3434445101322225 -22.64915423707836
0.243 -0.5151239606648658 6.347514857504443 -22.714654569009948
0.244 -0.5342199853819432 6.350962342149465 -22.779238118741155
0.245 -0.5518119607487373 6.3538436901338144 -22.84359566668137
0.246 -0.5685305276201745 6.356195996657121 -22.908587817107087
0.247 -0.5851910112421592 6.3580259698208295 -22.975048998173033
0.248 -0.602977611163051 6.35920910167394 -23.043919365661793
0.249 -0.6231737297043607 6.35951780622986 -23.115777208886875
0.25 -0.6442922626820416 6.358833128548781 -23.190509004750762
0.251 -0.6648450185925439 6.356928840350008 -23.267813739812567
0.252 -0.6846627537036678 6.353840866489236 -23.346543183195855
0.253 -0.7031526493276085 6.349666209293332 -23.425383517776112
0.254 -0.7203149216988933 6.344562251678319 -23.50316793957204
0.255 -0.7369359898652916 6.338741623851391 -23.579080341311197
0.256 -0.754287851872449 6.332460304147126 -23.65271127771699
0.257 -0.7737339023323456 6.325994477358201 -23.724058407045597
0.258 -0.7963259301191681 6.3196114624819515 -23.79345905465973
0.259 -0.8224879591498235 6.313540794579822 -23.861471937340077
0.26 -0.85213570393256 6.307820287070946 -23.929181611171845
0.261 -0.8822718384620211 6.302317822207748 -23.99752286738229
0.262 -0.9125336288621403 6.2971143648035195 -24.06696020575704
0.263 -0.9412991090079875 6.2921597171427095 -24.137926026086028
0.264 -0.9671841022654575 6.2873242860524385 -24.21069089613603
0.265 -0.9894427289407342 6.28243308127221 -24.285269171076138
0.266 -1.0082693852298137 6.277302004523449 -24.361392474439093
0.267 -1.024707376916069 6.27176716097302 -24.438535372371092
0.268 -1.0403381099097775 6.265709036560736 -24.51598211640662
0.269 -1.0568400218608363 6.259069666693577 -24.59292059927472
0.27 -1.0747957652026787 6.251683013282168 -24.669036340777
0.271 -1.0950971644511083 6.243479445041977 -24.744013108730613
0.272 -1.119656941489142 6.23446070558208 -24.817795835403032
0.273 -1.148834567116571 6.224882886809773 -24.890031804215553
0.274 -1.1820462007703845 6.215037921625793 -24.96057215425327
0.275 -1.2177686551960893 6.205211574277428 -25.029473876974432
0.276 -1.2535758911385189 6.195647726940564 -25.097032674565988
0.277 -1.2866593431390199 6.1865310292112525 -25.163693021040814
0.278 -1.3145839295128088 6.177985387267938 -25.22991069739796
0.279 -1.3360624059733834 6.170078085977053 -25.296109304259254
0.28 -1.3516216803946919 6.162822614488505 -25.362686837153902
0.281 -1.3635868563420748 6.1561729919472015 -25.429982532444157
0.282 -1.3762040577126078 6.149870715674247 -25.498577711585735
0.283 -1.393043677093686 6.143757566817051 -25.56820988299139
0.284 -1.4162250666629488 6.137724359800785 -25.63822830621487
0.285 -1.446198589696873 6.131665285342692 -25.70772874842178
0.286 -1.4816327357463903 6.125501998828767 -25.775689020811114
0.287 -1.5197560458955712 6.119204748176983 -25.841122401279506
0.288 -1.5572624491009175 6.112808962992702 -25.90330587324776
0.289 -1.59148714669257 6.10641725285781 -25.961970645176752
0.29 -1.6209607950746643 6.100181323773242 -26.017370867341537
0.291 -1.6451017855598824 6.094202525316845 -26.070433024343632
0.292 -1.6638873948738526 6.08843167939397 -26.122587085477026
0.293 -1.67976168952924 6.082873451676839 -26.175293649469623
0.294 -1.6959914362016757 6.077506910569568 -26.22907444180385
0.295 -1.7147502082013226 6.072373173694942 -26.284180163683963
0.296 -1.7371999540418919 6.067449290213922 -26.340177683650325
0.297 -1.7632382950351069 6.062671141426179 -26.396171029018415
0.298 -1.7916903398803226 6.05796763677192 -26.451027685091784
0.299 -1.8209725330414521 6.0532922367975175 -26.503683323369707
0.3 -1.8496189932673064 6.048645043786266 -26.553324406087114
0.301 -1.8765835126666888 6.044083118843886 -26.599463930623017
0.302 -1.9015432107173529 6.039718377256932 -26.641971224791106
0.303 -1.9255847777968187 6.035717894141079 -26.681030987399232
0.304 -1.9505732053273201 6.032263060070413 -26.71705352645353
0.305 -1.9781330411133942 6.029502449709938 -26.750555950120106
0.306 -2.0093026052921545 6.02752996444228 -26.78203361312947
0.307 -2.044241634310514 6.026371306954374 -26.811849612079058
0.308 -2.0826233458821743 6.025904549539476 -26.84047694884344
0.309 -2.1235871291159505 6.025905071890861 -26.868079277469583
0.31 -2.1649673657623247 6.0262687467755995 -26.894243842041146
0.311 -2.2047522406273616 6.026892567642335 -26.91852445578199
0.312 -2.241660478562005 6.027696548271621 -26.940539587058353
0.313 -2.275398828897388 6.028641442028402 -26.960007383620752
0.314 -2.3066873651612436 6.029733309245216 -26.976775336211396
0.315 -2.3370216674287834 6.03101559224848 -26.99082316631128
0.316 -2.368236784855016 6.032552161114907 -27.002240794687403
0.317 -2.4019892628260515 6.034406756873409 -27.011188436621936
0.318 -2.4392936943280548 6.036624470042341 -27.01784896441042
0.319 -2.4802345105280885 6.039219622950071 -27.022383312278492
0.32 -2.5239265649606546 6.042172473344792 -27.02489785854359
0.321 -2.56873216640648 6.04543511812318 -27.025429027007878
0.322 -2.612675027699355 6.048945004757613 -27.02394590506084
0.323 -2.653940720497172 6.0526425983691965 -27.02036767873495
0.324 -2.691331795071473 6.056488375314217 -27.014590025976005
0.325 -2.724559019081841 6.060474113040215 -27.006513654058857
0.326 -2.7542943400349134 6.064624908958734 -26.99606879755444
0.327 -2.7819742846660342 6.068991203747743 -26.98323130180183
0.328 -2.809407842528957 6.073633207125255 -26.968028382331482
0.329 -2.8382931094932795 6.078602041476195 -26.95053476300349
0.33 -2.8697699887525743 6.083922708367382 -26.930861909987097
0.331 -2.9046271969437436 6.089699925350544 -26.908979568438404
0.332 -2.942605880923389 6.095969321047974 -26.88470359419896
0.333 -2.9821580016711127 6.10262474648983 -26.858162384080604
0.334 -3.0213901342048253 6.109549864378067 -26.829419548410897
0.335 -3.058547212874638 6.116635688086873 -26.798503090739167
0.336 -3.0924517858836014 6.123797105810134 -26.76543799677703
0.337 -3.1227914847539395 6.130983374091883 -26.730273689696396
0.338 -3.1501799282348006 6.138178540838496 -26.693102363139083
0.339 -3.175977522290652 6.145391831107446 -26.654065045527425
0.34 -3.201921468902742 6.1526409450513455 -26.61334541000994
0.341 -3.2296636260854816 6.1599331327422675 -26.571154307102823
0.342 -3.2603377409562837 6.167249227197615 -26.527709959574622
0.343 -3.2942683604478264 6.174534624379959 -26.48321928366746
0.344 -3.3308902186592357 6.181699884003564 -26.437865837039244
0.345 -3.3689877622499664 6.188637149819442 -26.391743535885553
0.346 -3.4071226083515156 6.195241087070087 -26.34480665305219
0.347 -3.444279871812077 6.201485728213726 -26.296905674758783
0.348 -3.4801888155175766 6.207441017321585 -26.247461322130405
0.349 -3.51438152642161 6.213055206979945 -26.196551267055387
0.35 -3.5470563081300477 6.218319844216801 -26.14394863705629
0.351 -3.578766583043807 6.223268694991361 -26.090075120950033
0.352 -3.6104166208906046 6.227919707680471 -26.035325341047752
0.353 -3.64298547349925 6.232276889401717 -25.980150300138774
0.354 -3.67726172006919 6.236316673896141 -25.924995399094435
0.355 -3.713651255607588 6.23998398385686 -25.87021806204327
0.356 -3.752180640503422 6.243198502569989 -25.815974485881043
0.357 -3.792534294665818 6.24586419701798 -25.762198866732078
0.358 -3.8341016394523058 6.2478826449748865 -25.708668995622027
0.359 -3.8761218218624762 6.2491696268723445 -25.655082256996437
0.36 -3.91794626019313 6.249687007975908 -25.601186298781197
0.361 -3.959660455331722 6.249552892449593 -25.54642314368503
0.362 -4.00101281413856 6.2487942272008326 -25.490591413863747
0.363 -4.041800703580295 6.24743081564516 -25.433869320307544
0.364 -4.082050288195639 6.245497491654405 -25.376624526827122
0.365 -4.122001699538763 6.2430332468103416 -25.319333071570036
0.366 -4.162127091665817 6.240073080815428 -25.262430452874696
0.367 -4.2030418366748865 6.236637835606558 -25.206214945948467
0.368 -4.245301670938833 6.232725656009123 -25.15082708206095
0.369 -4.289235354827952 6.228310695855917 -25.096247064444828
0.37 -4.334771631730651 6.223357370425944 -25.042289280419975
0.371 -4.380626977199319 6.217922153127795 -24.988275676334652
0.372 -4.425849171315703 6.211978449857412 -24.93370097799238
0.373 -4.469714925967754 6.205492577161806 -24.87819448864142
0.374 -4.5121010646436766 6.198561151630756 -24.82138119096742
0.375 -4.553048193851581 6.191301783669559 -24.76280947761526
0.376 -4.59245930597079 6.183766205095949 -24.702583474565706
0.377 -4.630560628623806 6.176028369281802 -24.64096285079656
0.378 -4.6678751927004924 6.168167863246708 -24.578301623687956
0.379 -4.705065314223496 6.160250241322331 -24.515003721144403
0.38 -4.742754944526125 6.152310616533448 -24.45146420085311
0.381 -4.7813668889464545 6.144343255902882 -24.38801523884323
0.382 -4.821016104847917 6.1362992835679435 -24.324886942958408
0.383 -4.8614853931946165 6.128092865327005 -24.262189284067862
0.384 -4.90228803683339 6.119614498638924 -24.199916851909073
0.385 -4.942799423325721 6.110748618384683 -24.137973554597465
0.386 -4.982422252107374 6.10139190861323 -24.076210728448736
0.387 -5.020735500310909 6.0914709071008275 -24.014466058292648
0.388 -5.057674769038958 6.080957319279101 -23.952551743437816
0.389 -5.0937651984941965 6.069909100826877 -23.89029515082645
0.39 -5.130094479574764 6.058500205927444 -23.827208011981867
0.391 -5.167236638587945 6.046792991352795 -23.763225855811097
0.392 -5.205523370417951 6.034843028441593 -23.698463607337338
0.393 -5.244997543834698 6.022695667573927 -23.633143512171408
0.394 -5.285402679634569 6.010377355447204 -23.56755374994037
0.395 -5.326247360091088 5.9978920361266646 -23.5020011483035
0.396 -5.366927978020629 5.985222698821104 -23.436765404421692
0.397 -5.406877601052532 5.972337077325442 -23.372061910159477
0.398 -5.445702720039103 5.959195693805434 -23.30801797439542
0.399 -5.48326346128378 5.945761763908784 -23.24466339008125
0.4 -5.519760289445845 5.932013193231931 -23.181892731298248
0.401 -5.5570149104832 5.918071690514211 -23.11940131605227
0.402 -5.595633734548912 5.903938121316656 -23.05686357747286
0.403 -5.634404411489996 5.889485642632643 -22.994042908127618
0.404 -5.6732437640456554 5.874727675999843 -22.930692358695833
0.405 -5.712067524107482 5.859695077809533 -22.86670433874978
0.406 -5.750929691440189 5.844507464283495 -22.801908827825116
0.407 -5.7898222127802175 5.8292592792113 -22.736202300431202
0.408 -5.8285673793037445 5.8139852070328715 -22.669829929504072
0.409 -5.866983378170423 5.798708805588447 -22.60313452963611
0.41 -5.905136726926985 5.78345808628692 -22.536478571560394
0.411 -5.943050686869261 5.7682293912864395 -22.47019413217029
0.412 -5.980555842310684 5.7529796988570325 -22.40453938961228
0.413 -6.017625237686712 5.737661741837357 -22.339611355157402
0.414 -6.05430661998907 5.722222473723434 -22.275330521074718
0.415 -6.090686532071992 5.706610891317979 -22.211481370769746
0.416 -6.126863689904385 5.690786767986189 -22.14776433052775
0.417 -6.162925192100055 5.6747286700479975 -22.08385688233452
0.418 -6.198929199513534 5.658439518430214 -22.019473084627826
0.419 -6.234894445551431 5.64194488957088 -21.95441150816766
0.42 -6.270798598846728 5.625289525688025 -21.88858483623698
0.421 -6.306584108194942 5.608530877453433 -21.822027724324716
0.422 -6.3421585600375305 5.591727086995341 -21.754901612399337
0.423 -6.377380535116127 5.574957378531799 -21.687433570799353
0.424 -6.412290298294531 5.558333473295136 -21.61961577118928
0.425 -6.446987663385567 5.541889549822059 -21.551736376811718
0.426 -6.481305049407672 5.525610883974167 -21.484074527920413
0.427 -6.515176794606196 5.509473183934432 -21.41680778099084
0.428 -6.548595116898545 5.493438941412165 -21.34999105224685
0.429 -6.581593187883993 5.47746261524081 -21.28356750495827
0.43 -6.614230410802922 5.4614975781186175 -21.21739258532679
0.431 -6.646520682873897 5.445506037900024 -21.151223524824687
0.432 -6.678347573082556 5.42946810642826 -21.08470346903934
0.433 -6.709506509313018 5.413383919842914 -21.017379361817923
0.434 -6.739825021096808 5.397270622426589 -20.94870827126848
0.435 -6.769176634635376 5.38117026400829 -20.87822354181324
0.436 -6.797513604794553 5.365143578042044 -20.805589929652875
0.437 -6.824929465937354 5.349273515568193 -20.7306245012949
0.438 -6.8516967415757515 5.333666874611296 -20.65322115216412
0.439 -6.878308654622541 5.318436227751569 -20.573259284929023
0.44 -6.904929505782455 5.303790326956715 -20.490455586856235
0.441 -6.931704650465963 5.289778901640801 -20.40463163859674
0.442 -6.959695048988689 5.276460553629747 -20.315209436774346
0.443 -6.989802680724077 5.263837376896049 -20.22166966141087
0.444 -7.022725586375138 5.251850943414496 -20.123497063012863
0.445 -7.058853764045349 5.240391081333797 -20.02025498941748
0.446 -7.09832947416875 5.2293443588635355 -19.91151254421361
0.447 -7.141067522821355 5.218602792048358 -19.796861630190424
0.448 -7.186812786425028 5.208073631098564 -19.67593581603039
0.449 -7.235218701929419 5.197686516851427 -19.548430594122284
0.45 -7.285895833965402 5.187395630427062 -19.414140881234438
0.451 -7.338518941663607 5.177182226027703 -19.272934835617377
0.452 -7.392513019166222 5.166944385696226 -19.125071884127763
0.453 -7.448175543599557 5.15688282543141 -18.969834287827638
0.454 -7.505877327594321 5.147089541852424 -18.807007237733767
0.455 -7.565425982710442 5.137615703777001 -18.636358887703707
0.456 -7.626672455490741 5.128533010162641 -18.457681495628748
0.457 -7.689492534502449 5.119946263807755 -18.27083848784632
0.458 -7.753188978213703 5.112169964436106 -18.07517660161865
0.459 -7.816567649939298 5.105024096197525 -17.871145305210597
0.46 -7.881106544857738 5.098831089114611 -17.657823801903337
0.461 -7.947219816780025 5.093498133916363 -17.435511025674817
0.462 -8.015248065930344 5.088916746753178 -17.204524580465264
0.463 -8.085262180188916 5.08495607896613 -16.965031642205094
0.464 -8.11264964078958 5.052469602667905 -16.763590615382636
0.465 -8.075443852013512 4.975022009100044 -16.62823581150326
0.466 -8.039897183676217 4.89507886238097 -16.490323335684387
0.467 -8.00461230788671 4.813086206325487 -16.349311545448856
0.468 -7.968202356897437 4.72943919236117 -16.204589654765982
0.469 -7.928880956692219 4.644659968394109 -16.05538928407537
0.47 -7.886176300805891 4.559061160627195 -15.901711443314461
0.471 -7.839936536635556 4.472894629621706 -15.743733151169366
0.472 -7.790190000772297 4.386321874614907 -15.581654307953684
0.473 -7.737137536220618 4.299387694003187 -15.41565481275505
0.474 -7.681099808122722 4.212015090633415 -15.245843441958218
0.475 -7.622360009865681 4.124033169178816 -15.07216509906715
0.476 -7.561257940048074 4.035214326981098 -14.894529222744989
0.477 -7.499761008124868 3.946988928219689 -14.716591396111433
0.478 -7.438774977096511 3.859561199300373 -14.5394105415958
0.479 -7.378044053669665 3.772134529222555 -14.361629639162356
0.48 -7.317006975832334 3.684126391111704 -14.181917073611004
0.481 -7.253767996388341 3.5954029315515896 -13.998426425977783
0.482 -7.186972235862654 3.5058197069495307 -13.809724915711307
0.483 -7.116148464739157 3.4152229238214744 -13.615101413723739
0.484 -7.041111276100793 3.3235303957224005 -13.414182947185925
0.485 -6.961928447334603 3.2306998927851964 -13.206867335826555
0.486 -6.8788647035465855 3.136702848918908 -12.993241638739907
0.487 -6.792285647954252 3.041510673728837 -12.77348205065389
0.488 -6.702390610183098 2.9451083853916344 -12.547639000975138
0.489 -6.61003898905307 2.8473392380416485 -12.316140274531573
0.49 -6.511858067547926 2.7487978338627244 -12.076741948372185
0.491 -6.4077007921998685 2.64953145765174 -11.829229875473679
0.492 -6.2976621185460715 2.549470573888158 -11.573419496933603
0.493 -6.182023070316374 2.4485146352452176 -11.309240323995244
0.494 -6.061018874037051 2.3465639985106748 -11.036574498683876
0.495 -5.934804780430221 2.243526458091722 -10.755233222564382
0.496 -5.802825917625768 2.1395407462014333 -10.464712016942986
0.497 -5.663797357877931 2.0348350485295583 -10.163924887885017
0.498 -5.518113509789934 1.9292992816755543 -9.85281513718877
0.499 -5.36555930589783 1.822747130356717 -9.53166801161143
0.5 -5.207722043501947 1.7152382211968984 -9.199742634909825
0.501 -5.043961148327175 1.6067896028344322 -8.857198778688229
0.502 -4.872877379009506 1.497735992054615 -8.502879116411698
0.503 -4.694833085324234 1.3880018166385568 -8.136668495940235
0.504 -4.510230613973842 1.2775134971612019 -7.758485247521413
0.505 -4.319626264653312 1.1662533571225282 -7.3684975128161625
0.506 -4.121086623984282 1.0547451232196963 -6.965175533453298
0.507 -3.9150344726121125 0.9429269872508357 -6.548394488362071
0.508 -3.7023931540260753 0.8306529119178236 -6.11841254859803
0.509 -3.482623349240212 0.7182249402143839 -5.67468767570432
0.51 -3.254725410195806 0.6060008194375825 -5.216213653293295
0.511 -3.019393417758777 0.4939180543381667 -4.7430641995816245
0.512 -2.7778030968700103 0.3818555677188513 -4.255763496832678
0.513 -2.5279015609198416 0.27056278257041555 -3.752701713931266
0.514 -2.271302153217638 0.1604832507540408 -3.2334552014852846
0.515 -2.0099496646057284 0.04973522763798144 -2.701060354879445
0.516 -1.7389504354625986 -0.05912318507861869 -2.151282591528137
0.517 -1.4612578210945775 -0.1667180625181004 -1.5857164768954561
0.518 -1.1778765669092408 -0.2730008336766332 -1.004948659634593
0.519 -0.8877545862243901 -0.3773004303718537 -0.40817089804077256
0.52 -0.6352702711440209 -0.4425369377556265 0.03400588553231643
0.521 -0.38051681393911774 -0.4763590913366542 0.04666365997069022
0.522 -0.12921013434625073 -0.49497266758658043 -0.03209360283462814
0.523 0.0030356771622938408 -0.46847669950122395 0.009152186806964835
0.524 0.0538341632194891 -0.41484544362261744 0.0014464476769120438
0.525 0.025160635689560416 -0.33964335142603375 0.004098605858537496
0.526 -0.04948329729379655 -0.24554903400017736 -0.004244543694916558
0.527 -0.12330637254683006 -0.13635122583765735 -0.017816242168983365
0.528 -0.14130791012022914 -0.05668778248480777 -0.04059880809041516
0.529 -0.07496965327259242 -0.039594257586031745 -0.00863352392052974
0.53 -0.013483296583017869 -0.007065902392753287 -0.002357576718836185
0.531 0.004740469670248862 0.002628986095686514 -5.68096735591439E-4
0.532 0.0021972358355059453 0.0011605083382306702 -9.665855638587573E-4
0.533 0.0021972358355059445 0.0011605083382306702 -9.665855638587573E-4
0.534 0.002197235835505953 0.0011605083382306702 -9.665855638587573E-4
0.535 0.0021972358355059557 0.0011605083382306702 -9.665855638587573E-4
0.536 0.002197235835505954 0.0011605083382306702 -9.665855638587573E-4
0.537 0.002197235835505958 0.0011605083382306702 -9.665855638587573E-4
0.538 0.0021972358355059596 0.0011605083382306702 -9.665855638587573E-4
0.539 0.002197235835505959 0.0011605083382306702 -9.665855638587573E-4
0.54 0.002197235835505968 0.0011605083382306702 -9.665855638587573E-4
0.541 0.0021972358355059713 0.0011605083382306702 -9.665855638587573E-4
0.542 0.0021972358355059787 0.0011605083382306702 -9.665855638587573E-4
0.543 0.002197235835505992 0.0011605083382306702 -9.665855638587573E-4
0.544 0.0021972358355060147 0.0011605083382306702 -9.665855638587573E-4
0.545 0.002197235835506042 0.0011605083382306702 -9.665855638587573E-4
0.546 0.0021972358355060607 0.0011605083382306702 -9.665855638587573E-4
0.547 0.0021972358355060837 0.0011605083382306702 -9.665855638587573E-4
0.548 0.002197235835506091 0.0011605083382306702 -9.665855638587573E-4
0.549 0.002197235835506087 0.0011605083382306702 -9.665855638587573E-4
0.55 0.0021972358355060876 0.0011605083382306702 -9.665855638587573E-4
