0.0 -47.9584 41.7642
0.0 -47.9584 41.7642
0.006338096930143562 -47.97391520438974 41.35597027865893
0.006338096930143562 -47.97391520438974 41.35597027865893
0.026810344922887266 -48.09870250448066 40.52279631747078
0.026810344922887266 -48.09870250448066 40.52279631747078
0.02769498112246759 -48.316918623476994 39.607398466226
0.02769498112246759 -48.316918623476994 39.607398466226
0.028565860490945373 -48.486656153411126 38.8250740587217
0.028565860490945373 -48.486656153411126 38.8250740587217
0.04283046552082811 -48.61824668164662 38.179427717707966
0.04283046552082811 -48.61824668164662 38.179427717707966
0.06281415859859069 -48.71203771797687 37.66682663634399
0.06281415859859069 -48.71203771797687 37.66682663634399
0.0893707318567269 -48.77547220016812 37.26628732618679
0.0893707318567269 -48.77547220016812 37.26628732618679
0.12357541733935783 -48.81855498608568 36.948589310674606
0.12357541733935783 -48.81855498608568 36.948589310674606
0.16215514456281468 -48.84432652342194 36.6980279735101
0.16215514456281468 -48.84432652342194 36.6980279735101
0.20275115135772737 -48.85531486843622 36.50135481462052
0.20275115135772737 -48.85531486843622 36.50135481462052
0.24679806839049442 -48.85713068949876 36.344766630977055
0.24679806839049442 -48.85713068949876 36.344766630977055
0.2935797228489012 -48.852603081157234 36.21755181056701
0.2935797228489012 -48.852603081157234 36.21755181056701
0.3414031543148826 -48.843551400660346 36.11343151115443
0.3414031543148826 -48.843551400660346 36.11343151115443
0.39241025660082507 -48.83292382374821 36.02471907884174
0.39241025660082507 -48.83292382374821 36.02471907884174
0.4473558085767645 -48.822873967117744 35.94559289665247
0.4473558085767645 -48.822873967117744 35.94559289665247
0.5055732089877784 -48.81413299994467 35.873241942118526
0.5055732089877784 -48.81413299994467 35.873241942118526
0.5657970989078431 -48.806670817484665 35.806468526825135
0.5657970989078431 -48.806670817484665 35.806468526825135
0.6261430382884356 -48.79964406250899 35.7458352301754
0.6261430382884356 -48.79964406250899 35.7458352301754
0.6883711185491518 -48.79443141203963 35.68903723302606
0.6883711185491518 -48.79443141203963 35.68903723302606
0.75195206511117 -48.79092565300568 35.63519047908928
0.75195206511117 -48.79092565300568 35.63519047908928
0.8152215294008471 -48.788224100991414 35.585372433662265
0.8152215294008471 -48.788224100991414 35.585372433662265
0.8800027962369602 -48.78751104264066 35.53772813809346
0.8800027962369602 -48.78751104264066 35.53772813809346
0.9458018751942098 -48.78858274142088 35.491803443842414
0.9458018751942098 -48.78858274142088 35.491803443842414
1.0109816534876583 -48.79044188646025 35.448963414324275
1.0109816534876583 -48.79044188646025 35.448963414324275
1.0773783063842362 -48.794196881911304 35.407622161183134
1.0773783063842362 -48.794196881911304 35.407622161183134
1.1445165799547692 -48.799600392429106 35.36749813845219
1.1445165799547692 -48.799600392429106 35.36749813845219
1.2107826639356505 -48.80564341776949 35.33006650258058
1.2107826639356505 -48.80564341776949 35.33006650258058
1.2805232374186573 -48.81462343828025 35.29190926426293
1.2805232374186573 -48.81462343828025 35.29190926426293
1.3540748737418462 -48.82687752914466 35.251502053423756
1.3540748737418462 -48.82687752914466 35.251502053423756
1.4295387383276479 -48.84134354389189 35.21081684263823
1.4295387383276479 -48.84134354389189 35.21081684263823
1.5017659403114574 -48.856963655553656 35.17151167890152
1.5017659403114574 -48.856963655553656 35.17151167890152
1.5658472688606224 -48.87242570669445 35.13591310780828
1.5658472688606224 -48.87242570669445 35.13591310780828
1.6210256299440597 -48.887424264415635 35.10457963873425
1.6210256299440597 -48.887424264415635 35.10457963873425
1.6677021258957287 -48.90204181432418 35.07715087733371
1.6677021258957287 -48.90204181432418 35.07715087733371
1.706521198899063 -48.91648047688956 35.05290631424535
1.706521198899063 -48.91648047688956 35.05290631424535
1.7369060023665261 -48.932314981457196 35.02924229066374
1.7369060023665261 -48.932314981457196 35.02924229066374
1.7668991916716477 -48.94953801562181 35.005329069167075
1.7668991916716477 -48.94953801562181 35.005329069167075
1.8038186536077656 -48.967276359409134 34.982305092560004
1.8038186536077656 -48.967276359409134 34.982305092560004
1.8490234820901552 -48.98521892099462 34.96066300774285
1.8490234820901552 -48.98521892099462 34.96066300774285
1.9022544883608794 -49.00321788130986 34.940560709140534
1.9022544883608794 -49.00321788130986 34.940560709140534
1.962869996602557 -49.02118979438324 34.92200227816994
1.962869996602557 -49.02118979438324 34.92200227816994
2.0415677196455113 -49.04335620000046 34.89852883232135
2.0415677196455113 -49.04335620000046 34.89852883232135
2.131297509210607 -49.07059378053048 34.86729476216833
2.131297509210607 -49.07059378053048 34.86729476216833
2.2150023181469365 -49.09827727962039 34.83627405823048
2.2150023181469365 -49.09827727962039 34.83627405823048
2.2883026274450473 -49.12474556082509 34.809284411656364
2.2883026274450473 -49.12474556082509 34.809284411656364
2.3507412469252094 -49.149620118519344 34.78729308883791
2.3507412469252094 -49.149620118519344 34.78729308883791
2.40299996183891 -49.173083383985976 34.76985797446785
2.40299996183891 -49.173083383985976 34.76985797446785
2.4447673255772715 -49.19680866156879 34.75422912120051
2.4447673255772715 -49.19680866156879 34.75422912120051
2.4772354975926176 -49.220987772858116 34.73931279278157
2.4772354975926176 -49.220987772858116 34.73931279278157
2.50213535825889 -49.244969594057075 34.72593910240088
2.50213535825889 -49.244969594057075 34.72593910240088
2.520434494676831 -49.26868696005995 34.71419900721085
2.520434494676831 -49.26868696005995 34.71419900721085
2.5328535192514003 -49.292243423093026 34.70382593804224
2.5328535192514003 -49.292243423093026 34.70382593804224
2.5472250844427604 -49.31579042271741 34.694268664027504
2.5472250844427604 -49.31579042271741 34.694268664027504
2.5700563974277513 -49.33946685602195 34.684964585820126
2.5700563974277513 -49.33946685602195 34.684964585820126
2.6024436836027354 -49.363271682665065 34.67573835056804
2.6024436836027354 -49.363271682665065 34.67573835056804
2.6448248578954203 -49.387552132072194 34.66603889647364
2.6448248578954203 -49.387552132072194 34.66603889647364
2.706006328602209 -49.417413319025755 34.64758653638875
2.706006328602209 -49.417413319025755 34.64758653638875
2.7854056229625286 -49.45088374431262 34.622588754030616
2.7854056229625286 -49.45088374431262 34.622588754030616
2.8766543789519368 -49.48486643370275 34.596640743507145
2.8766543789519368 -49.48486643370275 34.596640743507145
2.9730018533600893 -49.517109832337866 34.57433232640895
2.9730018533600893 -49.517109832337866 34.57433232640895
3.072170413730605 -49.546892168425444 34.55726021164732
3.072170413730605 -49.546892168425444 34.55726021164732
3.1660977969643467 -49.574171506077526 34.545606412257264
3.1660977969643467 -49.574171506077526 34.545606412257264
3.2484361154266748 -49.599196630486404 34.53889546500449
3.2484361154266748 -49.599196630486404 34.53889546500449
3.318450393983982 -49.62244933820704 34.53605952991593
3.318450393983982 -49.62244933820704 34.53605952991593
3.37698128889738 -49.64448411126255 34.535843803105
3.37698128889738 -49.64448411126255 34.535843803105
3.4251983511470634 -49.665809142545314 34.53710347715578
3.4251983511470634 -49.665809142545314 34.53710347715578
3.4671626035809804 -49.68838639908376 34.53663539355069
3.4671626035809804 -49.68838639908376 34.53663539355069
3.5126020060112615 -49.71726661516132 34.525436586144565
3.5126020060112615 -49.71726661516132 34.525436586144565
3.5538958530178566 -49.74800010574344 34.51018700720994
3.5538958530178566 -49.74800010574344 34.51018700720994
3.5863968145972582 -49.779422823497114 34.494387673536124
3.5863968145972582 -49.779422823497114 34.494387673536124
3.609786544330878 -49.81057544892129 34.47993721196109
3.609786544330878 -49.81057544892129 34.47993721196109
3.6253678432055447 -49.84049692751707 34.468593060424155
3.6253678432055447 -49.84049692751707 34.468593060424155
3.6414812120986637 -49.869196630625666 34.4601244156468
3.6414812120986637 -49.869196630625666 34.4601244156468
3.665216976328368 -49.8970137653229 34.453488232275475
3.665216976328368 -49.8970137653229 34.453488232275475
3.698031946781728 -49.924161052670094 34.44797434335634
3.698031946781728 -49.924161052670094 34.44797434335634
3.7396737679262 -49.95068552225979 34.44327805219976
3.7396737679262 -49.95068552225979 34.44327805219976
3.7894162997043406 -49.976540368873074 34.43934482956234
3.7894162997043406 -49.976540368873074 34.43934482956234
3.8464517118082813 -50.00164362238686 34.436225456130934
3.8464517118082813 -50.00164362238686 34.436225456130934
3.9100110936288313 -50.025913876377075 34.433989009603394
3.9100110936288313 -50.025913876377075 34.433989009603394
3.979395527985044 -50.04928466595989 34.43268132722155
3.979395527985044 -50.04928466595989 34.43268132722155
4.053982110582895 -50.071709407087816 34.432313637353886
4.053982110582895 -50.071709407087816 34.432313637353886
4.12800061588492 -50.094241292361325 34.43156340159323
4.12800061588492 -50.094241292361325 34.43156340159323
4.205207656547609 -50.124228265107085 34.41863861465252
4.205207656547609 -50.124228265107085 34.41863861465252
4.275552430078206 -50.156704124130485 34.40037310230246
4.275552430078206 -50.156704124130485 34.40037310230246
4.334691636950547 -50.18774220726895 34.38464863763245
4.334691636950547 -50.18774220726895 34.38464863763245
4.3820046490414075 -50.216226545694006 34.374287876202104
4.3820046490414075 -50.216226545694006 34.374287876202104
4.418341198358855 -50.242267296799994 34.36925150379364
4.418341198358855 -50.242267296799994 34.36925150379364
4.4450240239456935 -50.266451717189476 34.368286615437036
4.4450240239456935 -50.266451717189476 34.368286615437036
4.4634057618241 -50.289452931155466 34.36987541668805
4.4634057618241 -50.289452931155466 34.36987541668805
4.474690795185476 -50.311856913746595 34.372692931670066
4.474690795185476 -50.311856913746595 34.372692931670066
4.479880872026194 -50.33410083184953 34.375762095269394
4.479880872026194 -50.33410083184953 34.375762095269394
4.487230989397444 -50.35652422306549 34.37806281155848
4.487230989397444 -50.35652422306549 34.37806281155848
4.503726025797096 -50.379365277504476 34.378771535312666
4.503726025797096 -50.379365277504476 34.378771535312666
4.530558283326213 -50.40253871619698 34.37790500783222
4.530558283326213 -50.40253871619698 34.37790500783222
4.57322545105686 -50.426888641366055 34.37414124157257
4.57322545105686 -50.426888641366055 34.37414124157257
4.629818840376891 -50.45188811556299 34.36805523701472
4.629818840376891 -50.45188811556299 34.36805523701472
4.694520548420373 -50.476130669667214 34.362327077118174
4.694520548420373 -50.476130669667214 34.362327077118174
4.765397844803664 -50.499185529527715 34.358073616736746
4.765397844803664 -50.499185529527715 34.358073616736746
4.855397238967788 -50.52810480990052 34.34398607550731
4.855397238967788 -50.52810480990052 34.34398607550731
4.950136952165784 -50.55945576162868 34.32422115188652
4.950136952165784 -50.55945576162868 34.32422115188652
5.034293265958809 -50.58855886424843 34.308148755184874
5.034293265958809 -50.58855886424843 34.308148755184874
5.103974671476593 -50.61401119063188 34.29932801092965
5.103974671476593 -50.61401119063188 34.29932801092965
5.159461289992931 -50.63603182315026 34.29760314933806
5.159461289992931 -50.63603182315026 34.29760314933806
5.202393451916654 -50.65550494478895 34.301157061584775
5.202393451916654 -50.65550494478895 34.301157061584775
5.234652672131219 -50.67342663242423 34.307814739499456
5.234652672131219 -50.67342663242423 34.307814739499456
5.2579467993271685 -50.69064850061089 34.31570230625303
5.2579467993271685 -50.69064850061089 34.31570230625303
5.2736782885540565 -50.70778899434046 34.32347245386551
5.2736782885540565 -50.70778899434046 34.32347245386551
5.282938002642011 -50.72524506426953 34.330301564937464
5.282938002642011 -50.72524506426953 34.330301564937464
5.286563061359315 -50.743235651637725 34.33578082886011
5.286563061359315 -50.743235651637725 34.33578082886011
5.285206175260132 -50.76185696779159 34.33978693235672
5.285206175260132 -50.76185696779159 34.33978693235672
5.279386847787587 -50.78112923736274 34.34236758707809
5.279386847787587 -50.78112923736274 34.34236758707809
5.277050389658777 -50.80108478347221 34.34319545727929
5.277050389658777 -50.80108478347221 34.34319545727929
5.285016629951446 -50.821754329691785 34.341883791746454
5.285016629951446 -50.821754329691785 34.341883791746454
5.310374133640895 -50.84395424427109 34.33699869629184
5.310374133640895 -50.84395424427109 34.33699869629184
5.3514799359450995 -50.86707791666408 34.32926151419846
5.3514799359450995 -50.86707791666408 34.32926151419846
5.402253761601582 -50.889587452874615 34.3216417100209
5.402253761601582 -50.889587452874615 34.3216417100209
5.465510696092586 -50.91350088538359 34.311559540148025
5.465510696092586 -50.91350088538359 34.311559540148025
5.551006189516411 -50.94412326817037 34.28918700470159
5.551006189516411 -50.94412326817037 34.28918700470159
5.645168559445221 -50.97453836424565 34.26554049493615
5.645168559445221 -50.97453836424565 34.26554049493615
5.741288096014053 -51.00134513507727 34.24783922658076
5.741288096014053 -51.00134513507727 34.24783922658076
5.829546615267328 -51.023556451139555 34.238844531374596
5.829546615267328 -51.023556451139555 34.238844531374596
5.903118479642536 -51.04138720432389 34.23861224241443
5.903118479642536 -51.04138720432389 34.23861224241443
5.961832009389216 -51.055853077983315 34.2451683642193
5.961832009389216 -51.055853077983315 34.2451683642193
6.007508650523333 -51.06822873783169 34.25582599074629
6.007508650523333 -51.06822873783169 34.25582599074629
6.0422726250924566 -51.079666789444985 34.26810739448629
6.0422726250924566 -51.079666789444985 34.26810739448629
6.067973226656925 -51.0910306063404 34.280165021076186
6.067973226656925 -51.0910306063404 34.280165021076186
6.08605485272951 -51.10287616833448 34.29085048936609
6.08605485272951 -51.10287616833448 34.29085048936609
6.0975974819713725 -51.115503676877196 34.29959950021066
6.0975974819713725 -51.115503676877196 34.29959950021066
6.1034024591086675 -51.12903447518924 34.306258625379634
6.1034024591086675 -51.12903447518924 34.306258625379634
6.104077716790135 -51.143480536986466 34.310920745034615
6.104077716790135 -51.143480536986466 34.310920745034615
6.100108568692196 -51.158798144661695 34.3137990219935
6.100108568692196 -51.158798144661695 34.3137990219935
6.091905358378684 -51.174922158437546 34.31514344475595
6.091905358378684 -51.174922158437546 34.31514344475595
6.087420549809098 -51.19184114224394 34.314663355756295
6.087420549809098 -51.19184114224394 34.314663355756295
6.093547157099423 -51.209563169426396 34.31194529030303
6.093547157099423 -51.209563169426396 34.31194529030303
6.111233746559409 -51.22777308036288 34.3074408740074
6.111233746559409 -51.22777308036288 34.3074408740074
6.139562287286337 -51.245955790330285 34.302112405345596
6.139562287286337 -51.245955790330285 34.302112405345596
6.182070081104898 -51.266066057376634 34.2931705621439
6.182070081104898 -51.266066057376634 34.2931705621439
6.250939353502201 -51.29440028620347 34.26912910145696
6.250939353502201 -51.29440028620347 34.26912910145696
6.337733607887817 -51.324473348873624 34.24008613864851
6.337733607887817 -51.324473348873624 34.24008613864851
6.433373829838823 -51.35191601147352 34.21477803531246
6.433373829838823 -51.35191601147352 34.21477803531246
6.529778416784972 -51.374303972809024 34.19849674286547
6.529778416784972 -51.374303972809024 34.19849674286547
6.61708112123145 -51.39130048769253 34.19262082821679
6.61708112123145 -51.39130048769253 34.19262082821679
6.688753861696058 -51.40359673601245 34.19622015874764
6.688753861696058 -51.40359673601245 34.19622015874764
6.745073869308123 -51.41256972367464 34.20656873175529
6.745073869308123 -51.41256972367464 34.20656873175529
6.7882831139459325 -51.41974054367665 34.220472177055676
6.7882831139459325 -51.41974054367665 34.220472177055676
6.820791486005589 -51.426390471413804 34.2351945950163
6.820791486005589 -51.426390471413804 34.2351945950163
6.844586545228447 -51.43341510871118 34.24883955747275
6.844586545228447 -51.43341510871118 34.24883955747275
6.861137795256948 -51.44133535949407 34.26034962946167
6.861137795256948 -51.44133535949407 34.26034962946167
6.871478914825575 -51.45038414418536 34.26932139667122
6.871478914825575 -51.45038414418536 34.26932139667122
6.876331981851299 -51.46060774458376 34.27577591056302
6.876331981851299 -51.46060774458376 34.27577591056302
6.876224938519091 -51.47195219897508 34.27995898980538
6.876224938519091 -51.47195219897508 34.27995898980538
6.871578259240258 -51.48432295344692 34.28219868709117
6.871578259240258 -51.48432295344692 34.28219868709117
6.862755509863325 -51.49762128997261 34.282821047411055
6.862755509863325 -51.49762128997261 34.282821047411055
6.857754725955801 -51.51181862192602 34.2815113648872
6.857754725955801 -51.51181862192602 34.2815113648872
6.863566555933023 -51.52691038641857 34.27780773041537
6.863566555933023 -51.52691038641857 34.27780773041537
6.881104312171389 -51.542525948401746 34.272233303719204
6.881104312171389 -51.542525948401746 34.272233303719204
6.9093294343404335 -51.55807176107522 34.265890019461054
6.9093294343404335 -51.55807176107522 34.265890019461054
6.954658081414052 -51.57689973909486 34.25370019042374
6.954658081414052 -51.57689973909486 34.25370019042374
7.026602081499534 -51.603742475908255 34.22616220406418
7.026602081499534 -51.603742475908255 34.22616220406418
7.108607171861125 -51.630214134813244 34.197369702053436
7.108607171861125 -51.630214134813244 34.197369702053436
7.192467446458413 -51.652292321355205 34.17601838442777
7.192467446458413 -51.652292321355205 34.17601838442777
7.2754905204483205 -51.66893972055855 34.16470829545288
7.2754905204483205 -51.66893972055855 34.16470829545288
7.3498840667045595 -51.68058538633774 34.16315358789995
7.3498840667045595 -51.68058538633774 34.16315358789995
7.408218150916059 -51.68906968000254 34.16869952496408
7.408218150916059 -51.68906968000254 34.16869952496408
7.451185886668596 -51.695676457358516 34.17850374704695
7.451185886668596 -51.695676457358516 34.17850374704695
7.482102371167912 -51.70122607692506 34.190525203121105
7.482102371167912 -51.70122607692506 34.190525203121105
7.503548859457358 -51.70668337460814 34.202721812421444
7.503548859457358 -51.70668337460814 34.202721812421444
7.517436065684042 -51.71276812418171 34.2136002503309
7.517436065684042 -51.71276812418171 34.2136002503309
7.52510264942684 -51.71989513168339 34.22233561114174
7.52510264942684 -51.71989513168339 34.22233561114174
7.527449914248587 -51.728230923842204 34.22865450855327
7.527449914248587 -51.728230923842204 34.22865450855327
7.525078369271161 -51.73778173274186 34.232645481235444
7.525078369271161 -51.73778173274186 34.232645481235444
7.518411318964833 -51.7484709374093 34.2345815724024
7.518411318964833 -51.7484709374093 34.2345815724024
7.507784198866432 -51.760193236929574 34.234792042044994
7.507784198866432 -51.760193236929574 34.234792042044994
7.5012380593357 -51.77291043423222 34.23292507097686
7.5012380593357 -51.77291043423222 34.23292507097686
7.505843797287621 -51.78660367803618 34.2284830081924
7.505843797287621 -51.78660367803618 34.2284830081924
7.522452124271474 -51.800841475043875 34.22207683061392
7.522452124271474 -51.800841475043875 34.22207683061392
7.549877478322255 -51.81494667562715 34.21496002998295
7.549877478322255 -51.81494667562715 34.21496002998295
7.586505070331219 -51.828262537956284 34.20841266255692
7.586505070331219 -51.828262537956284 34.20841266255692
7.630876196853711 -51.840302025620474 34.203382379351446
7.630876196853711 -51.840302025620474 34.203382379351446
7.682200942851851 -51.85095309609614 34.20012736099326
7.682200942851851 -51.85095309609614 34.20012736099326
7.758383103952302 -51.86924515853159 34.18346916250636
7.758383103952302 -51.86924515853159 34.18346916250636
7.844151981062686 -51.891251540724234 34.158164919774435
7.844151981062686 -51.891251540724234 34.158164919774435
7.918422184186388 -51.90996565508179 34.13841323357971
7.918422184186388 -51.90996565508179 34.13841323357971
7.97509307887965 -51.92330035065695 34.12963698206988
7.97509307887965 -51.92330035065695 34.12963698206988
8.014790200326445 -51.93191439245575 34.1310999560621
8.014790200326445 -51.93191439245575 34.1310999560621
8.04061328546482 -51.93757035085133 34.139304681399985
8.04061328546482 -51.93757035085133 34.139304681399985
8.055969619118505 -51.942083784046076 34.150388435103956
8.055969619118505 -51.942083784046076 34.150388435103956
8.063642999916645 -51.94683433011689 34.161346894462326
8.063642999916645 -51.94683433011689 34.161346894462326
8.063913254898775 -51.95342901347097 34.16941559085929
8.063913254898775 -51.95342901347097 34.16941559085929
8.058147086267596 -51.962083599651564 34.173849954163316
8.058147086267596 -51.962083599651564 34.173849954163316
8.04809187653611 -51.97225927452525 34.1754997638281
8.04809187653611 -51.97225927452525 34.1754997638281
8.03437176515577 -51.98366051278672 34.17506668308421
8.03437176515577 -51.98366051278672 34.17506668308421
8.025104063636084 -51.9961509362906 34.172371423626075
8.025104063636084 -51.9961509362906 34.172371423626075
8.027417589472098 -52.00965694189235 34.16698828552934
8.027417589472098 -52.00965694189235 34.16698828552934
8.042077540950682 -52.02367144607124 34.15965349392166
8.042077540950682 -52.02367144607124 34.15965349392166
8.067736799911222 -52.03743576112215 34.15176984612276
8.067736799911222 -52.03743576112215 34.15176984612276
8.102629632465923 -52.050233611332885 34.144730729831615
8.102629632465923 -52.050233611332885 34.144730729831615
8.145204135265857 -52.061554084904934 34.13952982170278
8.145204135265857 -52.061554084904934 34.13952982170278
8.19428404391125 -52.07112218128424 34.13666465090628
8.19428404391125 -52.07112218128424 34.13666465090628
8.249034765162762 -52.07885462624885 34.13621934399924
8.249034765162762 -52.07885462624885 34.13621934399924
8.30886699203385 -52.084789924505834 34.13801189081595
8.30886699203385 -52.084789924505834 34.13801189081595
8.365515581116732 -52.08896856744812 34.14246360246947
8.365515581116732 -52.08896856744812 34.14246360246947
8.410029206200994 -52.0922135782019 34.14916706032878
8.410029206200994 -52.0922135782019 34.14916706032878
8.441790387657374 -52.09494135668317 34.15734177417741
8.441790387657374 -52.09494135668317 34.15734177417741
8.4615989437285 -52.09815914088198 34.16540680420534
8.4615989437285 -52.09815914088198 34.16540680420534
8.47172934245831 -52.102333241774474 34.17219744976054
8.47172934245831 -52.102333241774474 34.17219744976054
8.47326449362782 -52.10816888597886 34.17663724481572
8.47326449362782 -52.10816888597886 34.17663724481572
8.467892695097948 -52.11567803822672 34.17847723989399
8.467892695097948 -52.11567803822672 34.17847723989399
8.455970164444368 -52.125141759533 34.17753646148228
8.455970164444368 -52.125141759533 34.17753646148228
8.43859149090618 -52.13626895639492 34.17421938778106
8.43859149090618 -52.13626895639492 34.17421938778106
8.441675645412442 -52.154317891113266 34.15904090234018
8.441675645412442 -52.154317891113266 34.15904090234018
8.482591248162404 -52.183539857675484 34.121654956940986
8.482591248162404 -52.183539857675484 34.121654956940986
8.544765034698699 -52.21376513974516 34.079729292532186
8.544765034698699 -52.21376513974516 34.079729292532186
8.615589146739808 -52.23927662507314 34.045352276651926
8.615589146739808 -52.23927662507314 34.045352276651926
8.691769393013193 -52.25825232012944 34.02301858094058
8.691769393013193 -52.25825232012944 34.02301858094058
8.770782845579946 -52.27078117154754 34.01257312725692
8.770782845579946 -52.27078117154754 34.01257312725692
8.854845211648126 -52.27815045261723 34.01132037294282
8.854845211648126 -52.27815045261723 34.01132037294282
8.935632461767106 -52.28147640289193 34.017135799264175
8.935632461767106 -52.28147640289193 34.017135799264175
9.000516884818325 -52.28182567150757 34.029070741346665
9.000516884818325 -52.28182567150757 34.029070741346665
9.048996984791449 -52.279983167449366 34.045480997518474
9.048996984791449 -52.279983167449366 34.045480997518474
9.083558878744784 -52.277063665470955 34.06430418459394
9.083558878744784 -52.277063665470955 34.06430418459394
9.107019686358722 -52.27480423024617 34.08206577817495
9.107019686358722 -52.27480423024617 34.08206577817495
9.1211144495981 -52.27454991068629 34.09630280878055
9.1211144495981 -52.27454991068629 34.09630280878055
9.12791328512592 -52.27654066846803 34.10627746424997
9.12791328512592 -52.27654066846803 34.10627746424997
9.127833430724493 -52.28101905963099 34.11189404844051
9.127833430724493 -52.28101905963099 34.11189404844051
9.121878338732706 -52.28757799942234 34.113873834057166
9.121878338732706 -52.28757799942234 34.113873834057166
9.11943904449285 -52.295602919309935 34.112699877898216
9.11943904449285 -52.295602919309935 34.112699877898216
9.13406661456201 -52.30560867710668 34.10661879341096
9.13406661456201 -52.30560867710668 34.10661879341096
9.165714718196977 -52.316777886600896 34.096618069177566
9.165714718196977 -52.316777886600896 34.096618069177566
9.21362652704253 -52.32791452222497 34.085008429561775
9.21362652704253 -52.32791452222497 34.085008429561775
9.267397998071601 -52.33844026028545 34.073864687940855
9.267397998071601 -52.33844026028545 34.073864687940855
9.333679475837165 -52.35774268201513 34.04827159439212
9.333679475837165 -52.35774268201513 34.04827159439212
9.39554140979573 -52.37839925092599 34.01938099788732
9.39554140979573 -52.37839925092599 34.01938099788732
9.439019576944009 -52.39466228233974 33.99972598588879
9.439019576944009 -52.39466228233974 33.99972598588879
9.462386193797123 -52.40550787201981 33.99232790673733
9.462386193797123 -52.40550787201981 33.99232790673733
9.468295241324853 -52.41283409430844 33.994067918670844
9.468295241324853 -52.41283409430844 33.994067918670844
9.461943658096313 -52.41877055446784 34.00026994196576
9.461943658096313 -52.41877055446784 34.00026994196576
9.446947859721925 -52.42545835835221 34.006563086525375
9.446947859721925 -52.42545835835221 34.006563086525375
9.426584143935582 -52.43384565788877 34.010494846952874
9.426584143935582 -52.43384565788877 34.010494846952874
9.417669494156454 -52.444789930589174 34.00910042807893
9.417669494156454 -52.444789930589174 34.00910042807893
9.42733959220525 -52.45809527133366 34.001560304222224
9.42733959220525 -52.45809527133366 34.001560304222224
9.456692005582283 -52.47261580876099 33.98978177693151
9.456692005582283 -52.47261580876099 33.98978177693151
9.500951122151992 -52.486554924193456 33.97712771341088
9.500951122151992 -52.486554924193456 33.97712771341088
9.558117290284148 -52.498575981863866 33.96640594539368
9.558117290284148 -52.498575981863866 33.96640594539368
9.624067802622505 -52.50769688462829 33.95951736788798
9.624067802622505 -52.50769688462829 33.95951736788798
9.682758174289393 -52.513498832277506 33.95878874194786
9.682758174289393 -52.513498832277506 33.95878874194786
9.7257375113619 -52.51592463667393 33.96515751998536
9.7257375113619 -52.51592463667393 33.96515751998536
9.752529098649084 -52.51643232640999 33.97641466764201
9.752529098649084 -52.51643232640999 33.97641466764201
9.766627242903503 -52.51649534659886 33.989416987993266
9.766627242903503 -52.51649534659886 33.989416987993266
9.770718516605626 -52.51773511862019 34.001067778969
9.770718516605626 -52.51773511862019 34.001067778969
9.76770084791005 -52.52082084775211 34.00967110183404
9.76770084791005 -52.52082084775211 34.00967110183404
9.760310193836348 -52.52567974961369 34.01506426470083
9.760310193836348 -52.52567974961369 34.01506426470083
9.747712760202607 -52.532799478670086 34.01684613352015
9.747712760202607 -52.532799478670086 34.01684613352015
9.738329601987353 -52.54192757495401 34.01469831294429
9.738329601987353 -52.54192757495401 34.01469831294429
9.74660987139519 -52.55316041960235 34.007262690617274
9.74660987139519 -52.55316041960235 34.007262690617274
9.772504673137513 -52.56543767642438 33.99595724691165
9.772504673137513 -52.56543767642438 33.99595724691165
9.81486283899923 -52.57732370099558 33.983535117556215
9.81486283899923 -52.57732370099558 33.983535117556215
9.868892966512671 -52.5873110494029 33.972911057342806
9.868892966512671 -52.5873110494029 33.972911057342806
9.933384772305644 -52.59457255007237 33.96585717563007
9.933384772305644 -52.59457255007237 33.96585717563007
10.007880995345117 -52.603471612072916 33.95587395846206
10.007880995345117 -52.603471612072916 33.95587395846206
10.09203317324275 -52.61981782859277 33.93201548536648
10.09203317324275 -52.61981782859277 33.93201548536648
10.1618649813065 -52.6334475964109 33.91243070205262
10.1618649813065 -52.6334475964109 33.91243070205262
10.208029782166314 -52.6411238332202 33.90552194473521
10.208029782166314 -52.6411238332202 33.90552194473521
10.23236790744241 -52.64363234577948 33.91055119534281
10.23236790744241 -52.64363234577948 33.91055119534281
10.239772828375816 -52.64386651368429 33.9221289959131
10.239772828375816 -52.64386651368429 33.9221289959131
10.236413797867023 -52.64426165009651 33.93481092446404
10.236413797867023 -52.64426165009651 33.93481092446404
10.225879088882644 -52.64674303085995 33.94459690988008
10.225879088882644 -52.64674303085995 33.94459690988008
10.210906195245254 -52.65184623630275 33.94992919531827
10.210906195245254 -52.65184623630275 33.94992919531827
10.199765052886223 -52.65985805631857 33.94967035130808
10.199765052886223 -52.65985805631857 33.94967035130808
10.200044567577798 -52.67025372645074 33.94380936781545
10.200044567577798 -52.67025372645074 33.94380936781545
10.219157947420246 -52.68222174805716 33.93314482420718
10.219157947420246 -52.68222174805716 33.93314482420718
10.254317552265896 -52.69414379403657 33.92048870348766
10.254317552265896 -52.69414379403657 33.92048870348766
10.303628035727836 -52.70450768295775 33.908880862796096
10.303628035727836 -52.70450768295775 33.908880862796096
10.362563803476785 -52.712090530323216 33.90073920566871
10.362563803476785 -52.712090530323216 33.90073920566871
10.414484680328698 -52.71626299023141 33.89898047753114
10.414484680328698 -52.71626299023141 33.89898047753114
10.450686684475812 -52.71696102043285 33.90474702414763
10.450686684475812 -52.71696102043285 33.90474702414763
10.472810981087328 -52.715223409303135 33.91618557568178
10.472810981087328 -52.715223409303135 33.91618557568178
10.482618775761505 -52.713369964464064 33.92917047980157
10.482618775761505 -52.713369964464064 33.92917047980157
10.483758074487886 -52.712794252280354 33.94053990791432
10.483758074487886 -52.712794252280354 33.94053990791432
10.478042090444552 -52.71456465450583 33.94825300216041
10.478042090444552 -52.71456465450583 33.94825300216041
10.467263187610447 -52.71875183374728 33.95189176084919
10.467263187610447 -52.71875183374728 33.95189176084919
10.451388656649168 -52.72540563750131 33.951668967556614
10.451388656649168 -52.72540563750131 33.951668967556614
10.439038092427914 -52.734115859133965 33.94752227703927
10.439038092427914 -52.734115859133965 33.94752227703927
10.444747020296322 -52.74484909710989 33.938178385427236
10.444747020296322 -52.74484909710989 33.938178385427236
10.468280717239189 -52.75641628719827 33.92527099140471
10.468280717239189 -52.75641628719827 33.92527099140471
10.508104547575522 -52.767216162631954 33.9118452148663
10.508104547575522 -52.767216162631954 33.9118452148663
10.55919930067377 -52.775695141284366 33.90095568344452
10.55919930067377 -52.775695141284366 33.90095568344452
10.620276569055303 -52.78103894365591 33.8943435360527
10.620276569055303 -52.78103894365591 33.8943435360527
10.68026778862847 -52.782831434692504 33.89356721716141
10.68026778862847 -52.782831434692504 33.89356721716141
10.724796218693378 -52.78124559639375 33.90004712072823
10.724796218693378 -52.78124559639375 33.90004712072823
10.753022749366174 -52.77734250088364 33.91213521439764
10.753022749366174 -52.77734250088364 33.91213521439764
10.767505252881417 -52.773182421900614 33.926086822961324
10.767505252881417 -52.773182421900614 33.926086822961324
10.772467512645681 -52.7702402623688 33.93859938822914
10.772467512645681 -52.7702402623688 33.93859938822914
10.770115177561006 -52.76969184145799 33.94739755136784
10.770115177561006 -52.76969184145799 33.94739755136784
10.762476507326685 -52.77168413734429 33.95190501983065
10.762476507326685 -52.77168413734429 33.95190501983065
10.75758699504702 -52.776337441557025 33.95135255392047
10.75758699504702 -52.776337441557025 33.95135255392047
10.763075685773218 -52.7831168506417 33.94572834699204
10.763180986526319 -52.783189706296916 33.94565543248332
10.786413027435158 -52.791204741390835 33.935745608959365
10.786413027435158 -52.791204741390835 33.935745608959365
10.845385001848998 -52.80820538980981 33.908040885272264
10.845385001848998 -52.80820538980981 33.908040885272264
10.929487051119203 -52.83120032729495 33.86572362693718
10.929487051119203 -52.83120032729495 33.86572362693718
11.003842466566963 -52.84828335249002 33.83302975565139
11.003842466566963 -52.84828335249002 33.83302975565139
11.052625009978534 -52.85546036269785 33.82079261876913
11.052625009978534 -52.85546036269785 33.82079261876913
11.074870183389983 -52.85511649091963 33.82625978003885
11.074870183389983 -52.85511649091963 33.82625978003885
11.078479536448015 -52.85132525250812 33.84118206877082
11.078479536448015 -52.85132525250812 33.84118206877082
11.070917750009212 -52.8481211544855 33.8570808562161
11.070917750009212 -52.8481211544855 33.8570808562161
11.058161823160141 -52.84765305141273 33.868742940845976
11.058161823160141 -52.84765305141273 33.868742940845976
11.042114363356808 -52.85085010702857 33.874113816748306
11.042114363356808 -52.85085010702857 33.874113816748306
11.02358644008013 -52.85724395722664 33.87382188556141
11.02358644008013 -52.85724395722664 33.87382188556141
11.017507771226754 -52.866450184846435 33.86730477600141
11.017507771226754 -52.866450184846435 33.86730477600141
11.029779010174668 -52.87746888085466 33.85535164802434
11.029779010174668 -52.87746888085466 33.85535164802434
11.06033212018206 -52.888568470176175 33.841014439530646
11.06033212018206 -52.888568470176175 33.841014439530646
11.103786109728976 -52.89780506366788 33.8280897308156
11.103786109728976 -52.89780506366788 33.8280897308156
11.158019428877326 -52.90392921113379 33.81921622837094
11.158019428877326 -52.90392921113379 33.81921622837094
11.219404798819125 -52.906340972810156 33.81560977387782
11.219404798819125 -52.906340972810156 33.81560977387782
11.272206689937892 -52.90502270019019 33.81904522714178
11.272206689937892 -52.90502270019019 33.81904522714178
11.308609943696467 -52.90045769324191 33.829662987640134
11.308609943696467 -52.90045769324191 33.829662987640134
11.329174137784094 -52.89459272855955 33.84428261348878
11.329174137784094 -52.89459272855955 33.84428261348878
11.338364486749557 -52.8892684938844 33.858997592809764
11.338364486749557 -52.8892684938844 33.858997592809764
11.33925092339062 -52.88611958288416 33.87056234476327
11.33925092339062 -52.88611958288416 33.87056234476327
11.334583719506327 -52.88564101300673 33.87762500230333
11.334583719506327 -52.88564101300673 33.87762500230333
11.32474489599409 -52.888021613208956 33.88001800172794
11.32474489599409 -52.888021613208956 33.88001800172794
11.318470241713069 -52.89282156021693 33.87763861145467
11.318470241713069 -52.89282156021693 33.87763861145467
11.33022653034872 -52.899801305490115 33.8694022711774
11.33022653034872 -52.899801305490115 33.8694022711774
11.359366451767416 -52.90752321939758 33.85742027950903
11.359366451767416 -52.90752321939758 33.85742027950903
11.395735023926596 -52.914078049274465 33.846262136375614
11.395735023926596 -52.914078049274465 33.846262136375614
11.427007327552744 -52.91793740245398 33.84015805976238
11.427007327552744 -52.91793740245398 33.84015805976238
11.446052887579786 -52.91864782080797 33.84111020348569
11.446052887579786 -52.91864782080797 33.84111020348569
11.451481126151014 -52.91786669747218 33.846821173105425
11.451481126151014 -52.91786669747218 33.846821173105425
11.446804776639524 -52.91723385321649 33.853863956699485
11.446804776639524 -52.91723385321649 33.853863956699485
11.43473423920978 -52.91835066930615 33.859057496459386
11.43473423920978 -52.91835066930615 33.859057496459386
11.417962232874931 -52.921785449136635 33.860859325717136
11.417962232874931 -52.921785449136635 33.860859325717136
11.396892772358058 -52.92782087834597 33.858847712507185
11.396892772358058 -52.92782087834597 33.858847712507185
11.380273650300957 -52.936090516430134 33.85270154880898
11.380273650300957 -52.936090516430134 33.85270154880898
11.382508626337758 -52.94637113728159 33.84122330483285
11.382508626337758 -52.94637113728159 33.84122330483285
11.402814916669115 -52.95720330525627 33.8265200947073
11.402814916669115 -52.95720330525627 33.8265200947073
11.438953822361896 -52.96670436364059 33.812182857304535
11.438953822361896 -52.96670436364059 33.812182857304535
11.485567602410779 -52.973262853910484 33.80147553249119
11.485567602410779 -52.973262853910484 33.80147553249119
11.541433260685803 -52.976167419761076 33.79595370000756
11.541433260685803 -52.976167419761076 33.79595370000756
11.628083014769668 -52.98585432255098 33.77682950605161
11.628083014769668 -52.98585432255098 33.77682950605161
11.724196640174913 -52.998646082669886 33.74892042354203
11.724196640174913 -52.998646082669886 33.74892042354203
11.797625436307017 -53.00426559565257 33.734129900736704
11.797625436307017 -53.00426559565257 33.734129900736704
11.840328767749366 -53.00142692536627 33.737981644741666
11.840328767749366 -53.00142692536627 33.737981644741666
11.858629568147705 -52.99336731817376 33.75485460987264
11.858629568147705 -52.99336731817376 33.75485460987264
11.861531374056232 -52.984725659891595 33.775383924412296
11.861531374056232 -52.984725659891595 33.775383924412296
11.857262857294824 -52.978592890077806 33.792397610594286
11.857262857294824 -52.978592890077806 33.792397610594286
11.84926713516866 -52.976506622004734 33.80240027335264
11.84926713516866 -52.976506622004734 33.80240027335264
11.838925401708908 -52.97819708330263 33.80548206400563
11.838925401708908 -52.97819708330263 33.80548206400563
11.833028070755836 -52.983068959555915 33.80220514639633
11.833028070755836 -52.983068959555915 33.80220514639633
11.838121006723105 -52.98998643536887 33.79376115336212
11.838121006723105 -52.98998643536887 33.79376115336212
11.860858475346989 -52.99767038378912 33.78171396025556
11.860858475346989 -52.99767038378912 33.78171396025556
11.897920618681894 -53.00432296406175 33.76930095518368
11.897920618681894 -53.00432296406175 33.76930095518368
11.932919262777812 -53.00786376154221 33.76210949094615
11.932919262777812 -53.00786376154221 33.76210949094615
11.953187991561933 -53.00812909994215 33.76260474312264
11.953187991561933 -53.00812909994215 33.76260474312264
11.958832571737293 -53.006312051187216 33.769001758627574
11.958832571737293 -53.006312051187216 33.769001758627574
11.953138572504367 -53.00465755505926 33.77709259303538
11.953138572504367 -53.00465755505926 33.77709259303538
11.940663543015237 -53.004720565884035 33.78330432291464
11.940663543015237 -53.004720565884035 33.78330432291464
11.92339890463763 -53.00752257520629 33.78552761104227
11.92339890463763 -53.00752257520629 33.78552761104227
11.902828354451128 -53.01298592143653 33.78359561320678
11.902828354451128 -53.01298592143653 33.78359561320678
11.894624399745947 -53.02101376733559 33.77605183901981
11.894624399745947 -53.02101376733559 33.77605183901981
11.904994395550876 -53.03069655906343 33.76327064348259
11.904994395550876 -53.03069655906343 33.76327064348259
11.933517707057245 -53.04014930021385 33.748486281611676
11.933517707057245 -53.04014930021385 33.748486281611676
11.974401869028021 -53.04731024537698 33.735784340240414
11.974401869028021 -53.04731024537698 33.735784340240414
12.025317420015657 -53.050896439768 33.72790485249597
12.025317420015657 -53.050896439768 33.72790485249597
12.082818979452501 -53.05044639776026 33.72586008490855
12.082818979452501 -53.05044639776026 33.72586008490855
12.131347850711844 -53.04613866571325 33.73120131261042
12.131347850711844 -53.04613866571325 33.73120131261042
12.16352166935624 -53.03876117259149 33.74361776759295
12.16352166935624 -53.03876117259149 33.74361776759295
12.180529609776997 -53.03052765809418 33.75937180225017
12.180529609776997 -53.03052765809418 33.75937180225017
12.187308922588123 -53.02343077396283 33.77419609610889
12.187308922588123 -53.02343077396283 33.77419609610889
12.186952074192465 -53.019025824497774 33.78491128783792
12.186952074192465 -53.019025824497774 33.78491128783792
12.181891767707931 -53.01762346410504 33.79052507582456
12.181891767707931 -53.01762346410504 33.79052507582456
12.180158326655441 -53.019208929508665 33.790291575534326
12.180158326655441 -53.019208929508665 33.790291575534326
12.18910365192033 -53.02299263297198 33.78453920161659
12.18910365192033 -53.02299263297198 33.78453920161659
12.215593756828572 -53.0277466501503 33.77458710584374
12.215593756828572 -53.0277466501503 33.77458710584374
12.256167018812945 -53.03158406885349 33.76383838865881
12.256167018812945 -53.03158406885349 33.76383838865881
12.292149331249163 -53.032787844803515 33.75777752595488
12.292149331249163 -53.032787844803515 33.75777752595488
12.31326554370264 -53.030729803980606 33.75930431654433
12.31326554370264 -53.030729803980606 33.75930431654433
12.321356370306628 -53.02658024370649 33.76656695495086
12.321356370306628 -53.02658024370649 33.76656695495086
12.318735491819318 -53.02279408653124 33.775112890231696
12.318735491819318 -53.02279408653124 33.775112890231696
12.3095470404953 -53.02091135063678 33.78141934955581
12.3095470404953 -53.02091135063678 33.78141934955581
12.295523752300069 -53.021870860237726 33.7835422499194
12.295523752300069 -53.021870860237726 33.7835422499194
12.27799462009442 -53.02553758184289 33.78145509439273
12.27799462009442 -53.02553758184289 33.78145509439273
12.27252334485081 -53.03173363310404 33.773789583240074
12.27252334485081 -53.03173363310404 33.773789583240074
12.285194851685745 -53.03947294823259 33.76102904693081
12.285194851685745 -53.03947294823259 33.76102904693081
12.315449811832957 -53.0468041922097 33.74653725226667
12.315449811832957 -53.0468041922097 33.74653725226667
12.357473432840436 -53.051672626361274 33.734432876125204
12.357473432840436 -53.051672626361274 33.734432876125204
12.409036712461475 -53.05284687006713 33.727374520289864
12.409036712461475 -53.05284687006713 33.727374520289864
12.466889136475835 -53.049956183935876 33.726214200304724
12.466889136475835 -53.049956183935876 33.726214200304724
12.515668696140917 -53.04328336478659 33.73236390258023
12.515668696140917 -53.04328336478659 33.73236390258023
12.548237633491102 -53.03373903696577 33.74533004328429
12.548237633491102 -53.03373903696577 33.74533004328429
12.565986207618957 -53.02360256117061 33.76122402128162
12.565986207618957 -53.02360256117061 33.76122402128162
12.567311795124585 -53.013455701640694 33.778588194145925
12.567311795124585 -53.013455701640694 33.778588194145925
12.542965973332205 -53.00245153314017 33.799763730526024
12.542965973332205 -53.00245153314017 33.799763730526024
12.497353517036878 -52.99233221549831 33.82208821844303
12.497353517036878 -52.99233221549831 33.82208821844303
12.449939009448322 -52.985043375253504 33.839546980503144
12.449939009448322 -52.985043375253504 33.839546980503144
12.413093636766824 -52.98181491075562 33.848185804154305
12.413093636766824 -52.98181491075562 33.848185804154305
12.387508032710073 -52.98121574175335 33.849734318126586
12.387508032710073 -52.98121574175335 33.849734318126586
12.369692635132512 -52.981488643761494 33.84803905322375
12.369692635132512 -52.981488643761494 33.84803905322375
12.355803115804774 -52.98061400570097 33.84714261800134
12.355803115804774 -52.98061400570097 33.84714261800134
12.343680016890843 -52.978018405964825 33.84889646783994
12.343680016890843 -52.978018405964825 33.84889646783994
12.332579906771873 -52.9733154980646 33.853912522999764
12.332579906771873 -52.9733154980646 33.853912522999764
12.322873638461763 -52.96712851057903 33.86129230441642
12.322873638461763 -52.96712851057903 33.86129230441642
12.315798284015173 -52.9606496620754 33.868725123276256
12.315798284015173 -52.9606496620754 33.868725123276256
12.311640959771912 -52.954200750641206 33.875350314372774
12.311640959771912 -52.954200750641206 33.875350314372774
12.30913534643125 -52.946571832981306 33.88294477440188
12.30913534643125 -52.946571832981306 33.88294477440188
12.307726118412305 -52.937778970893945 33.891911136212286
12.307726118412305 -52.937778970893945 33.891911136212286
12.308057028622805 -52.928677713134896 33.900772472676906
12.308057028622805 -52.928677713134896 33.900772472676906
12.310262818636103 -52.9194926088513 33.90897930747256
12.310262818636103 -52.9194926088513 33.90897930747256
12.313197787301053 -52.90905078405182 33.918283578538315
12.313197787301053 -52.90905078405182 33.918283578538315
12.316551893984062 -52.89746367675424 33.92891412020235
12.316551893984062 -52.89746367675424 33.92891412020235
12.321270332585545 -52.88559173020549 33.939318827288886
12.321270332585545 -52.88559173020549 33.939318827288886
12.328079150930463 -52.873243716653825 33.94955538139768
12.328079150930463 -52.873243716653825 33.94955538139768
12.335551055435078 -52.85965835051883 33.960798826038484
12.335551055435078 -52.85965835051883 33.960798826038484
12.343274165121553 -52.845159647495684 33.972873079269405
12.343274165121553 -52.845159647495684 33.972873079269405
12.3521080926761 -52.83070318625721 33.98407643984301
12.3521080926761 -52.83070318625721 33.98407643984301
12.36225738133862 -52.816501027376454 33.99388503494491
12.36225738133862 -52.816501027376454 33.99388503494491
12.372468337217038 -52.801312950011955 34.004214153688395
12.372468337217038 -52.801312950011955 34.004214153688395
12.382369868763423 -52.7851953402597 34.015454154932115
12.382369868763423 -52.7851953402597 34.015454154932115
12.392896104646887 -52.76905370723415 34.02605185797905
12.392896104646887 -52.76905370723415 34.02605185797905
12.404386444184489 -52.75313578496435 34.03542716538791
12.404386444184489 -52.75313578496435 34.03542716538791
12.415696838765431 -52.73624412455615 34.045400079384144
12.415696838765431 -52.73624412455615 34.045400079384144
12.426555734162037 -52.71847273135811 34.05627669238272
12.426555734162037 -52.71847273135811 34.05627669238272
12.437974903898898 -52.70075141470011 34.06644554318339
12.437974903898898 -52.70075141470011 34.06644554318339
12.450318907120002 -52.68333101082068 34.07531451653834
12.450318907120002 -52.68333101082068 34.07531451653834
12.462403546014649 -52.66499348310931 34.084740692633545
12.462403546014649 -52.66499348310931 34.084740692633545
12.473938858312819 -52.64581977973651 34.09506243235248
12.473938858312819 -52.64581977973651 34.09506243235248
12.485953936214976 -52.62673969178588 34.10467128154509
12.485953936214976 -52.62673969178588 34.10467128154509
12.49882562796703 -52.60800457503027 34.11297452688567
12.49882562796703 -52.60800457503027 34.11297452688567
12.512385632613803 -52.58953714251831 34.12009911721412
12.512385632613803 -52.58953714251831 34.12009911721412
12.525190890834027 -52.569992851661 34.12822078587165
12.525190890834027 -52.569992851661 34.12822078587165
12.536985683265101 -52.5494719424804 34.13767460707966
12.536985683265101 -52.5494719424804 34.13767460707966
12.548986171002896 -52.52898723560475 34.14667920246225
12.548986171002896 -52.52898723560475 34.14667920246225
12.56174074867291 -52.508866362967645 34.15446700520519
12.56174074867291 -52.508866362967645 34.15446700520519
12.57409537073768 -52.48790786534884 34.16283184611137
12.57409537073768 -52.48790786534884 34.16283184611137
12.58579390340957 -52.46620183786657 34.17208834477698
12.58579390340957 -52.46620183786657 34.17208834477698
12.59792987509223 -52.444691495561415 34.180593643982405
12.59792987509223 -52.444691495561415 34.180593643982405
12.610895106601916 -52.42362578765882 34.18775456588735
12.610895106601916 -52.42362578765882 34.18775456588735
12.62338005486491 -52.401735131261574 34.195519158259565
12.62338005486491 -52.401735131261574 34.195519158259565
12.635072446705985 -52.379084462394644 34.20427137940717
12.635072446705985 -52.379084462394644 34.20427137940717
12.64709695029699 -52.35662694469238 34.21235395373432
12.64709695029699 -52.35662694469238 34.21235395373432
12.659750946083335 -52.334564260093465 34.219238075448175
12.659750946083335 -52.334564260093465 34.219238075448175
12.651056320308047 -52.30263761356177 34.24328255587989
12.651056320308047 -52.30263761356177 34.24328255587989
12.626624466218354 -52.264414802621936 34.2812332302961
12.626624466218354 -52.264414802621936 34.2812332302961
12.606653504521905 -52.22911598672035 34.314155890442734
12.606653504521905 -52.22911598672035 34.314155890442734
12.598489886346856 -52.19981391281329 34.33414535637088
12.598489886346856 -52.19981391281329 34.33414535637088
12.600532773384375 -52.1745235342392 34.343844184594204
12.600532773384375 -52.1745235342392 34.343844184594204
12.608777847967467 -52.15142513742637 34.34756440250369
12.608991072377485 -52.15098502915065 34.34758848167581
12.620422983291402 -52.12960890269577 34.34790657897846
12.620422983291402 -52.12960890269577 34.34790657897846
12.633146478662876 -52.108103306500816 34.34723552755003
12.633146478662876 -52.108103306500816 34.34723552755003
12.644274885871045 -52.0850965778966 34.348913844571186
12.644274885871045 -52.0850965778966 34.348913844571186
12.653337518694721 -52.060640676558315 34.35350842072776
12.653337518694721 -52.060640676558315 34.35350842072776
12.661925562143768 -52.03591751218971 34.35888029830235
12.661925562143768 -52.03591751218971 34.35888029830235
12.671009234068013 -52.011454325146 34.363778228107094
12.671009234068013 -52.011454325146 34.363778228107094
12.680870303407175 -51.987386299462436 34.367800898812426
12.680870303407175 -51.987386299462436 34.367800898812426
12.69003125421346 -51.96239167992116 34.37297349884975
12.69003125421346 -51.96239167992116 34.37297349884975
12.698239467267944 -51.93657782928026 34.37961083856619
12.698239467267944 -51.93657782928026 34.37961083856619
12.706811807860952 -51.91096640091579 34.38588269953126
12.706811807860952 -51.91096640091579 34.38588269953126
12.7162823320571 -51.88586688541307 34.39103109583508
12.7162823320571 -51.88586688541307 34.39103109583508
12.725424619448606 -51.85984756974317 34.397168654958094
12.725424619448606 -51.85984756974317 34.397168654958094
12.73496669149555 -51.83241209814208 34.405306827214
12.73496669149555 -51.83241209814208 34.405306827214
12.741310293055312 -51.80505387065818 34.41363146784988
12.741310293055312 -51.80505387065818 34.41363146784988
12.738799788724165 -51.77945599800748 34.420672662484506
12.738799788724165 -51.77945599800748 34.420672662484506
12.722576955552418 -51.753941833131904 34.4293505689994
12.722576955552418 -51.753941833131904 34.4293505689994
12.696790941023549 -51.72731433698258 34.44066840724617
12.696790941023549 -51.72731433698258 34.44066840724617
12.666593024902602 -51.70194546132845 34.4506557908846
12.666593024902602 -51.70194546132845 34.4506557908846
12.63458835852265 -51.67868614315845 34.45739942804746
12.63458835852265 -51.67868614315845 34.45739942804746
12.593748051305361 -51.65522893246193 34.464860960399506
12.593748051305361 -51.65522893246193 34.464860960399506
12.52479267225155 -51.623137092067246 34.48988593955572
12.52479267225155 -51.623137092067246 34.48988593955572
12.445807448544064 -51.58998665115865 34.51990596726368
12.445807448544064 -51.58998665115865 34.51990596726368
12.371349014780211 -51.56157793905049 34.54173835312722
12.371349014780211 -51.56157793905049 34.54173835312722
12.300129898961204 -51.53796758433606 34.55378543676123
12.300129898961204 -51.53796758433606 34.55378543676123
12.231232489466297 -51.518526521746274 34.557666970940375
12.231232489466297 -51.518526521746274 34.557666970940375
12.166401935327174 -51.503130572372 34.55389796523032
12.166401935327174 -51.503130572372 34.55389796523032
12.10451444704108 -51.49069625398135 34.54484615976675
12.10451444704108 -51.49069625398135 34.54484615976675
12.038091032291204 -51.478467357561186 34.536104241751275
12.038091032291204 -51.478467357561186 34.536104241751275
11.966013487966066 -51.46576430639166 34.52996719576288
11.966013487966066 -51.46576430639166 34.52996719576288
11.892622939105081 -51.453703689419996 34.524300952320246
11.892622939105081 -51.453703689419996 34.524300952320246
11.81796588473471 -51.4419383173155 34.519189470121226
11.81796588473471 -51.4419383173155 34.519189470121226
11.723924048887884 -51.42230480578098 34.52977833528928
11.723924048887884 -51.42230480578098 34.52977833528928
11.6162830698194 -51.39884142731075 34.55029063610707
11.6162830698194 -51.39884142731075 34.55029063610707
11.507194231915305 -51.37683324271913 34.56966335225535
11.507194231915305 -51.37683324271913 34.56966335225535
11.40559588513262 -51.359415220869224 34.58045031186416
11.40559588513262 -51.359415220869224 34.58045031186416
11.312945072115726 -51.34683015847991 34.58152724703237
11.312945072115726 -51.34683015847991 34.58152724703237
11.221538147165493 -51.336239716647334 34.578254267430644
11.221538147165493 -51.336239716647334 34.578254267430644
11.129104336059317 -51.3263376633598 34.574357507627525
11.129104336059317 -51.3263376633598 34.574357507627525
11.03853159584057 -51.31759501899892 34.56929959576511
11.03853159584057 -51.31759501899892 34.56929959576511
10.950288187230477 -51.309930795006665 34.56318742742661
10.950288187230477 -51.309930795006665 34.56318742742661
10.846517781865133 -51.29580972689518 34.569076678714104
10.846517781865133 -51.29580972689518 34.569076678714104
10.723384875306035 -51.273954253067735 34.59201699615963
10.723384875306035 -51.273954253067735 34.59201699615963
10.600283751979648 -51.25275070189046 34.61561215516469
10.600283751979648 -51.25275070189046 34.61561215516469
10.485055809163267 -51.23554799587255 34.63162365626569
10.485055809163267 -51.23554799587255 34.63162365626569
10.373117244966716 -51.22094055343682 34.64163048982269
10.373117244966716 -51.22094055343682 34.64163048982269
10.263257403709535 -51.20817170481697 34.64785160361957
10.263257403709535 -51.20817170481697 34.64785160361957
10.158232659521925 -51.19770951955496 34.6497431123653
10.158232659521925 -51.19770951955496 34.6497431123653
10.057228934973292 -51.18954516624659 34.647675022689555
10.057228934973292 -51.18954516624659 34.647675022689555
9.944897422635577 -51.17743386498766 34.65241910297331
9.944897422635577 -51.17743386498766 34.65241910297331
9.813270735346883 -51.15694186743396 34.67417298246788
9.813270735346883 -51.15694186743396 34.67417298246788
9.680504083463768 -51.136015018197426 34.69833271596203
9.680504083463768 -51.136015018197426 34.69833271596203
9.554295776640721 -51.1181121711862 34.71670021813465
9.554295776640721 -51.1181121711862 34.71670021813465
9.430268882443407 -51.10190348097882 34.73055605299568
9.430268882443407 -51.10190348097882 34.73055605299568
