0.0 -47.9584 41.7642
0.0 -47.9584 41.7642
-9.938826087038481E-4 -47.978775042836354 41.32331152626366
-9.938826087038481E-4 -47.978775042836354 41.32331152626366
-0.0030443151157690156 -48.12063497387099 40.39664890866001
-0.0030443151157690156 -48.12063497387099 40.39664890866001
-8.918652737586973E-4 -48.288555130729705 39.43430626013855
-8.918652737586973E-4 -48.288555130729705 39.43430626013855
-2.240064142866035E-4 -48.41233613768637 38.583797504777536
-2.240064142866035E-4 -48.41233613768637 38.583797504777536
1.7276970678523022E-4 -48.4877425396705 37.87863978816886
1.7276970678523022E-4 -48.4877425396705 37.87863978816886
4.6210131108698546E-4 -48.50874169028475 37.31622484032774
4.6210131108698546E-4 -48.50874169028475 37.31622484032774
5.531597882481213E-4 -48.47479543130923 36.87616273463454
5.602576182732994E-4 -48.47419684158934 36.87228555918836
5.906489374271516E-4 -48.39181035111988 36.52701295965182
5.906489374271516E-4 -48.39181035111988 36.52701295965182
2.9421627049726855E-4 -48.271804475124554 36.2476807249457
2.9421627049726855E-4 -48.271804475124554 36.2476807249457
7.845756189698082E-5 -48.124334388425325 36.02156150067416
7.845756189698082E-5 -48.124334388425325 36.02156150067416
-4.943819132825631E-5 -47.952157051770115 35.83162242820075
-4.943819132825631E-5 -47.952157051770115 35.83162242820075
-1.635522862236057E-4 -47.761290519580385 35.667994607745484
-1.635522862236057E-4 -47.761290519580385 35.667994607745484
-1.601793047377765E-4 -47.55709046789594 35.528473053850384
-1.601793047377765E-4 -47.55709046789594 35.528473053850384
-5.4496001681777054E-5 -47.3474985913764 35.4010956342898
-5.4496001681777054E-5 -47.3474985913764 35.4010956342898
4.477629050494536E-5 -47.13761598014663 35.27834262021892
4.477629050494536E-5 -47.13761598014663 35.27834262021892
-1.1358519967536162E-5 -46.928206630173804 35.083256864740974
-1.1358519967536162E-5 -46.928206630173804 35.083256864740974
-1.2868665060101662E-4 -46.72971266789147 34.79196900320974
-1.2868665060101662E-4 -46.72971266789147 34.79196900320974
-1.8667431158933838E-4 -46.54313168361718 34.43655338246855
-1.8667431158933838E-4 -46.54313168361718 34.43655338246855
-2.157127583537697E-4 -46.36209432527215 34.002779098011985
-2.157127583537697E-4 -46.36209432527215 34.002779098011985
-1.7831826692056292E-4 -46.18767853922288 33.51453323085423
-1.7831826692056292E-4 -46.18767853922288 33.51453323085423
-8.728526323660327E-5 -46.016898421689575 33.01487930010822
-8.728526323660327E-5 -46.016898421689575 33.01487930010822
4.28877616622493E-5 -45.84407137368163 32.5606003201901
4.28877616622493E-5 -45.84407137368163 32.5606003201901
1.533407937511709E-4 -45.666346731638676 32.190745381909956
1.533407937511709E-4 -45.666346731638676 32.190745381909956
1.8740221002196345E-4 -45.4867738454983 31.904768648637404
1.8713583054403787E-4 -45.481391980933644 31.89732834546109
1.557339187431861E-4 -45.30850991446844 31.69071659730546
1.557339187431861E-4 -45.30850991446844 31.69071659730546
1.05902789208194E-4 -45.13690468442202 31.53198988794627
1.05902789208194E-4 -45.13690468442202 31.53198988794627
7.662482676081998E-5 -44.977116306650956 31.411697455357128
7.662482676081998E-5 -44.977116306650956 31.411697455357128
7.65277198120198E-5 -44.83163505251679 31.317507024657523
7.65277198120198E-5 -44.83163505251679 31.317507024657523
9.063985361719402E-5 -44.70146299899439 31.241442142004296
9.063985361719402E-5 -44.70146299899439 31.241442142004296
-5.9529253594724415E-6 -44.586282521787155 31.107288097971107
-5.9529253594724415E-6 -44.586282521787155 31.107288097971107
-1.1366946923473065E-4 -44.4914731625142 30.887499950968675
-1.1366946923473065E-4 -44.4914731625142 30.887499950968675
-1.2071890055858905E-4 -44.41317791138971 30.61296602027332
-1.2071890055858905E-4 -44.41317791138971 30.61296602027332
-5.329552262077042E-5 -44.344605759738414 30.306866204602848
-5.329552262077042E-5 -44.344605759738414 30.306866204602848
1.1793800379675477E-5 -44.28057578689919 29.985502723397982
1.1793800379675477E-5 -44.28057578689919 29.985502723397982
1.708529505848511E-4 -44.218521005912294 29.69635310348258
1.708529505848511E-4 -44.218521005912294 29.69635310348258
6.468820141199463E-4 -44.16965951318522 29.45458949887518
6.468820141199463E-4 -44.16965951318522 29.45458949887518
5.190331144644337E-4 -44.12682465553378 29.267638191194244
5.190331144644337E-4 -44.12682465553378 29.267638191194244
1.9792945321559784E-4 -44.083272496036855 29.140570416481133
1.9792945321559784E-4 -44.083272496036855 29.140570416481133
3.346919743657645E-5 -44.039705612899155 29.064733390475205
3.346919743657645E-5 -44.039705612899155 29.064733390475205
8.439094409809718E-5 -43.998807122026406 29.026882050176322
8.439094409809718E-5 -43.998807122026406 29.026882050176322
1.9770269760033756E-4 -43.96309691266284 29.014621972222514
1.9770269760033756E-4 -43.96309691266284 29.014621972222514
2.413831606220406E-4 -43.93540086756352 29.023576794482484
2.413831606220406E-4 -43.93540086756352 29.023576794482484
1.9005370407044824E-4 -43.91595923570831 29.046963013641367
1.9005370407044824E-4 -43.91595923570831 29.046963013641367
1.111379663657247E-4 -43.904496296315855 29.07723578771673
1.111379663657247E-4 -43.904496296315855 29.07723578771673
7.306880904955772E-5 -43.90044752043628 29.111198599412567
7.306880904955772E-5 -43.90044752043628 29.111198599412567
1.8272387577694687E-5 -43.90257134325884 29.109798152500424
1.8272387577694687E-5 -43.90257134325884 29.109798152500424
-4.9829713536507176E-5 -43.91240258314835 29.041607837709428
-4.9829713536507176E-5 -43.91240258314835 29.041607837709428
-1.295823001930321E-4 -43.929277597839345 28.877467034876695
-1.295823001930321E-4 -43.929277597839345 28.877467034876695
-5.88474721985369E-5 -43.951611606700126 28.67752008011692
-5.88474721985369E-5 -43.951611606700126 28.67752008011692
1.2201301053676723E-4 -43.96932575634868 28.521072700974155
1.2201301053676723E-4 -43.96932575634868 28.521072700974155
2.1920508216525286E-4 -43.97792357567122 28.42832250530473
2.1920508216525286E-4 -43.97792357567122 28.42832250530473
1.7761288488977488E-4 -43.97937220462749 28.392212373531315
1.7761288488977488E-4 -43.97937220462749 28.392212373531315
9.012921763979395E-5 -43.97799886624418 28.396459103950882
9.012921763979395E-5 -43.97799886624418 28.396459103950882
5.195292902502801E-5 -43.9777866560157 28.425172979183152
5.195292902502801E-5 -43.9777866560157 28.425172979183152
6.938789888219187E-5 -43.98132611619549 28.46672520116068
6.938789888219187E-5 -43.98132611619549 28.46672520116068
9.25999275448922E-5 -43.98977876683449 28.514211193610315
9.25999275448922E-5 -43.98977876683449 28.514211193610315
8.893665583568192E-5 -44.003269416343656 28.564373782315993
8.893665583568192E-5 -44.003269416343656 28.564373782315993
7.881771875670254E-5 -44.0229516415638 28.621940712605525
7.881771875670254E-5 -44.0229516415638 28.621940712605525
3.049080937139717E-6 -44.04699524241229 28.647897696085167
3.049080937139717E-6 -44.04699524241229 28.647897696085167
-8.924383487801134E-5 -44.07630322976661 28.60705895655368
-8.924383487801134E-5 -44.07630322976661 28.60705895655368
-1.069745157481252E-4 -44.10892893997388 28.50311537296862
-1.069745157481252E-4 -44.10892893997388 28.50311537296862
-6.042210056711381E-5 -44.14050662455987 28.353043585102995
-6.042210056711381E-5 -44.14050662455987 28.353043585102995
-1.8153389350519538E-5 -44.16690985429965 28.174471496914254
-1.8153389350519538E-5 -44.16690985429965 28.174471496914254
-4.309526807191041E-5 -44.19416629152944 27.96514107399008
-4.309526807191041E-5 -44.19416629152944 27.96514107399008
-3.777611749370673E-5 -44.235239809630094 27.739602081708476
-3.777611749370673E-5 -44.235239809630094 27.739602081708476
8.516015263932954E-5 -44.266481963998714 27.573761746230197
8.516015263932954E-5 -44.266481963998714 27.573761746230197
1.847111421419777E-4 -44.28212492903337 27.487221574759158
1.847111421419777E-4 -44.28212492903337 27.487221574759158
1.68842927895261E-4 -44.28680335860783 27.46666232838551
1.68842927895261E-4 -44.28680335860783 27.46666232838551
9.347863128369027E-5 -44.28761491666495 27.488729319767888
9.347863128369027E-5 -44.28761491666495 27.488729319767888
6.472063435142353E-5 -44.29180984152748 27.539563447583184
6.472063435142353E-5 -44.29180984152748 27.539563447583184
7.569011429178855E-5 -44.301855805391845 27.604570181317257
7.569011429178855E-5 -44.301855805391845 27.604570181317257
7.604782511484922E-5 -44.31818046828011 27.6713145349175
7.604782511484922E-5 -44.31818046828011 27.6713145349175
5.763034205439279E-5 -44.34023411548054 27.735941072535972
5.763034205439279E-5 -44.34023411548054 27.735941072535972
-2.9100429431494853E-5 -44.36632719244023 27.76022744514779
-2.9100429431494853E-5 -44.36632719244023 27.76022744514779
-1.1535320615382846E-4 -44.39708028775093 27.7153224104644
-1.1535320615382846E-4 -44.39708028775093 27.7153224104644
-1.1437769984517555E-4 -44.42964430892586 27.609362273569154
-1.1437769984517555E-4 -44.42964430892586 27.609362273569154
-5.9423733191554436E-5 -44.459099030904504 27.46189524162642
-5.9423733191554436E-5 -44.459099030904504 27.46189524162642
-2.6287739217557335E-5 -44.48141384696761 27.29109791138894
-2.6287739217557335E-5 -44.48141384696761 27.29109791138894
-3.247074283215572E-5 -44.49460106765456 27.109139304534786
-3.247074283215572E-5 -44.49460106765456 27.109139304534786
-1.8246654840678428E-5 -44.5141435000365 26.932767120329128
-1.8246654840678428E-5 -44.5141435000365 26.932767120329128
3.6747462597155297E-5 -44.545415517824715 26.77355754921704
3.6747462597155297E-5 -44.545415517824715 26.77355754921704
1.2746209992483797E-4 -44.56651190472407 26.676801282350908
1.2746209992483797E-4 -44.56651190472407 26.676801282350908
1.7518591543739642E-4 -44.57747226456235 26.65372619089912
1.7518591543739642E-4 -44.57747226456235 26.65372619089912
1.3558061069833145E-4 -44.58363872207262 26.684915877652976
1.3558061069833145E-4 -44.58363872207262 26.684915877652976
6.709872084238452E-5 -44.59094361820609 26.741995736313438
6.709872084238452E-5 -44.59094361820609 26.741995736313438
4.113017780858797E-5 -44.60323575469846 26.806889999039555
4.113017780858797E-5 -44.60323575469846 26.806889999039555
5.202185773490913E-5 -44.62156513787891 26.871372724908866
5.202185773490913E-5 -44.62156513787891 26.871372724908866
5.755657711734083E-5 -44.645197045111686 26.933771616178987
5.755657711734083E-5 -44.645197045111686 26.933771616178987
-3.1687305730035963E-5 -44.67231511244046 26.95647532635754
-3.1687305730035963E-5 -44.67231511244046 26.95647532635754
-1.30832708285734E-4 -44.703321064266795 26.911094966289856
-1.30832708285734E-4 -44.703321064266795 26.911094966289856
-1.2580629626664946E-4 -44.73488889033469 26.807085150869845
-1.2580629626664946E-4 -44.73488889033469 26.807085150869845
-6.087891643021879E-5 -44.76181447440697 26.66506068370538
-6.087891643021879E-5 -44.76181447440697 26.66506068370538
-2.90203059993899E-5 -44.78026387348726 26.50320973833526
-2.90203059993899E-5 -44.78026387348726 26.50320973833526
-4.082731942617296E-5 -44.788825626141666 26.33273135091807
-4.082731942617296E-5 -44.788825626141666 26.33273135091807
4.6170908452566116E-5 -44.790201149618454 26.205527031315142
4.6170908452566116E-5 -44.790201149618454 26.205527031315142
1.4798635274150413E-4 -44.784030875482124 26.151113400343323
1.4798635274150413E-4 -44.784030875482124 26.151113400343323
1.337151600700317E-4 -44.77433410405345 26.15249107166534
1.337151600700317E-4 -44.77433410405345 26.15249107166534
6.285741693445701E-5 -44.76705709562492 26.185757863389824
6.285741693445701E-5 -44.76705709562492 26.185757863389824
3.608559073422287E-5 -44.76613389682689 26.232512690197353
3.608559073422287E-5 -44.76613389682689 26.232512690197353
5.286149073047218E-5 -44.77271482552148 26.28306449964189
5.286149073047218E-5 -44.77271482552148 26.28306449964189
5.910904913349389E-5 -44.78603650149421 26.334478040898475
5.910904913349389E-5 -44.78603650149421 26.334478040898475
4.2727274413044235E-5 -44.80460143590999 26.387227092387015
4.2727274413044235E-5 -44.80460143590999 26.387227092387015
3.045420123077527E-5 -44.82699022887641 26.442578291651852
3.045420123077527E-5 -44.82699022887641 26.442578291651852
-4.2868787167556524E-5 -44.85162031155393 26.462426980345665
-4.2868787167556524E-5 -44.85162031155393 26.462426980345665
-1.172015695104645E-4 -44.87913181276651 26.41745466913489
-1.172015695104645E-4 -44.87913181276651 26.41745466913489
-1.0553219703057925E-4 -44.90625623046068 26.317033229612317
-1.0553219703057925E-4 -44.90625623046068 26.317033229612317
-7.100738189336899E-5 -44.93180190891581 26.174896427045372
-7.100738189336899E-5 -44.93180190891581 26.174896427045372
-1.522443997013929E-4 -44.98215372224769 25.94560709814468
-1.522443997013929E-4 -44.98215372224769 25.94560709814468
-1.1783377569795836E-4 -45.02610704461086 25.69026007888281
-1.1783377569795836E-4 -45.02610704461086 25.69026007888281
9.858593590591464E-5 -45.04689628598038 25.50074656354412
9.858593590591464E-5 -45.04689628598038 25.50074656354412
2.330151281772452E-4 -45.044863307022055 25.416022346518925
2.330151281772452E-4 -45.044863307022055 25.416022346518925
1.610289129249705E-4 -45.03119418791645 25.412595686468766
1.610289129249705E-4 -45.03119418791645 25.412595686468766
5.469669854805689E-5 -45.018267067175955 25.45184557967602
5.469669854805689E-5 -45.018267067175955 25.45184557967602
6.367309435811935E-5 -45.01513671064008 25.513376774550387
6.367309435811935E-5 -45.01513671064008 25.513376774550387
9.153873136627805E-5 -45.02306008915715 25.58151932404163
9.153873136627805E-5 -45.02306008915715 25.58151932404163
5.7286919864595275E-5 -45.04007749637969 25.645587563664016
5.7286919864595275E-5 -45.04007749637969 25.645587563664016
1.9561487381295002E-5 -45.06345818573947 25.70576289565555
1.9561487381295002E-5 -45.06345818573947 25.70576289565555
2.4907065518995052E-5 -45.0906623148575 25.765474297448975
2.4907065518995052E-5 -45.0906623148575 25.765474297448975
-4.014343967026664E-5 -45.11951262369817 25.78821135258294
-4.014343967026664E-5 -45.11951262369817 25.78821135258294
-1.247613410416258E-4 -45.15026952221511 25.745968015965317
-1.247613410416258E-4 -45.15026952221511 25.745968015965317
-1.1486715792315141E-4 -45.17919828252984 25.649853800882035
-1.1486715792315141E-4 -45.17919828252984 25.649853800882035
-5.711582185401818E-5 -45.201105941176905 25.521554103962288
-5.711582185401818E-5 -45.201105941176905 25.521554103962288
-3.692499786968256E-5 -45.212933408992235 25.378505720351207
-3.692499786968256E-5 -45.212933408992235 25.378505720351207
-4.751262561985231E-5 -45.214457425415944 25.229783931519346
-4.751262561985231E-5 -45.214457425415944 25.229783931519346
-1.5285535697705658E-4 -45.235708065421285 25.02119610212769
-1.5285535697705658E-4 -45.235708065421285 25.02119610212769
-6.533373369586447E-5 -45.26900340423693 24.797218780301492
-6.533373369586447E-5 -45.26900340423693 24.797218780301492
1.9175260836828463E-4 -45.28232043770166 24.662068753797715
1.9175260836828463E-4 -45.28232043770166 24.662068753797715
2.473856909848511E-4 -45.27604546879005 24.626178354035645
2.473856909848511E-4 -45.27604546879005 24.626178354035645
1.1420089336615824E-4 -45.26340849930227 24.654790231671363
1.1420089336615824E-4 -45.26340849930227 24.654790231671363
3.392203137370975E-5 -45.256073392779726 24.709343149911202
3.392203137370975E-5 -45.256073392779726 24.709343149911202
5.582998791385571E-5 -45.259022677824774 24.76670208222831
5.582998791385571E-5 -45.259022677824774 24.76670208222831
6.894310882938101E-5 -45.27170818815866 24.819994705446646
6.894310882938101E-5 -45.27170818815866 24.819994705446646
3.9452465885161146E-5 -45.29122965130701 24.871405334621727
3.9452465885161146E-5 -45.29122965130701 24.871405334621727
2.2555788692565057E-5 -45.31481069947026 24.92507951103297
2.2555788692565057E-5 -45.31481069947026 24.92507951103297
3.461488144020329E-5 -45.340791814991185 24.983441872209593
3.461488144020329E-5 -45.340791814991185 24.983441872209593
-4.752245228670171E-5 -45.36806395083734 25.006966048754347
-4.752245228670171E-5 -45.36806395083734 25.006966048754347
-1.4065824055667099E-4 -45.39729609498738 24.965907038316978
-1.4065824055667099E-4 -45.39729609498738 24.965907038316978
-1.1880463700403464E-4 -45.42433999467119 24.872096105660063
-1.1880463700403464E-4 -45.42433999467119 24.872096105660063
-1.2140686081734488E-4 -45.44471849907908 24.718096015120594
-1.2140686081734488E-4 -45.44471849907908 24.718096015120594
-1.0105292195357367E-4 -45.45604433206091 24.53043339586561
-1.0105292195357367E-4 -45.45604433206091 24.53043339586561
-2.6848873153002244E-5 -45.45342614015981 24.349857768294534
-2.6848873153002244E-5 -45.45342614015981 24.349857768294534
9.387486661238632E-5 -45.43823404059037 24.225400664331573
9.387486661238632E-5 -45.43823404059037 24.225400664331573
1.5423248709472387E-4 -45.414695763353166 24.17907783530167
1.5423248709472387E-4 -45.414695763353166 24.17907783530167
1.0848659973832196E-4 -45.39151037361683 24.18803468614226
1.0848659973832196E-4 -45.39151037361683 24.18803468614226
5.6906131263954554E-5 -45.376351052815444 24.22278675534202
5.6906131263954554E-5 -45.376351052815444 24.22278675534202
5.09740958724458E-5 -45.372181837446476 24.264694347729215
5.09740958724458E-5 -45.372181837446476 24.264694347729215
5.264221812883961E-5 -45.377946659482994 24.30763837298251
5.264221812883961E-5 -45.377946659482994 24.30763837298251
3.995332705958072E-5 -45.39096317144512 24.35258778489884
3.995332705958072E-5 -45.39096317144512 24.35258778489884
3.153439858720373E-5 -45.40880887410739 24.402020455747884
3.153439858720373E-5 -45.40880887410739 24.402020455747884
3.433954090845634E-5 -45.43001929874021 24.457090447803495
3.433954090845634E-5 -45.43001929874021 24.457090447803495
3.4946020373644734E-5 -45.45393295700234 24.517316082351982
3.4946020373644734E-5 -45.45393295700234 24.517316082351982
-5.9055966950225195E-5 -45.479663326974006 24.541768998868402
-5.9055966950225195E-5 -45.479663326974006 24.541768998868402
-1.3847562149231705E-4 -45.50734720509388 24.501477110494257
-1.3847562149231705E-4 -45.50734720509388 24.501477110494257
-1.0349411861229273E-4 -45.532182279637574 24.410212007989223
-1.0349411861229273E-4 -45.532182279637574 24.410212007989223
-5.7856516947889426E-5 -45.54982050297025 24.28935792998566
-5.7856516947889426E-5 -45.54982050297025 24.28935792998566
-2.0799651346554046E-4 -45.59727696358898 24.072513459489606
-2.0799651346554046E-4 -45.59727696358898 24.072513459489606
-1.55426812901602E-4 -45.641608854324424 23.81944089912885
-1.55426812901602E-4 -45.641608854324424 23.81944089912885
1.6006616604420654E-4 -45.65553165233746 23.649564003227397
1.6006616604420654E-4 -45.65553165233746 23.649564003227397
2.781370409369852E-4 -45.6427666486348 23.59999303622042
2.781370409369852E-4 -45.6427666486348 23.59999303622042
1.3166797570106028E-4 -45.621883046756174 23.62939048070632
1.3166797570106028E-4 -45.621883046756174 23.62939048070632
3.1478490416744025E-5 -45.60890096965747 23.686322631882053
3.1478490416744025E-5 -45.60890096965747 23.686322631882053
5.287907773872779E-5 -45.60968575809134 23.741629233755013
5.287907773872779E-5 -45.60968575809134 23.741629233755013
5.9541767763623075E-5 -45.622169564328026 23.789638536083835
5.9541767763623075E-5 -45.622169564328026 23.789638536083835
5.161428706755267E-5 -45.643359708151195 23.84625131273233
5.161428706755267E-5 -45.643359708151195 23.84625131273233
4.1954775720591506E-5 -45.6692278788 23.914841065582813
4.1954775720591506E-5 -45.6692278788 23.914841065582813
2.911217380033125E-5 -45.69803274583247 23.987276767527177
2.911217380033125E-5 -45.69803274583247 23.987276767527177
-7.132875165427423E-5 -45.72877930754726 24.019977346257512
-7.132875165427423E-5 -45.72877930754726 24.019977346257512
-1.5012481103576016E-4 -45.76107954342413 23.984914547575812
-1.5012481103576016E-4 -45.76107954342413 23.984914547575812
-1.0995362783278851E-4 -45.78922966994794 23.898780632572628
-1.0995362783278851E-4 -45.78922966994794 23.898780632572628
-5.5258709951043326E-5 -45.807151558423826 23.787409377115303
-5.5258709951043326E-5 -45.807151558423826 23.787409377115303
-5.1287080803288274E-5 -45.812773432963965 23.66770730950178
-5.1287080803288274E-5 -45.812773432963965 23.66770730950178
-5.29549536588532E-5 -45.807702024704014 23.54517288658656
-5.29549536588532E-5 -45.807702024704014 23.54517288658656
-3.794680884963898E-5 -45.79485485764751 23.418961398564086
-3.794680884963898E-5 -45.79485485764751 23.418961398564086
6.459236426812256E-5 -45.77731017890942 23.327288204961178
6.459236426812256E-5 -45.77731017890942 23.327288204961178
1.3638122451920705E-4 -45.75661834158412 23.296835723341857
1.3638122451920705E-4 -45.75661834158412 23.296835723341857
9.467115941707832E-5 -45.7386413949273 23.311837908841028
9.467115941707832E-5 -45.7386413949273 23.311837908841028
4.662906812211562E-5 -45.72917812602811 23.348216435872075
4.662906812211562E-5 -45.72917812602811 23.348216435872075
4.504569924063292E-5 -45.73009963654425 23.39077305926771
4.504569924063292E-5 -45.73009963654425 23.39077305926771
4.501541185729704E-5 -45.73985465468476 23.43517999786542
4.501541185729704E-5 -45.73985465468476 23.43517999786542
3.118688222485763E-5 -45.755763033732734 23.482800429727604
3.118688222485763E-5 -45.755763033732734 23.482800429727604
2.619332047197254E-5 -45.77571328973316 23.535562802009096
2.619332047197254E-5 -45.77571328973316 23.535562802009096
3.0136516377098318E-5 -45.79860372687053 23.593784678489204
3.0136516377098318E-5 -45.79860372687053 23.593784678489204
-3.5098553128464965E-6 -45.81928281609621 23.64495370646319
-3.5098553128464965E-6 -45.81928281609621 23.64495370646319
-3.7607897938301453E-5 -45.83376964529312 23.679043303504614
-3.7607897938301453E-5 -45.83376964529312 23.679043303504614
-3.3630296063795104E-5 -45.84113598628268 23.697067531051268
-3.3630296063795104E-5 -45.84113598628268 23.697067531051268
-2.3022908847342807E-5 -45.841514739145396 23.703307943573776
-2.3022908847342807E-5 -45.841514739145396 23.703307943573776
-2.5429364693733874E-5 -45.83552340241691 23.70160860643466
-2.5429364693733874E-5 -45.83552340241691 23.70160860643466
-2.629908222271327E-5 -45.82407158668461 23.69428654508534
-2.629908222271327E-5 -45.82407158668461 23.69428654508534
-2.497782098500879E-5 -45.80524172053129 23.681680430123343
-2.497782098500879E-5 -45.80524172053129 23.681680430123343
-2.2589641782035583E-5 -45.7803502598283 23.663961762132402
-2.2589641782035583E-5 -45.7803502598283 23.663961762132402
-2.0175848981604164E-5 -45.7528060929078 23.641300544619767
-2.0175848981604164E-5 -45.7528060929078 23.641300544619767
-1.7639235367799383E-5 -45.723889091391435 23.614625935028982
-1.7639235367799383E-5 -45.723889091391435 23.614625935028982
-1.4060673658095955E-5 -45.69369640094499 23.585455987206423
-1.4060673658095955E-5 -45.69369640094499 23.585455987206423
-1.0870860347393624E-5 -45.662142549763374 23.555005682758654
-1.0870860347393624E-5 -45.662142549763374 23.555005682758654
-9.077460389613881E-6 -45.629302396039414 23.523843025092802
-9.077460389613881E-6 -45.629302396039414 23.523843025092802
-8.112262931403385E-6 -45.59536392357101 23.4920558373504
-8.112262931403385E-6 -45.59536392357101 23.4920558373504
-7.363273573508028E-6 -45.56051721397655 23.459559163883853
-7.363273573508028E-6 -45.56051721397655 23.459559163883853
-6.63256491692316E-6 -45.524898238066974 23.426297455210033
-6.63256491692316E-6 -45.524898238066974 23.426297455210033
-5.931941200012111E-6 -45.488587154089835 23.39229930717957
-5.931941200012111E-6 -45.488587154089835 23.39229930717957
-5.333964920638333E-6 -45.45163099407735 23.357646373904522
-5.333964920638333E-6 -45.45163099407735 23.357646373904522
-4.762811419845034E-6 -45.41406459675397 23.322427146689996
-4.762811419845034E-6 -45.41406459675397 23.322427146689996
-4.176182407510143E-6 -45.37592094077869 23.286710598635896
-4.176182407510143E-6 -45.37592094077869 23.286710598635896
-7.905170149449509E-6 -45.334392920436386 23.25004021468394
-7.905170149449509E-6 -45.334392920436386 23.25004021468394
-9.201897142507414E-6 -45.28986695416506 23.212129257968336
-9.201897142507414E-6 -45.28986695416506 23.212129257968336
-1.1048488969308948E-5 -45.24208498627303 23.1719347518882
-1.1048488969308948E-5 -45.24208498627303 23.1719347518882
-1.088132927330469E-5 -45.192291166760945 23.129260528130118
-1.088132927330469E-5 -45.192291166760945 23.129260528130118
-1.1851186995921794E-5 -45.14009523233517 23.08390412822627
-1.1851186995921794E-5 -45.14009523233517 23.08390412822627
-1.0341973330556478E-5 -45.086411213973236 23.03647146989066
-1.0341973330556478E-5 -45.086411213973236 23.03647146989066
-9.93142765566081E-6 -45.03064293362508 22.987163789427903
-9.93142765566081E-6 -45.03064293362508 22.987163789427903
-8.110535474748898E-6 -44.97364786908262 22.936585688223033
-8.110535474748898E-6 -44.97364786908262 22.936585688223033
-8.103581738818267E-6 -44.914827791085514 22.884767430746805
-8.103581738818267E-6 -44.914827791085514 22.884767430746805
-6.640525050633939E-6 -44.85505001682117 22.83211520671881
-6.640525050633939E-6 -44.85505001682117 22.83211520671881
-6.642584573453055E-6 -44.79369586643494 22.778544788105403
-6.642584573453055E-6 -44.79369586643494 22.778544788105403
-5.2052528401027315E-6 -44.731607174439155 22.72439905813695
-5.2052528401027315E-6 -44.731607174439155 22.72439905813695
-5.273198127963107E-6 -44.668122559867115 22.669585671339618
-5.273198127963107E-6 -44.668122559867115 22.669585671339618
-3.940207961143233E-6 -44.604056521012566 22.614431328027877
-3.940207961143233E-6 -44.604056521012566 22.614431328027877
-4.0225850721824775E-6 -44.53871348145575 22.5588393138675
-4.0225850721824775E-6 -44.53871348145575 22.5588393138675
-2.7444205836059464E-6 -44.47289231943428 22.503105409803567
-2.7444205836059464E-6 -44.47289231943428 22.503105409803567
-2.8745563036962644E-6 -44.40587183024526 22.44711491157082
-2.8745563036962644E-6 -44.40587183024526 22.44711491157082
-1.7192390539128632E-6 -44.33844122068911 22.391125472745024
-1.7192390539128632E-6 -44.33844122068911 22.391125472745024
-1.925868097779505E-6 -44.2698570017625 22.335005699230635
-1.925868097779505E-6 -44.2698570017625 22.335005699230635
-8.762703329688498E-7 -44.20090170048721 22.278979305869786
-8.762703329688498E-7 -44.20090170048721 22.278979305869786
-1.1357983450887864E-6 -44.13081256777388 22.222905939123635
-1.1357983450887864E-6 -44.13081256777388 22.222905939123635
-1.8869966962147396E-7 -44.06036882578094 22.166981393858542
-1.8869966962147396E-7 -44.06036882578094 22.166981393858542
-4.938177302672279E-7 -43.98879242011928 22.11106448099342
-4.938177302672279E-7 -43.98879242011928 22.11106448099342
3.667957923758366E-7 -43.91686361789465 22.05532770436689
3.667957923758366E-7 -43.91686361789465 22.05532770436689
1.93966913036515E-6 -43.84643625215007 21.999236369316016
1.93966913036515E-6 -43.84643625215007 21.999236369316016
1.696870201152956E-6 -43.77528210883496 21.943325789602703
1.696870201152956E-6 -43.77528210883496 21.943325789602703
2.887329992935942E-4 -43.7000434612916 21.917055453159634
2.887329992935942E-4 -43.7000434612916 21.917055453159634
5.980744519362422E-4 -43.596805218979014 22.01436653346798
5.980744519362422E-4 -43.596805218979014 22.01436653346798
-1.5783053318562334E-4 -43.48938828462979 22.18419601776222
-1.5783053318562334E-4 -43.48938828462979 22.18419601776222
-8.429545362303513E-4 -43.394787722086456 22.378370876133083
-8.429545362303513E-4 -43.394787722086456 22.378370876133083
-8.600789751359452E-4 -43.317167969811756 22.56778709659808
-8.600789751359452E-4 -43.317167969811756 22.56778709659808
-0.0010179462930897704 -43.2484205013903 22.767352750340695
-0.0010179462930897704 -43.2484205013903 22.767352750340695
-8.84970184625282E-4 -43.16923199234348 23.017736836449554
-8.84970184625282E-4 -43.16923199234348 23.017736836449554
-4.341416432189439E-4 -43.096941021411666 23.286314756794084
-4.341416432189439E-4 -43.096941021411666 23.286314756794084
-2.4846711006641826E-4 -43.03770808056491 23.54492914694298
-2.4846711006641826E-4 -43.03770808056491 23.54492914694298
-3.2147559335496563E-4 -42.98401897629332 23.810212472800057
-3.2147559335496563E-4 -42.98401897629332 23.810212472800057
-2.858210927817285E-4 -42.921629297907984 24.112615028656858
-2.858210927817285E-4 -42.921629297907984 24.112615028656858
9.626631829354692E-5 -42.86510772271211 24.42688510568664
9.626631829354692E-5 -42.86510772271211 24.42688510568664
2.6824498702998975E-4 -42.81849778666347 24.73175826063817
2.6824498702998975E-4 -42.81849778666347 24.73175826063817
3.328448764790802E-4 -42.76968965409382 25.057024787613773
3.328448764790802E-4 -42.76968965409382 25.057024787613773
2.961505840093971E-4 -42.717131635836786 25.406455103161157
2.961505840093971E-4 -42.717131635836786 25.406455103161157
1.9790171271643028E-4 -42.67105441108909 25.76198634931331
1.9790171271643028E-4 -42.67105441108909 25.76198634931331
8.759250737670426E-5 -42.63006495595123 26.116212280058498
8.759250737670426E-5 -42.63006495595123 26.116212280058498
7.571068321628017E-5 -42.583366895015935 26.502220992255445
7.571068321628017E-5 -42.583366895015935 26.502220992255445
7.368345324529135E-5 -42.53980325015822 26.896601584265458
7.368345324529135E-5 -42.53980325015822 26.896601584265458
6.785475361941552E-5 -42.502975318322996 27.296690984722197
6.785475361941552E-5 -42.502975318322996 27.296690984722197
5.0060246063670624E-5 -42.46335556547986 27.715821806686904
5.0060246063670624E-5 -42.46335556547986 27.715821806686904
0.014923803808657843 -42.42401220013677 28.11558484967808
0.014923803808657843 -42.42401220013677 28.11558484967808
0.03293108866881908 -42.39429552604621 28.442923966059386
0.03293108866881908 -42.39429552604621 28.442923966059386
0.04856521963422876 -42.374255128747734 28.753047693996987
0.04856521963422876 -42.374255128747734 28.753047693996987
0.06299789576081122 -42.3541542360047 29.099281638421104
0.06299789576081122 -42.3541542360047 29.099281638421104
0.07655955448775827 -42.33692857050197 29.47035861883646
0.07655955448775827 -42.33692857050197 29.47035861883646
0.09034035486765649 -42.32605101116835 29.87449370785114
0.09034035486765649 -42.32605101116835 29.87449370785114
0.10576842871001849 -42.32211768662375 30.27538718681701
0.10576842871001849 -42.32211768662375 30.27538718681701
0.11965942360194703 -42.32690332557375 30.639098062171335
0.11965942360194703 -42.32690332557375 30.639098062171335
0.12933045040270336 -42.34370424467623 30.957269137145893
0.12933045040270336 -42.34370424467623 30.957269137145893
0.13541917293847233 -42.372358853849875 31.231947677909677
0.13541917293847233 -42.372358853849875 31.231947677909677
0.13849255710930852 -42.411058870309986 31.468728954303185
0.13849255710930852 -42.411058870309986 31.468728954303185
0.1392400387199017 -42.45796274721056 31.673525164082886
0.1392400387199017 -42.45796274721056 31.673525164082886
0.13522897563522285 -42.51223292652599 31.8501427624049
0.13522897563522285 -42.51223292652599 31.8501427624049
0.11067274989369734 -42.58292049837047 31.986333835881076
0.11067274989369734 -42.58292049837047 31.986333835881076
0.0941113725558631 -42.652366774475354 32.11240160226122
0.0941113725558631 -42.652366774475354 32.11240160226122
0.0837834058418648 -42.72065683413959 32.23026967086002
0.0837834058418648 -42.72065683413959 32.23026967086002
0.07818173512211384 -42.78820315221529 32.340099279968506
0.07818173512211384 -42.78820315221529 32.340099279968506
0.07530459088910244 -42.85496076057843 32.44246551291843
0.07530459088910244 -42.85496076057843 32.44246551291843
0.07404157109433543 -42.92151287582551 32.53699887683761
0.07404157109433543 -42.92151287582551 32.53699887683761
0.07288653227284878 -42.98833865860427 32.6235093662299
0.07288653227284878 -42.98833865860427 32.6235093662299
0.07150044147558642 -43.05531868933045 32.7027323432212
0.07150044147558642 -43.05531868933045 32.7027323432212
0.06986519395085428 -43.12221320992891 32.77560065479326
0.06986519395085428 -43.12221320992891 32.77560065479326
0.0680370208386062 -43.188780656618796 32.842988778431724
0.0680370208386062 -43.188780656618796 32.842988778431724
0.06607027235434737 -43.25481335078322 32.90566445850423
0.06607027235434737 -43.25481335078322 32.90566445850423
0.06401045590488441 -43.32013898600265 32.964277002012444
0.06401045590488441 -43.32013898600265 32.964277002012444
0.06190335294228574 -43.38462114061966 33.019372631147995
0.06190335294228574 -43.38462114061966 33.019372631147995
0.05978473608149713 -43.44815264207277 33.07140727340225
0.05978473608149713 -43.44815264207277 33.07140727340225
0.0576762452904716 -43.5106515171688 33.12076243519829
0.0576762452904716 -43.5106515171688 33.12076243519829
0.05559600037400821 -43.57205638313514 33.16775677477078
0.05559600037400821 -43.57205638313514 33.16775677477078
0.053562307047571214 -43.63232354220821 33.21265670851788
0.053562307047571214 -43.63232354220821 33.21265670851788
0.0516062500454363 -43.69143829048754 33.255671281182536
0.0516062500454363 -43.69143829048754 33.255671281182536
0.049741999685982155 -43.74940157336001 33.29697067724599
0.049741999685982155 -43.74940157336001 33.29697067724599
0.047946440453260825 -43.80622171481584 33.33668838232216
0.047946440453260825 -43.80622171481584 33.33668838232216
0.046210131658038896 -43.861898150735 33.37495502025247
0.046210131658038896 -43.861898150735 33.37495502025247
0.04453155611825353 -43.91642871720975 33.41189448187501
0.04453155611825353 -43.91642871720975 33.41189448187501
0.042911199227802524 -43.969814500453424 33.44761668476505
0.042911199227802524 -43.969814500453424 33.44761668476505
0.04135049091812108 -44.02206106911572 33.482217095365314
0.04135049091812108 -44.02206106911572 33.482217095365314
0.03984966967001544 -44.07317766535086 33.51577795467672
0.03984966967001544 -44.07317766535086 33.51577795467672
0.038407633889874004 -44.12317683129493 33.548370176553846
0.038407633889874004 -44.12317683129493 33.548370176553846
0.03702330794127788 -44.17207353342809 33.58005503580286
0.03702330794127788 -44.17207353342809 33.58005503580286
0.035695007069620706 -44.219884791730486 33.610885793966986
0.035695007069620706 -44.219884791730486 33.610885793966986
0.03439775851084852 -44.266629147596255 33.64090660638286
0.03439775851084852 -44.266629147596255 33.64090660638286
0.033101783006339806 -44.31232664221846 33.67015171171998
0.033101783006339806 -44.31232664221846 33.67015171171998
0.031815050081161034 -44.35699809694758 33.698655139983956
0.031815050081161034 -44.35699809694758 33.698655139983956
0.030563166311143315 -44.400664332308324 33.72645292078704
0.030563166311143315 -44.400664332308324 33.72645292078704
0.02937021359068584 -44.44334600717229 33.753580018759806
0.02937021359068584 -44.44334600717229 33.753580018759806
0.028249557015211736 -44.48506390352362 33.780067521754006
0.028249557015211736 -44.48506390352362 33.780067521754006
0.02720264629765992 -44.52583906361613 33.80594149797819
0.02720264629765992 -44.52583906361613 33.80594149797819
0.026222241004516943 -44.56569279505602 33.83122340432865
0.026222241004516943 -44.56569279505602 33.83122340432865
0.025297592791370224 -44.604646491807074 33.85593132819981
0.025297592791370224 -44.604646491807074 33.85593132819981
0.024418988391305362 -44.642721432948264 33.88008142983904
0.024418988391305362 -44.642721432948264 33.88008142983904
0.02357980531912535 -44.679938581059474 33.903689003142546
0.02357980531912535 -44.679938581059474 33.903689003142546
0.02277647548534295 -44.716318469284175 33.926768987939134
0.02277647548534295 -44.716318469284175 33.926768987939134
0.022007605967933566 -44.75188114905181 33.94933605027201
0.022007605967933566 -44.75188114905181 33.94933605027201
0.02145413793343784 -44.786691266962464 33.971340474228406
0.02145413793343784 -44.786691266962464 33.971340474228406
0.025883924429768078 -44.82260275383546 33.9905448508668
0.025883924429768078 -44.82260275383546 33.9905448508668
0.029972341403270382 -44.85875342762492 34.00778070842112
0.029972341403270382 -44.85875342762492 34.00778070842112
0.030267136940860317 -44.895768645458745 34.02232443067932
0.030267136940860317 -44.895768645458745 34.02232443067932
0.027059024605137465 -44.933136541762494 34.0348611241324
0.027059024605137465 -44.933136541762494 34.0348611241324
0.023748037825141174 -44.96966795406387 34.04748901680736
0.023748037825141174 -44.96966795406387 34.04748901680736
0.02152654904280632 -45.005054807021175 34.060920682607915
0.02152654904280632 -45.005054807021175 34.060920682607915
0.020474119700074005 -45.039259383323525 34.07525588099461
0.020474119700074005 -45.039259383323525 34.07525588099461
0.02017761172792814 -45.07233666293773 34.09033684338873
0.02017761172792814 -45.07233666293773 34.09033684338873
0.020136793449559334 -45.104367669762304 34.105924375552576
0.020136793449559334 -45.104367669762304 34.105924375552576
0.019984567858299107 -45.13543537747467 34.121793153170664
0.019984567858299107 -45.13543537747467 34.121793153170664
0.019563990490518414 -45.16561214222263 34.137772786608
0.019563990490518414 -45.16561214222263 34.137772786608
0.018898552416879134 -45.194957512106534 34.15375572832284
0.018898552416879134 -45.194957512106534 34.15375572832284
0.01810212709216063 -45.223518580754316 34.169682493794596
0.01810212709216063 -45.223518580754316 34.169682493794596
0.017294943524125316 -45.2513337992697 34.18552070337621
0.017294943524125316 -45.2513337992697 34.18552070337621
0.016559428795832207 -45.278435928959176 34.201247298592044
0.016559428795832207 -45.278435928959176 34.201247298592044
0.015927850066478913 -45.30485472624593 34.21683921999968
0.015927850066478913 -45.30485472624593 34.21683921999968
0.015389873619821998 -45.33061795716928 34.232270385583746
0.015389873619821998 -45.33061795716928 34.232270385583746
0.014913970352578246 -45.355751889509655 34.24751352284573
0.014913970352578246 -45.355751889509655 34.24751352284573
0.014469085620968897 -45.38028105147448 34.262543655275145
0.014469085620968897 -45.38028105147448 34.262543655275145
0.014034881903801998 -45.40422803898683 34.27734095903604
0.014034881903801998 -45.40422803898683 34.27734095903604
0.013602852095305502 -45.42761339061035 34.29189158400298
0.013602852095305502 -45.42761339061035 34.29189158400298
0.013174228771079505 -45.45045574962995 34.30618715387318
0.013174228771079505 -45.45045574962995 34.30618715387318
0.012755485318460005 -45.472772123051065 34.320223471056835
0.012755485318460005 -45.472772123051065 34.320223471056835
0.01235285328268287 -45.494578205840064 34.33399897599812
0.01235285328268287 -45.494578205840064 34.33399897599812
0.01196956819141895 -45.51588867883065 34.347513449226796
0.01196956819141895 -45.51588867883065 34.347513449226796
0.011606119879454523 -45.53671742635273 34.36076735261681
0.011606119879454523 -45.53671742635273 34.36076735261681
0.011261050058626949 -45.55707766611091 34.3737616179414
0.011261050058626949 -45.55707766611091 34.3737616179414
0.01093173237866158 -45.57698201320495 34.38649762926902
0.01093173237866158 -45.57698201320495 34.38649762926902
0.010615606467901889 -45.59644252564034 34.39897729865398
0.010615606467901889 -45.59644252564034 34.39897729865398
0.010311029327461245 -45.61547072874386 34.4112031541677
0.010311029327461245 -45.61547072874386 34.4112031541677
0.010017142598706917 -45.63407764895426 34.42317831689696
0.010017142598706917 -45.63407764895426 34.42317831689696
0.009733500433098383 -45.65227385123375 34.43490637630674
0.009733500433098383 -45.65227385123375 34.43490637630674
0.009459942284168084 -45.67006948760398 34.44639125932551
0.009459942284168084 -45.67006948760398 34.44639125932551
0.009196389794171029 -45.68747433574236 34.45763711652496
0.009196389794171029 -45.68747433574236 34.45763711652496
0.008942576768162533 -45.704497836693044 34.4686482181538
0.008942576768162533 -45.704497836693044 34.4686482181538
0.00869804514595742 -45.721149123159776 34.47942888296172
0.00869804514595742 -45.721149123159776 34.47942888296172
0.008462298646116726 -45.73743704349553 34.48998345362715
0.008462298646116726 -45.73743704349553 34.48998345362715
0.008234841681876168 -45.75337017672172 34.500316285867946
0.008234841681876168 -45.75337017672172 34.500316285867946
0.008015176753388642 -45.76895684738902 34.51043173486941
0.008015176753388642 -45.76895684738902 34.51043173486941
0.007802870572131074 -45.78420513768682 34.52033414554472
0.007802870572131074 -45.78420513768682 34.52033414554472
0.00759758194687323 -45.7991228994796 34.53002784629062
0.00759758194687323 -45.7991228994796 34.53002784629062
0.007399008815611743 -45.81371776453263 34.53951713505579
0.007399008815611743 -45.81371776453263 34.53951713505579
0.007206859357781308 -45.82799715556743 34.548806263453706
0.007206859357781308 -45.82799715556743 34.548806263453706
0.007020865882160056 -45.84196829578929 34.5578994267509
0.007020865882160056 -45.84196829578929 34.5578994267509
0.006840776264740783 -45.85563821762121 34.56680075756195
0.006840776264740783 -45.85563821762121 34.56680075756195
0.0066663338258666025 -45.869013770219354 34.57551431912711
0.0066663338258666025 -45.869013770219354 34.57551431912711
0.006497286726794822 -45.88210162671983 34.58404410166398
0.006497286726794822 -45.88210162671983 34.58404410166398
0.006333402917412027 -45.89490829042649 34.59239402205631
0.006333402917412027 -45.89490829042649 34.59239402205631
0.006174464305902258 -45.90744010057379 34.60056792342183
0.006174464305902258 -45.90744010057379 34.60056792342183
0.006020261431787986 -45.919703237722416 34.60856957377033
0.006020261431787986 -45.919703237722416 34.60856957377033
0.0058705997912534575 -45.93170372900338 34.61640266587825
0.0058705997912534575 -45.93170372900338 34.61640266587825
0.005725300139491851 -45.94344745290959 34.624070817738314
0.005725300139491851 -45.94344745290959 34.624070817738314
0.005584191195287054 -45.95494014390657 34.631577572413946
0.005584191195287054 -45.95494014390657 34.631577572413946
0.005447108614453421 -45.96618739684105 34.638926398039125
0.005447108614453421 -45.96618739684105 34.638926398039125
0.005313898002895249 -45.977194671129716 34.646120688751814
0.005313898002895249 -45.977194671129716 34.646120688751814
0.005184413147458149 -45.987967294669716 34.6531637657492
0.005184413147458149 -45.987967294669716 34.6531637657492
0.005058513443983042 -45.99851046760854 34.660058878144085
0.005058513443983042 -45.99851046760854 34.660058878144085
0.004936065255212194 -46.008829265957665 34.6668092041279
0.004936065255212194 -46.008829265957665 34.6668092041279
0.004816942792842208 -46.01892864503614 34.673417852433325
0.004816942792842208 -46.01892864503614 34.673417852433325
0.004701026335363671 -46.02881344276618 34.67988786362427
0.004701026335363671 -46.02881344276618 34.67988786362427
0.004588201441697249 -46.03848838287189 34.68622221130717
0.004588201441697249 -46.03848838287189 34.68622221130717
0.004478359660533387 -46.04795807795988 34.692423803517194
0.004478359660533387 -46.04795807795988 34.692423803517194
0.004371398097305225 -46.05722703247742 34.69849548413399
0.004371398097305225 -46.05722703247742 34.69849548413399
0.004267218308850074 -46.0662996455723 34.704440034177864
0.004267218308850074 -46.0662996455723 34.704440034177864
0.004165726262636053 -46.07518021386511 34.71026017313029
0.004165726262636053 -46.07518021386511 34.71026017313029
0.004066832535901984 -46.08387293412292 34.7159585603297
0.004066832535901984 -46.08387293412292 34.7159585603297
0.003970451768421111 -46.092381905840945 34.72153779631936
0.003970451768421111 -46.092381905840945 34.72153779631936
0.00387650221160298 -46.10071113374779 34.72700042413427
0.00387650221160298 -46.10071113374779 34.72700042413427
0.0037849058026091405 -46.10886453023354 34.73234893060807
0.0037849058026091405 -46.10886453023354 34.73234893060807
0.0036955880414513273 -46.116845917699386 34.73758574767667
0.0036955880414513273 -46.116845917699386 34.73758574767667
0.003608477576880651 -46.12465903083573 34.74271325362417
0.003608477576880651 -46.12465903083573 34.74271325362417
0.0035235060330451916 -46.13230751883559 34.747733774299654
0.0035235060330451916 -46.13230751883559 34.747733774299654
0.0034406079908776057 -46.1397949475413 34.75264958433299
0.0034406079908776057 -46.1397949475413 34.75264958433299
0.003359720779263042 -46.14712480152653 34.757462908321244
0.003359720779263042 -46.14712480152653 34.757462908321244
0.0032807842359296366 -46.154300486119126 34.762175921973224
0.0032807842359296366 -46.154300486119126 34.762175921973224
0.003203740631555418 -46.16132532936659 34.76679075323614
0.003203740631555418 -46.16132532936659 34.76679075323614
0.0031285345875169956 -46.16820258394428 34.77130948340532
0.0031285345875169956 -46.16820258394428 34.77130948340532
0.003055112899084925 -46.174935429009466 34.77573414820038
0.003055112899084925 -46.174935429009466 34.77573414820038
0.0029834244060861115 -46.18152697200384 34.78006673881198
0.0029834244060861115 -46.18152697200384 34.78006673881198
0.0029134199301464204 -46.187980250406156 34.78430920292997
0.0029134199301464204 -46.187980250406156 34.78430920292997
0.002845052172795103 -46.194298233435234 34.78846344574758
0.002845052172795103 -46.194298233435234 34.78846344574758
0.0027782755908952496 -46.20048382370649 34.79253133093671
0.0027782755908952496 -46.20048382370649 34.79253133093671
0.0027130463178245395 -46.20653985884344 34.79651468159982
0.0027130463178245395 -46.20653985884344 34.79651468159982
0.0026493220985100018 -46.212469113044946 34.80041528120201
0.0026493220985100018 -46.212469113044946 34.80041528120201
0.0025870621990967436 -46.218274298609884 34.804234874478865
0.0025870621990967436 -46.218274298609884 34.804234874478865
0.0025262273241778337 -46.22395806742093 34.807975168320176
0.0025262273241778337 -46.22395806742093 34.807975168320176
0.0024667795587734603 -46.229523012388555 34.81163783263353
0.0024667795587734603 -46.229523012388555 34.81163783263353
0.0024086823064519945 -46.234971668856346 34.81522450118759
0.0024086823064519945 -46.234971668856346 34.81522450118759
0.002351900219263028 -46.240306515968925 34.81873677243341
0.002351900219263028 -46.240306515968925 34.81873677243341
0.00229639914017552 -46.2455299780038 34.822176210305415
0.00229639914017552 -46.2455299780038 34.822176210305415
0.002242146054583641 -46.25064442566825 34.82554434500361
0.002242146054583641 -46.25064442566825 34.82554434500361
0.0021891090369809043 -46.255652177361874 34.82884267375686
0.0021891090369809043 -46.255652177361874 34.82884267375686
0.0021372571988141154 -46.260555500406426 34.832072661566606
0.0021372571988141154 -46.260555500406426 34.832072661566606
0.0020865606451031856 -46.26535661224358 34.835235741933
0.0020865606451031856 -46.26535661224358 34.835235741933
0.002036990433075991 -46.27005768160168 34.83833331756353
0.002036990433075991 -46.27005768160168 34.83833331756353
0.001988518529129963 -46.27466082963234 34.84136676106449
0.001988518529129963 -46.27466082963234 34.84136676106449
0.0019411177695815938 -46.2791681310179 34.84433741561525
0.0019411177695815938 -46.2791681310179 34.84433741561525
0.0018947618259022797 -46.2835816150505 34.847246595626785
0.0018947618259022797 -46.2835816150505 34.847246595626785
0.0018494251701463072 -46.28790326668362 34.85009558738419
0.0018494251701463072 -46.28790326668362 34.85009558738419
0.001805083041065598 -46.29213502755687 34.85288564967377
0.001805083041065598 -46.29213502755687 34.85288564967377
0.0017617114135264726 -46.29627879699484 34.85561801439506
0.0017617114135264726 -46.29627879699484 34.85561801439506
0.001719286969903496 -46.300336432980885 34.85829388715832
0.001719286969903496 -46.300336432980885 34.85829388715832
0.001677787071797457 -46.304309753106146 34.8609144478679
0.001677787071797457 -46.304309753106146 34.8609144478679
0.00163718973328467 -46.30820053549501 34.86348085129149
0.00163718973328467 -46.30820053549501 34.86348085129149
0.001597473596320866 -46.31201051970743 34.865994227616156
0.001597473596320866 -46.31201051970743 34.865994227616156
0.0015586179071052121 -46.3157414076187 34.868455682990984
0.0015586179071052121 -46.3157414076187 34.868455682990984
0.001520602493153782 -46.31939486427751 34.87086630005728
0.001520602493153782 -46.31939486427751 34.87086630005728
0.0014834077418407546 -46.32297251874268 34.8732271384659
0.0014834077418407546 -46.32297251874268 34.8732271384659
0.0014470145802220097 -46.3264759648994 34.87553923538277
0.0014470145802220097 -46.3264759648994 34.87553923538277
0.0014114044555361446 -46.329906762255256 34.87780360598245
0.0014114044555361446 -46.329906762255256 34.87780360598245
0.0013765593165643145 -46.3332664367169 34.88002124393025
0.0013765593165643145 -46.3332664367169 34.88002124393025
0.0013424615961047446 -46.33655648134769 34.882193121852985
0.0013424615961047446 -46.33655648134769 34.882193121852985
0.0013090941942551222 -46.33977835710692 34.88432019179895
0.0013090941942551222 -46.33977835710692 34.88432019179895
0.0012764404623123054 -46.342933493571074 34.88640338568722
0.0012764404623123054 -46.342933493571074 34.88640338568722
0.0012444841874654725 -46.34602328963764 34.88844361574649
0.0012444841874654725 -46.34602328963764 34.88844361574649
0.0012132095782769131 -46.34904911421194 34.89044177494387
0.0012132095782769131 -46.34904911421194 34.89044177494387
0.0011826012507475617 -46.35201230687745 34.89239873740374
0.0011826012507475617 -46.35201230687745 34.89239873740374
0.001152644214952868 -46.35491417855004 34.89431535881711
0.001152644214952868 -46.35491417855004 34.89431535881711
0.0011233238623233803 -46.35775601211655 34.89619247684152
0.0011233238623233803 -46.35775601211655 34.89619247684152
0.00109462595349047 -46.36053906305808 34.89803091149186
0.00109462595349047 -46.36053906305808 34.89803091149186
0.0010665366066055781 -46.363264560058525 34.8998314655221
0.0010665366066055781 -46.363264560058525 34.8998314655221
0.0010390422861553473 -46.36593370559873 34.9015949247986
0.0010390422861553473 -46.36593370559873 34.9015949247986
0.0010121297922747725 -46.368547676536316 34.90332205866482
0.0010121297922747725 -46.368547676536316 34.90332205866482
9.857862504902039E-4 -46.371107624672106 34.90501362029772
9.857862504902039E-4 -46.371107624672106 34.90501362029772
9.599991018608328E-4 -46.37361467730314 34.90667034705607
9.599991018608328E-4 -46.37361467730314 34.90667034705607
9.347560935304013E-4 -46.37606993776252 34.90829296082111
9.347560935304013E-4 -46.37606993776252 34.90829296082111
9.100452696633722E-4 -46.378474485946874 34.909882168329226
9.100452696633722E-4 -46.378474485946874 34.909882168329226
8.858549627253839E-4 -46.380829378831294 34.91143866149746
8.858549627253839E-4 -46.380829378831294 34.91143866149746
8.621737850982876E-4 -46.38313565097233 34.9129631177415
8.621737850982876E-4 -46.38313565097233 34.9129631177415
8.389906210263365E-4 -46.38539431499927 34.91445620028654
8.389906210263365E-4 -46.38539431499927 34.91445620028654
8.162946188663355E-4 -46.38760636209406 34.915918558471326
8.162946188663355E-4 -46.38760636209406 34.915918558471326
7.940751836210094E-4 -46.38977276246011 34.917350828045336
7.940751836210094E-4 -46.38977276246011 34.917350828045336
0.00295642823680824 -46.39241026170553 34.91808279742936
0.00295642823680824 -46.39241026170553 34.91808279742936
0.012157409935505006 -46.39660850440866 34.9163623332043
0.012157409935505006 -46.39660850440866 34.9163623332043
0.017262556112878264 -46.40117262209025 34.913821161115266
0.017262556112878264 -46.40117262209025 34.913821161115266
0.019966284537353402 -46.40557661173454 34.9115945230233
0.019966284537353402 -46.40557661173454 34.9115945230233
0.022491489625093106 -46.40970076792179 34.91007072989545
0.022491489625093106 -46.40970076792179 34.91007072989545
0.024815041221630578 -46.413530995329914 34.90928519515913
0.024815041221630578 -46.413530995329914 34.90928519515913
0.02692997298579599 -46.4170937234561 34.909140397345546
0.02692997298579599 -46.4170937234561 34.909140397345546
0.028849926016811793 -46.42042793405642 34.90948877101662
0.028849926016811793 -46.42042793405642 34.90948877101662
0.03061190782122096 -46.42357615919511 34.910130493999645
0.03061190782122096 -46.42357615919511 34.910130493999645
0.03223348028687076 -46.42657660006503 34.910952275392916
0.03223348028687076 -46.42657660006503 34.910952275392916
0.033718585934123704 -46.42945337256224 34.91190091537821
0.033718585934123704 -46.42945337256224 34.91190091537821
0.0350787066615212 -46.43222208013239 34.91294357488715
0.0350787066615212 -46.43222208013239 34.91294357488715
0.036327470486952826 -46.434894140272 34.91405685311637
0.036327470486952826 -46.434894140272 34.91405685311637
0.03747125322835758 -46.43747844650251 34.915222641488306
0.03747125322835758 -46.43747844650251 34.915222641488306
0.03540548298659407 -46.4408036510476 34.915182697656185
0.03540548298659407 -46.4408036510476 34.915182697656185
0.027837138220255596 -46.445458789144965 34.912693057179794
0.027837138220255596 -46.445458789144965 34.912693057179794
0.02031676825446052 -46.45031847660962 34.90979031028062
0.02031676825446052 -46.45031847660962 34.90979031028062
0.015360594848676055 -46.45497735193554 34.9075476936559
0.015360594848676055 -46.45497735193554 34.9075476936559
0.013291835122143122 -46.459310285705875 34.90623054041064
0.013291835122143122 -46.459310285705875 34.90623054041064
0.013226041793965622 -46.463320517231445 34.90572019401963
0.013226041793965622 -46.463320517231445 34.90572019401963
0.013928622934742925 -46.467051904872925 34.90585083923704
0.013928622934742925 -46.467051904872925 34.90585083923704
0.014425655820228265 -46.47055255660459 34.90646187959322
0.014425655820228265 -46.47055255660459 34.90646187959322
0.01427716196425179 -46.47386600511551 34.90733871248325
0.01427716196425179 -46.47386600511551 34.90733871248325
0.013515900437597178 -46.477036706128814 34.908290432627496
0.013515900437597178 -46.477036706128814 34.908290432627496
0.012397032861420527 -46.48009267804942 34.90927318261876
0.012397032861420527 -46.48009267804942 34.90927318261876
0.011208041287112992 -46.48304507378395 34.91030312893396
0.011208041287112992 -46.48304507378395 34.91030312893396
0.010151040364535782 -46.48589799471539 34.911405850665666
0.010151040364535782 -46.48589799471539 34.911405850665666
0.009310790549358768 -46.488654713166056 34.91259345457352
0.009310790549358768 -46.488654713166056 34.91259345457352
0.008674354369848813 -46.49132021067628 34.9138595933371
0.008674354369848813 -46.49132021067628 34.9138595933371
0.008174871494439897 -46.49390123748367 34.91518450081173
0.008174871494439897 -46.49390123748367 34.91518450081173
0.007739126560759765 -46.49640532624485 34.916543770711115
0.007739126560759765 -46.49640532624485 34.916543770711115
0.007317155374749875 -46.49883954705737 34.91791599245686
0.007317155374749875 -46.49883954705737 34.91791599245686
0.006887929437663504 -46.50120973441131 34.919286465863735
0.006887929437663504 -46.50120973441131 34.919286465863735
0.006452621028150831 -46.50352026235258 34.92064724882318
0.006452621028150831 -46.50352026235258 34.92064724882318
0.006024687429231958 -46.50577429887782 34.921995322515876
0.006024687429231958 -46.50577429887782 34.921995322515876
0.005619181576995806 -46.507974191506335 34.923330189332255
0.005619181576995806 -46.507974191506335 34.923330189332255
0.005245227103203167 -46.51012187906217 34.92465180095887
0.005245227103203167 -46.51012187906217 34.92465180095887
0.0049047944626181205 -46.512219159051334 34.925959450519755
0.0049047944626181205 -46.512219159051334 34.925959450519755
0.004595081045441979 -46.5142678140659 34.92725166192598
0.004595081045441979 -46.5142678140659 34.92725166192598
0.004310882020437863 -46.51626959878264 34.92852653682498
0.004310882020437863 -46.51626959878264 34.92852653682498
0.004046702204032983 -46.51822619718848 34.92978218275166
0.004046702204032983 -46.51822619718848 34.92978218275166
0.003798611114407582 -46.52013916865494 34.93101707871712
0.003798611114407582 -46.52013916865494 34.93101707871712
0.00356468324078305 -46.52200992190909 34.93223026367543
0.00356468324078305 -46.52200992190909 34.93223026367543
0.003344205922827528 -46.52383971268691 34.93342128278057
0.003344205922827528 -46.52383971268691 34.93342128278057
0.0031369801384043064 -46.52562967334078 34.934590023541
0.0031369801384043064 -46.52562967334078 34.934590023541
0.0029429710177169208 -46.52738084413657 34.93573656778968
0.0029429710177169208 -46.52738084413657 34.93573656778968
0.00276191298304004 -46.5290942014168 34.936861079802775
0.00276191298304004 -46.5290942014168 34.936861079802775
0.0025931001627537845 -46.53077067579447 34.93796372761723
0.0025931001627537845 -46.53077067579447 34.93796372761723
0.002435588872597011 -46.532411164229366 34.93904466614214
0.002435588872597011 -46.532411164229366 34.93904466614214
0.002288439918802504 -46.53401653199876 34.9401040613358
0.002288439918802504 -46.53401653199876 34.9401040613358
0.0021507652224811635 -46.535587612144376 34.94114211067253
0.0021507652224811635 -46.535587612144376 34.94114211067253
0.0020217661730037454 -46.537125205198436 34.942159049669826
0.0020217661730037454 -46.537125205198436 34.942159049669826
0.0019008086906992824 -46.53863008075438 34.943155156973994
0.0019008086906992824 -46.53863008075438 34.943155156973994
0.0017873912126076107 -46.54010297901014 34.94413075116243
0.0017873912126076107 -46.54010297901014 34.94413075116243
0.0016810525768817786 -46.54154461381243 34.9450861759654
0.0016810525768817786 -46.54154461381243 34.9450861759654
0.001581350908356538 -46.542955676130475 34.94602178641471
0.001581350908356538 -46.542955676130475 34.94602178641471
0.001487875368235627 -46.54433683686359 34.9469379430039
0.001487875368235627 -46.54433683686359 34.9469379430039
0.0014002245071699487 -46.545688748498726 34.94783500749371
0.0014002245071699487 -46.545688748498726 34.94783500749371
0.0013179959322244745 -46.54701204654139 34.94871333909417
0.0013179959322244745 -46.54701204654139 34.94871333909417
0.001240811356801496 -46.54830735052329 34.949573294495984
0.001240811356801496 -46.54830735052329 34.949573294495984
0.001168328245720031 -46.54957526453749 34.95041522967075
0.001168328245720031 -46.54957526453749 34.95041522967075
0.0011002277941749834 -46.55081637767898 34.95123949939986
0.0011002277941749834 -46.55081637767898 34.95123949939986
0.0010362131492885705 -46.55203126471349 34.952046455951525
0.0010362131492885705 -46.55203126471349 34.952046455951525
