0.0 -47.9584 41.7642
0.0 -47.9584 41.7642
-9.938826087038481E-4 -47.978775042836354 41.32331152626366
-9.938826087038481E-4 -47.978775042836354 41.32331152626366
-0.0030443151157690156 -48.12063497387099 40.39664890866001
-0.0030443151157690156 -48.12063497387099 40.39664890866001
-8.918652737586973E-4 -48.288555130729705 39.43430626013855
-8.918652737586973E-4 -48.288555130729705 39.43430626013855
-2.240064142866035E-4 -48.41233613768637 38.583797504777536
-2.240064142866035E-4 -48.41233613768637 38.583797504777536
1.7276970678523022E-4 -48.4877425396705 37.87863978816886
1.7276970678523022E-4 -48.4877425396705 37.87863978816886
4.6210131108698546E-4 -48.50874169028475 37.31622484032774
4.6210131108698546E-4 -48.50874169028475 37.31622484032774
5.531597882481213E-4 -48.47479543130923 36.87616273463454
5.531597882481213E-4 -48.47479543130923 36.87616273463454
5.906489374271516E-4 -48.39181035111988 36.52701295965182
5.906489374271516E-4 -48.39181035111988 36.52701295965182
2.9421627049726855E-4 -48.271804475124554 36.2476807249457
2.9421627049726855E-4 -48.271804475124554 36.2476807249457
7.845756189698082E-5 -48.124334388425325 36.02156150067416
7.845756189698082E-5 -48.124334388425325 36.02156150067416
-4.943819132825631E-5 -47.952157051770115 35.83162242820075
-4.943819132825631E-5 -47.952157051770115 35.83162242820075
-1.635522862236057E-4 -47.761290519580385 35.667994607745484
-1.635522862236057E-4 -47.761290519580385 35.667994607745484
-1.601793047377765E-4 -47.55709046789594 35.528473053850384
-1.601793047377765E-4 -47.55709046789594 35.528473053850384
-5.4496001681777054E-5 -47.3474985913764 35.4010956342898
-5.4496001681777054E-5 -47.3474985913764 35.4010956342898
4.477629050494536E-5 -47.13761598014663 35.27834262021892
4.477629050494536E-5 -47.13761598014663 35.27834262021892
-1.1358519967536162E-5 -46.928206630173804 35.083256864740974
-1.1358519967536162E-5 -46.928206630173804 35.083256864740974
-1.2868665060101662E-4 -46.72971266789147 34.79196900320974
-1.2868665060101662E-4 -46.72971266789147 34.79196900320974
-1.8667431158933838E-4 -46.54313168361718 34.43655338246855
-1.8667431158933838E-4 -46.54313168361718 34.43655338246855
-2.157127583537697E-4 -46.36209432527215 34.002779098011985
-2.157127583537697E-4 -46.36209432527215 34.002779098011985
-1.7831826692056292E-4 -46.18767853922288 33.51453323085423
-1.7831826692056292E-4 -46.18767853922288 33.51453323085423
-8.728526323660327E-5 -46.016898421689575 33.01487930010822
-8.728526323660327E-5 -46.016898421689575 33.01487930010822
4.28877616622493E-5 -45.84407137368163 32.5606003201901
4.28877616622493E-5 -45.84407137368163 32.5606003201901
1.533407937511709E-4 -45.666346731638676 32.190745381909956
1.533407937511709E-4 -45.666346731638676 32.190745381909956
1.8740221002196345E-4 -45.4867738454983 31.904768648637404
1.8740221002196345E-4 -45.4867738454983 31.904768648637404
1.557339187431861E-4 -45.30850991446844 31.69071659730546
1.557339187431861E-4 -45.30850991446844 31.69071659730546
1.05902789208194E-4 -45.13690468442202 31.53198988794627
1.05902789208194E-4 -45.13690468442202 31.53198988794627
7.662482676081998E-5 -44.977116306650956 31.411697455357128
7.662482676081998E-5 -44.977116306650956 31.411697455357128
7.65277198120198E-5 -44.83163505251679 31.317507024657523
7.65277198120198E-5 -44.83163505251679 31.317507024657523
9.063985361719402E-5 -44.70146299899439 31.241442142004296
9.063985361719402E-5 -44.70146299899439 31.241442142004296
-5.9529253594724415E-6 -44.586282521787155 31.107288097971107
-5.9529253594724415E-6 -44.586282521787155 31.107288097971107
-1.1366946923473065E-4 -44.4914731625142 30.887499950968675
-1.1366946923473065E-4 -44.4914731625142 30.887499950968675
-1.2071890055858905E-4 -44.41317791138971 30.61296602027332
-1.2071890055858905E-4 -44.41317791138971 30.61296602027332
-5.329552262077042E-5 -44.344605759738414 30.306866204602848
-5.329552262077042E-5 -44.344605759738414 30.306866204602848
1.1793800379675477E-5 -44.28057578689919 29.985502723397982
1.1793800379675477E-5 -44.28057578689919 29.985502723397982
1.708529505848511E-4 -44.218521005912294 29.69635310348258
1.708529505848511E-4 -44.218521005912294 29.69635310348258
6.468820141199463E-4 -44.16965951318522 29.45458949887518
6.468820141199463E-4 -44.16965951318522 29.45458949887518
5.190331144644337E-4 -44.12682465553378 29.267638191194244
5.190331144644337E-4 -44.12682465553378 29.267638191194244
1.9792945321559784E-4 -44.083272496036855 29.140570416481133
1.9792945321559784E-4 -44.083272496036855 29.140570416481133
3.346919743657645E-5 -44.039705612899155 29.064733390475205
3.346919743657645E-5 -44.039705612899155 29.064733390475205
8.439094409809718E-5 -43.998807122026406 29.026882050176322
8.439094409809718E-5 -43.998807122026406 29.026882050176322
1.9770269760033756E-4 -43.96309691266284 29.014621972222514
1.9770269760033756E-4 -43.96309691266284 29.014621972222514
2.413831606220406E-4 -43.93540086756352 29.023576794482484
2.413831606220406E-4 -43.93540086756352 29.023576794482484
1.9005370407044824E-4 -43.91595923570831 29.046963013641367
1.9005370407044824E-4 -43.91595923570831 29.046963013641367
1.111379663657247E-4 -43.904496296315855 29.07723578771673
1.111379663657247E-4 -43.904496296315855 29.07723578771673
7.306880904955772E-5 -43.90044752043628 29.111198599412567
7.306880904955772E-5 -43.90044752043628 29.111198599412567
1.8272387577694687E-5 -43.90257134325884 29.109798152500424
1.8272387577694687E-5 -43.90257134325884 29.109798152500424
-4.9829713536507176E-5 -43.91240258314835 29.041607837709428
-4.9829713536507176E-5 -43.91240258314835 29.041607837709428
-1.295823001930321E-4 -43.929277597839345 28.877467034876695
-1.295823001930321E-4 -43.929277597839345 28.877467034876695
-5.88474721985369E-5 -43.951611606700126 28.67752008011692
-5.88474721985369E-5 -43.951611606700126 28.67752008011692
1.2201301053676723E-4 -43.96932575634868 28.521072700974155
1.2201301053676723E-4 -43.96932575634868 28.521072700974155
2.1920508216525286E-4 -43.97792357567122 28.42832250530473
2.1920508216525286E-4 -43.97792357567122 28.42832250530473
1.7761288488977488E-4 -43.97937220462749 28.392212373531315
1.7761288488977488E-4 -43.97937220462749 28.392212373531315
9.012921763979395E-5 -43.97799886624418 28.396459103950882
9.012921763979395E-5 -43.97799886624418 28.396459103950882
5.195292902502801E-5 -43.9777866560157 28.425172979183152
5.195292902502801E-5 -43.9777866560157 28.425172979183152
6.938789888219187E-5 -43.98132611619549 28.46672520116068
6.938789888219187E-5 -43.98132611619549 28.46672520116068
9.25999275448922E-5 -43.98977876683449 28.514211193610315
9.25999275448922E-5 -43.98977876683449 28.514211193610315
8.893665583568192E-5 -44.003269416343656 28.564373782315993
8.893665583568192E-5 -44.003269416343656 28.564373782315993
7.881771875670254E-5 -44.0229516415638 28.621940712605525
7.881771875670254E-5 -44.0229516415638 28.621940712605525
3.049080937139717E-6 -44.04699524241229 28.647897696085167
3.049080937139717E-6 -44.04699524241229 28.647897696085167
-8.924383487801134E-5 -44.07630322976661 28.60705895655368
-8.924383487801134E-5 -44.07630322976661 28.60705895655368
-1.069745157481252E-4 -44.10892893997388 28.50311537296862
-1.069745157481252E-4 -44.10892893997388 28.50311537296862
-6.042210056711381E-5 -44.14050662455987 28.353043585102995
-6.042210056711381E-5 -44.14050662455987 28.353043585102995
-1.8153389350519538E-5 -44.16690985429965 28.174471496914254
-1.8153389350519538E-5 -44.16690985429965 28.174471496914254
-4.309526807191041E-5 -44.19416629152944 27.96514107399008
-4.309526807191041E-5 -44.19416629152944 27.96514107399008
-3.777611749370673E-5 -44.235239809630094 27.739602081708476
-3.777611749370673E-5 -44.235239809630094 27.739602081708476
8.516015263932954E-5 -44.266481963998714 27.573761746230197
8.516015263932954E-5 -44.266481963998714 27.573761746230197
1.847111421419777E-4 -44.28212492903337 27.487221574759158
1.847111421419777E-4 -44.28212492903337 27.487221574759158
1.68842927895261E-4 -44.28680335860783 27.46666232838551
1.68842927895261E-4 -44.28680335860783 27.46666232838551
9.347863128369027E-5 -44.28761491666495 27.488729319767888
9.347863128369027E-5 -44.28761491666495 27.488729319767888
6.472063435142353E-5 -44.29180984152748 27.539563447583184
6.472063435142353E-5 -44.29180984152748 27.539563447583184
7.569011429178855E-5 -44.301855805391845 27.604570181317257
7.569011429178855E-5 -44.301855805391845 27.604570181317257
7.604782511484922E-5 -44.31818046828011 27.6713145349175
7.604782511484922E-5 -44.31818046828011 27.6713145349175
5.763034205439279E-5 -44.34023411548054 27.735941072535972
5.763034205439279E-5 -44.34023411548054 27.735941072535972
-2.9100429431494853E-5 -44.36632719244023 27.76022744514779
-2.9100429431494853E-5 -44.36632719244023 27.76022744514779
-1.1535320615382846E-4 -44.39708028775093 27.7153224104644
-1.1535320615382846E-4 -44.39708028775093 27.7153224104644
-1.1437769984517555E-4 -44.42964430892586 27.609362273569154
-1.1437769984517555E-4 -44.42964430892586 27.609362273569154
-5.9423733191554436E-5 -44.459099030904504 27.46189524162642
-5.9423733191554436E-5 -44.459099030904504 27.46189524162642
-2.6287739217557335E-5 -44.48141384696761 27.29109791138894
-2.6287739217557335E-5 -44.48141384696761 27.29109791138894
-3.247074283215572E-5 -44.49460106765456 27.109139304534786
-3.247074283215572E-5 -44.49460106765456 27.109139304534786
-1.8246654840678428E-5 -44.5141435000365 26.932767120329128
-1.8246654840678428E-5 -44.5141435000365 26.932767120329128
3.6747462597155297E-5 -44.545415517824715 26.77355754921704
3.6747462597155297E-5 -44.545415517824715 26.77355754921704
1.2746209992483797E-4 -44.56651190472407 26.676801282350908
1.2746209992483797E-4 -44.56651190472407 26.676801282350908
1.7518591543739642E-4 -44.57747226456235 26.65372619089912
1.7518591543739642E-4 -44.57747226456235 26.65372619089912
1.3558061069833145E-4 -44.58363872207262 26.684915877652976
1.3558061069833145E-4 -44.58363872207262 26.684915877652976
6.709872084238452E-5 -44.59094361820609 26.741995736313438
6.709872084238452E-5 -44.59094361820609 26.741995736313438
4.113017780858797E-5 -44.60323575469846 26.806889999039555
4.113017780858797E-5 -44.60323575469846 26.806889999039555
5.202185773490913E-5 -44.62156513787891 26.871372724908866
5.202185773490913E-5 -44.62156513787891 26.871372724908866
5.755657711734083E-5 -44.645197045111686 26.933771616178987
5.755657711734083E-5 -44.645197045111686 26.933771616178987
-3.1687305730035963E-5 -44.67231511244046 26.95647532635754
-3.1687305730035963E-5 -44.67231511244046 26.95647532635754
-1.30832708285734E-4 -44.703321064266795 26.911094966289856
-1.30832708285734E-4 -44.703321064266795 26.911094966289856
-1.2580629626664946E-4 -44.73488889033469 26.807085150869845
-1.2580629626664946E-4 -44.73488889033469 26.807085150869845
-6.087891643021879E-5 -44.76181447440697 26.66506068370538
-6.087891643021879E-5 -44.76181447440697 26.66506068370538
-2.90203059993899E-5 -44.78026387348726 26.50320973833526
-2.90203059993899E-5 -44.78026387348726 26.50320973833526
-4.082731942617296E-5 -44.788825626141666 26.33273135091807
-4.082731942617296E-5 -44.788825626141666 26.33273135091807
4.6170908452566116E-5 -44.790201149618454 26.205527031315142
4.6170908452566116E-5 -44.790201149618454 26.205527031315142
1.4798635274150413E-4 -44.784030875482124 26.151113400343323
1.4798635274150413E-4 -44.784030875482124 26.151113400343323
1.337151600700317E-4 -44.77433410405345 26.15249107166534
1.337151600700317E-4 -44.77433410405345 26.15249107166534
6.285741693445701E-5 -44.76705709562492 26.185757863389824
6.285741693445701E-5 -44.76705709562492 26.185757863389824
3.608559073422287E-5 -44.76613389682689 26.232512690197353
3.608559073422287E-5 -44.76613389682689 26.232512690197353
5.286149073047218E-5 -44.77271482552148 26.28306449964189
5.286149073047218E-5 -44.77271482552148 26.28306449964189
5.910904913349389E-5 -44.78603650149421 26.334478040898475
5.910904913349389E-5 -44.78603650149421 26.334478040898475
4.2727274413044235E-5 -44.80460143590999 26.387227092387015
4.2727274413044235E-5 -44.80460143590999 26.387227092387015
3.045420123077527E-5 -44.82699022887641 26.442578291651852
3.045420123077527E-5 -44.82699022887641 26.442578291651852
-4.2868787167556524E-5 -44.85162031155393 26.462426980345665
-4.2868787167556524E-5 -44.85162031155393 26.462426980345665
-1.172015695104645E-4 -44.87913181276651 26.41745466913489
-1.172015695104645E-4 -44.87913181276651 26.41745466913489
-1.0553219703057925E-4 -44.90625623046068 26.317033229612317
-1.0553219703057925E-4 -44.90625623046068 26.317033229612317
-7.100738189336899E-5 -44.93180190891581 26.174896427045372
-7.100738189336899E-5 -44.93180190891581 26.174896427045372
-1.522443997013929E-4 -44.98215372224769 25.94560709814468
-1.522443997013929E-4 -44.98215372224769 25.94560709814468
-1.1783377569795836E-4 -45.02610704461086 25.69026007888281
-1.1783377569795836E-4 -45.02610704461086 25.69026007888281
9.858593590591464E-5 -45.04689628598038 25.50074656354412
9.858593590591464E-5 -45.04689628598038 25.50074656354412
2.330151281772452E-4 -45.044863307022055 25.416022346518925
2.330151281772452E-4 -45.044863307022055 25.416022346518925
1.610289129249705E-4 -45.03119418791645 25.412595686468766
1.610289129249705E-4 -45.03119418791645 25.412595686468766
5.469669854805689E-5 -45.018267067175955 25.45184557967602
5.469669854805689E-5 -45.018267067175955 25.45184557967602
6.367309435811935E-5 -45.01513671064008 25.513376774550387
6.367309435811935E-5 -45.01513671064008 25.513376774550387
9.153873136627805E-5 -45.02306008915715 25.58151932404163
9.153873136627805E-5 -45.02306008915715 25.58151932404163
5.7286919864595275E-5 -45.04007749637969 25.645587563664016
5.7286919864595275E-5 -45.04007749637969 25.645587563664016
1.9561487381295002E-5 -45.06345818573947 25.70576289565555
1.9561487381295002E-5 -45.06345818573947 25.70576289565555
2.4907065518995052E-5 -45.0906623148575 25.765474297448975
2.4907065518995052E-5 -45.0906623148575 25.765474297448975
-4.014343967026664E-5 -45.11951262369817 25.78821135258294
-4.014343967026664E-5 -45.11951262369817 25.78821135258294
-1.247613410416258E-4 -45.15026952221511 25.745968015965317
-1.247613410416258E-4 -45.15026952221511 25.745968015965317
-1.1486715792315141E-4 -45.17919828252984 25.649853800882035
-1.1486715792315141E-4 -45.17919828252984 25.649853800882035
-5.711582185401818E-5 -45.201105941176905 25.521554103962288
-5.711582185401818E-5 -45.201105941176905 25.521554103962288
-3.692499786968256E-5 -45.212933408992235 25.378505720351207
-3.692499786968256E-5 -45.212933408992235 25.378505720351207
-4.751262561985231E-5 -45.214457425415944 25.229783931519346
-4.751262561985231E-5 -45.214457425415944 25.229783931519346
-1.5285535697705658E-4 -45.235708065421285 25.02119610212769
-1.5285535697705658E-4 -45.235708065421285 25.02119610212769
-6.533373369586447E-5 -45.26900340423693 24.797218780301492
-6.533373369586447E-5 -45.26900340423693 24.797218780301492
1.9175260836828463E-4 -45.28232043770166 24.662068753797715
1.9175260836828463E-4 -45.28232043770166 24.662068753797715
2.473856909848511E-4 -45.27604546879005 24.626178354035645
2.473856909848511E-4 -45.27604546879005 24.626178354035645
1.1420089336615824E-4 -45.26340849930227 24.654790231671363
1.1420089336615824E-4 -45.26340849930227 24.654790231671363
3.392203137370975E-5 -45.256073392779726 24.709343149911202
3.392203137370975E-5 -45.256073392779726 24.709343149911202
5.582998791385571E-5 -45.259022677824774 24.76670208222831
5.582998791385571E-5 -45.259022677824774 24.76670208222831
6.894310882938101E-5 -45.27170818815866 24.819994705446646
6.894310882938101E-5 -45.27170818815866 24.819994705446646
3.9452465885161146E-5 -45.29122965130701 24.871405334621727
3.9452465885161146E-5 -45.29122965130701 24.871405334621727
2.2555788692565057E-5 -45.31481069947026 24.92507951103297
2.2555788692565057E-5 -45.31481069947026 24.92507951103297
3.461488144020329E-5 -45.340791814991185 24.983441872209593
3.461488144020329E-5 -45.340791814991185 24.983441872209593
-4.752245228670171E-5 -45.36806395083734 25.006966048754347
-4.752245228670171E-5 -45.36806395083734 25.006966048754347
-1.4065824055667099E-4 -45.39729609498738 24.965907038316978
-1.4065824055667099E-4 -45.39729609498738 24.965907038316978
-1.1880463700403464E-4 -45.42433999467119 24.872096105660063
-1.1880463700403464E-4 -45.42433999467119 24.872096105660063
-1.2140686081734488E-4 -45.44471849907908 24.718096015120594
-1.2140686081734488E-4 -45.44471849907908 24.718096015120594
-1.0105292195357367E-4 -45.45604433206091 24.53043339586561
-1.0105292195357367E-4 -45.45604433206091 24.53043339586561
-2.6848873153002244E-5 -45.45342614015981 24.349857768294534
-2.6848873153002244E-5 -45.45342614015981 24.349857768294534
9.387486661238632E-5 -45.43823404059037 24.225400664331573
9.387486661238632E-5 -45.43823404059037 24.225400664331573
1.5423248709472387E-4 -45.414695763353166 24.17907783530167
1.5423248709472387E-4 -45.414695763353166 24.17907783530167
1.0848659973832196E-4 -45.39151037361683 24.18803468614226
1.0848659973832196E-4 -45.39151037361683 24.18803468614226
5.6906131263954554E-5 -45.376351052815444 24.22278675534202
5.6906131263954554E-5 -45.376351052815444 24.22278675534202
5.09740958724458E-5 -45.372181837446476 24.264694347729215
5.09740958724458E-5 -45.372181837446476 24.264694347729215
5.264221812883961E-5 -45.377946659482994 24.30763837298251
5.264221812883961E-5 -45.377946659482994 24.30763837298251
3.995332705958072E-5 -45.39096317144512 24.35258778489884
3.995332705958072E-5 -45.39096317144512 24.35258778489884
3.153439858720373E-5 -45.40880887410739 24.402020455747884
3.153439858720373E-5 -45.40880887410739 24.402020455747884
3.433954090845634E-5 -45.43001929874021 24.457090447803495
3.433954090845634E-5 -45.43001929874021 24.457090447803495
3.4946020373644734E-5 -45.45393295700234 24.517316082351982
3.4946020373644734E-5 -45.45393295700234 24.517316082351982
-5.9055966950225195E-5 -45.479663326974006 24.541768998868402
-5.9055966950225195E-5 -45.479663326974006 24.541768998868402
-1.3847562149231705E-4 -45.50734720509388 24.501477110494257
-1.3847562149231705E-4 -45.50734720509388 24.501477110494257
-1.0349411861229273E-4 -45.532182279637574 24.410212007989223
-1.0349411861229273E-4 -45.532182279637574 24.410212007989223
-5.7856516947889426E-5 -45.54982050297025 24.28935792998566
-5.7856516947889426E-5 -45.54982050297025 24.28935792998566
-2.0799651346554046E-4 -45.59727696358898 24.072513459489606
-2.0799651346554046E-4 -45.59727696358898 24.072513459489606
-1.55426812901602E-4 -45.641608854324424 23.81944089912885
-1.55426812901602E-4 -45.641608854324424 23.81944089912885
1.6006616604420654E-4 -45.65553165233746 23.649564003227397
1.6006616604420654E-4 -45.65553165233746 23.649564003227397
2.781370409369852E-4 -45.6427666486348 23.59999303622042
2.781370409369852E-4 -45.6427666486348 23.59999303622042
1.3166797570106028E-4 -45.621883046756174 23.62939048070632
1.3166797570106028E-4 -45.621883046756174 23.62939048070632
3.1478490416744025E-5 -45.60890096965747 23.686322631882053
3.1478490416744025E-5 -45.60890096965747 23.686322631882053
5.287907773872779E-5 -45.60968575809134 23.741629233755013
5.287907773872779E-5 -45.60968575809134 23.741629233755013
5.9541767763623075E-5 -45.622169564328026 23.789638536083835
5.9541767763623075E-5 -45.622169564328026 23.789638536083835
5.161428706755267E-5 -45.643359708151195 23.84625131273233
5.161428706755267E-5 -45.643359708151195 23.84625131273233
4.1954775720591506E-5 -45.6692278788 23.914841065582813
4.1954775720591506E-5 -45.6692278788 23.914841065582813
2.911217380033125E-5 -45.69803274583247 23.987276767527177
2.911217380033125E-5 -45.69803274583247 23.987276767527177
-7.132875165427423E-5 -45.72877930754726 24.019977346257512
-7.132875165427423E-5 -45.72877930754726 24.019977346257512
-1.5012481103576016E-4 -45.76107954342413 23.984914547575812
-1.5012481103576016E-4 -45.76107954342413 23.984914547575812
-1.0995362783278851E-4 -45.78922966994794 23.898780632572628
-1.0995362783278851E-4 -45.78922966994794 23.898780632572628
-5.5258709951043326E-5 -45.807151558423826 23.787409377115303
-5.5258709951043326E-5 -45.807151558423826 23.787409377115303
-5.1287080803288274E-5 -45.812773432963965 23.66770730950178
-5.1287080803288274E-5 -45.812773432963965 23.66770730950178
-5.29549536588532E-5 -45.807702024704014 23.54517288658656
-5.29549536588532E-5 -45.807702024704014 23.54517288658656
-3.794680884963898E-5 -45.79485485764751 23.418961398564086
-3.794680884963898E-5 -45.79485485764751 23.418961398564086
6.459236426812256E-5 -45.77731017890942 23.327288204961178
6.459236426812256E-5 -45.77731017890942 23.327288204961178
1.3638122451920705E-4 -45.75661834158412 23.296835723341857
1.3638122451920705E-4 -45.75661834158412 23.296835723341857
9.467115941707832E-5 -45.7386413949273 23.311837908841028
9.467115941707832E-5 -45.7386413949273 23.311837908841028
4.662906812211562E-5 -45.72917812602811 23.348216435872075
4.662906812211562E-5 -45.72917812602811 23.348216435872075
4.504569924063292E-5 -45.73009963654425 23.39077305926771
4.504569924063292E-5 -45.73009963654425 23.39077305926771
4.501541185729704E-5 -45.73985465468476 23.43517999786542
4.501541185729704E-5 -45.73985465468476 23.43517999786542
3.118688222485763E-5 -45.755763033732734 23.482800429727604
3.118688222485763E-5 -45.755763033732734 23.482800429727604
2.619332047197254E-5 -45.77571328973316 23.535562802009096
2.619332047197254E-5 -45.77571328973316 23.535562802009096
3.0136516377098318E-5 -45.79860372687053 23.593784678489204
3.0136516377098318E-5 -45.79860372687053 23.593784678489204
-6.550656402787473E-5 -45.823362217523595 23.616442837186888
-6.550656402787473E-5 -45.823362217523595 23.616442837186888
-1.4177344788996244E-4 -45.84954916822723 23.575689130731575
-1.4177344788996244E-4 -45.84954916822723 23.575689130731575
-9.895923842660982E-5 -45.871515777473526 23.487898658367858
-9.895923842660982E-5 -45.871515777473526 23.487898658367858
-8.984266370294647E-4 -45.89410148761691 23.357507422768848
-8.984266370294647E-4 -45.89410148761691 23.357507422768848
-0.001968726090870415 -45.94995136926502 23.11628374749994
-0.001968726090870415 -45.94995136926502 23.11628374749994
-0.0015381632544812516 -45.985197917950856 22.87743392769693
-0.0015381632544812516 -45.985197917950856 22.87743392769693
-4.578821367946695E-4 -45.985607182024765 22.7554950761671
-4.578821367946695E-4 -45.985607182024765 22.7554950761671
-2.02856678779348E-4 -45.96472533379085 22.75910899770068
-2.02856678779348E-4 -45.96472533379085 22.75910899770068
-4.118441026923351E-4 -45.94531202498274 22.81970294743739
-4.118441026923351E-4 -45.94531202498274 22.81970294743739
-3.31461363109028E-4 -45.94097816152472 22.884001672214048
-3.31461363109028E-4 -45.94097816152472 22.884001672214048
-1.5664648304660822E-4 -45.95200955885547 22.935042778431846
-1.5664648304660822E-4 -45.95200955885547 22.935042778431846
-1.6034961691935084E-4 -45.972205171097016 22.979273412977026
-1.6034961691935084E-4 -45.972205171097016 22.979273412977026
-1.7305071744830097E-4 -45.99595861923654 23.02731103933702
-1.7305071744830097E-4 -45.99595861923654 23.02731103933702
-8.766299752149798E-5 -46.02092568646541 23.08389568814738
-8.766299752149798E-5 -46.02092568646541 23.08389568814738
-1.2855575122841393E-4 -46.046590051266676 23.107413605834097
-1.2855575122841393E-4 -46.046590051266676 23.107413605834097
-2.065330015356662E-4 -46.07319526321086 23.06846546604474
-2.065330015356662E-4 -46.07319526321086 23.06846546604474
-1.4354743665948044E-4 -46.095048825014736 22.983494331782488
-1.4354743665948044E-4 -46.095048825014736 22.983494331782488
-5.505174801093116E-5 -46.10626520468476 22.877853630326534
-5.505174801093116E-5 -46.10626520468476 22.877853630326534
-3.7732601247382784E-5 -46.10545693775012 22.766688498959546
-3.7732601247382784E-5 -46.10545693775012 22.766688498959546
-2.729387778309801E-5 -46.094927600696195 22.653340849840614
-2.729387778309801E-5 -46.094927600696195 22.653340849840614
3.610352861560268E-5 -46.0794100839163 22.547032157487227
3.610352861560268E-5 -46.0794100839163 22.547032157487227
1.4878487338064982E-4 -46.061580226206516 22.48273194217967
1.4878487338064982E-4 -46.061580226206516 22.48273194217967
2.2175989690543445E-4 -46.04478244482133 22.485835259279384
2.2175989690543445E-4 -46.04478244482133 22.485835259279384
1.8032396952240466E-4 -46.03469553483014 22.532388798621735
1.8032396952240466E-4 -46.03469553483014 22.532388798621735
1.5700870093932734E-4 -46.037551650700784 22.599225006895132
1.5700870093932734E-4 -46.037551650700784 22.599225006895132
1.5381427328831055E-4 -46.05275852717069 22.66970264288306
1.5381427328831055E-4 -46.05275852717069 22.66970264288306
6.158960405320104E-5 -46.0775260917396 22.704606606126816
6.158960405320104E-5 -46.0775260917396 22.704606606126816
-1.5694716697992744E-5 -46.10674341201882 22.678338339255227
-1.5694716697992744E-5 -46.10674341201882 22.678338339255227
-5.2601458598830345E-5 -46.1323456246416 22.5751340402964
-5.2601458598830345E-5 -46.1323456246416 22.5751340402964
-9.612467681842721E-4 -46.155214760234855 22.416473532141787
-9.612467681842721E-4 -46.155214760234855 22.416473532141787
-0.0012888368054388261 -46.21212826329898 22.12047561633527
-0.0012888368054388261 -46.21212826329898 22.12047561633527
2.8674962836583093E-4 -46.24396645003104 21.867735211863547
2.8674962836583093E-4 -46.24396645003104 21.867735211863547
6.256373989627631E-4 -46.23123092242301 21.796263476738872
6.256373989627631E-4 -46.23123092242301 21.796263476738872
1.4426039209992827E-4 -46.20111631294864 21.85409057358602
1.4426039209992827E-4 -46.20111631294864 21.85409057358602
1.9473477277192155E-4 -46.18576189098068 21.950915096629373
1.9473477277192155E-4 -46.18576189098068 21.950915096629373
3.387629816299202E-4 -46.19444797632345 22.032383227183697
3.387629816299202E-4 -46.19444797632345 22.032383227183697
2.3788209512575994E-4 -46.22143143076773 22.099623762253845
2.3788209512575994E-4 -46.22143143076773 22.099623762253845
1.8070220675380356E-4 -46.25558458243193 22.16680865267659
1.8070220675380356E-4 -46.25558458243193 22.16680865267659
7.192089694806189E-5 -46.29108462583333 22.166966264886177
7.192089694806189E-5 -46.29108462583333 22.166966264886177
6.65527303690234E-5 -46.32500932560575 22.088270158802423
6.65527303690234E-5 -46.32500932560575 22.088270158802423
1.0412068510704778E-4 -46.34649115888856 21.95550024616169
1.0412068510704778E-4 -46.34649115888856 21.95550024616169
1.74210333120406E-4 -46.35076194703081 21.808824495864343
1.74210333120406E-4 -46.35076194703081 21.808824495864343
1.899428129648619E-4 -46.3377072344065 21.65448849086019
1.899428129648619E-4 -46.3377072344065 21.65448849086019
3.2210405848957053E-4 -46.31442375932611 21.53957800764207
3.2210405848957053E-4 -46.31442375932611 21.53957800764207
4.5041754220391484E-4 -46.28455810794576 21.505695710153162
4.5041754220391484E-4 -46.28455810794576 21.505695710153162
4.3347355082956553E-4 -46.26045880741813 21.537361863594732
4.3347355082956553E-4 -46.26045880741813 21.537361863594732
3.551110349172394E-4 -46.25096157325952 21.593590121253726
3.551110349172394E-4 -46.25096157325952 21.593590121253726
3.5217142227966813E-4 -46.25865698896969 21.65635594811151
3.5217142227966813E-4 -46.25865698896969 21.65635594811151
3.526937625946379E-4 -46.278349328166996 21.720405927995333
3.526937625946379E-4 -46.278349328166996 21.720405927995333
1.4429603312106397E-4 -46.304498923573576 21.712454293707687
1.4429603312106397E-4 -46.304498923573576 21.712454293707687
1.151446049028964E-4 -46.331336257478476 21.62471328395047
1.151446049028964E-4 -46.331336257478476 21.62471328395047
1.9970019337083988E-4 -46.34607410763645 21.486846048843795
1.9970019337083988E-4 -46.34607410763645 21.486846048843795
0.0014818460362104888 -46.39331308068115 21.230098971172445
0.0014818460362104888 -46.39331308068115 21.230098971172445
0.002358958699246282 -46.433471041934155 21.005275214646204
0.002358958699246282 -46.433471041934155 21.005275214646204
0.0016645216252122888 -46.42807377125322 20.953794682189823
0.0016645216252122888 -46.42807377125322 20.953794682189823
8.068472238122752E-4 -46.405633484554464 21.02990287856955
8.068472238122752E-4 -46.405633484554464 21.02990287856955
5.76307662663695E-4 -46.39836156818117 21.132267088018995
5.76307662663695E-4 -46.39836156818117 21.132267088018995
4.5257386691908606E-4 -46.416376814905306 21.21523818347145
4.5257386691908606E-4 -46.416376814905306 21.21523818347145
2.725689590089419E-4 -46.44964667240822 21.280859428828656
2.725689590089419E-4 -46.44964667240822 21.280859428828656
1.3297369185907815E-4 -46.4874854472329 21.312539394147603
1.3297369185907815E-4 -46.4874854472329 21.312539394147603
6.078943230277805E-5 -46.52304306254503 21.29359396543927
6.078943230277805E-5 -46.52304306254503 21.29359396543927
-4.192799913154359E-5 -46.55012183524369 21.20686099168057
-4.192799913154359E-5 -46.55012183524369 21.20686099168057
-3.029181724677519E-5 -46.56357501052038 21.086347218472
-3.029181724677519E-5 -46.56357501052038 21.086347218472
-3.235775189385138E-5 -46.559381289580756 20.948324018058035
-3.235775189385138E-5 -46.559381289580756 20.948324018058035
-2.32571786450567E-5 -46.54149891364635 20.808007860695774
-2.32571786450567E-5 -46.54149891364635 20.808007860695774
1.5184692375562437E-4 -46.51488841864554 20.738479797834533
1.5184692375562437E-4 -46.51488841864554 20.738479797834533
1.681843236824607E-4 -46.48714648265303 20.749812785340843
1.681843236824607E-4 -46.48714648265303 20.749812785340843
6.449639480530275E-5 -46.47217871385061 20.804340785055366
6.449639480530275E-5 -46.47217871385061 20.804340785055366
-7.35913145372835E-6 -46.47491537042142 20.86523394528742
-7.35913145372835E-6 -46.47491537042142 20.86523394528742
-4.7509566739401335E-5 -46.491434786667895 20.915486828474705
-4.837972700405698E-5 -46.492055234382754 20.916833788856934
-1.7971636762589144E-5 -46.51624006569517 20.97544887726962
-1.7971636762589144E-5 -46.51624006569517 20.97544887726962
-1.4066520669938894E-4 -46.543812408575164 21.008460069034314
-1.4066520669938894E-4 -46.543812408575164 21.008460069034314
-3.1243461526735713E-4 -46.57222439269092 20.951498733002683
-3.1243461526735713E-4 -46.57222439269092 20.951498733002683
-2.0931125471835101E-4 -46.592550545031315 20.838686991556756
-2.0931125471835101E-4 -46.592550545031315 20.838686991556756
-1.5962678906511626E-4 -46.59443896031201 20.702734229684147
-1.5962678906511626E-4 -46.59443896031201 20.702734229684147
-1.4941002077654443E-4 -46.580392069311344 20.56665637338051
-1.4941002077654443E-4 -46.580392069311344 20.56665637338051
-2.2348194693469413E-4 -46.61072976230095 20.378473250831654
-2.2348194693469413E-4 -46.61072976230095 20.378473250831654
1.717879033549623E-5 -46.640339230656686 20.240476657990946
1.717879033549623E-5 -46.640339230656686 20.240476657990946
2.4747644705306937E-4 -46.63831072006941 20.245824975091068
2.4747644705306937E-4 -46.63831072006941 20.245824975091068
7.34109876635841E-5 -46.628968821791474 20.33522608252631
7.34109876635841E-5 -46.628968821791474 20.33522608252631
-8.362510424912142E-5 -46.6379403758891 20.43354844674625
-8.362510424912142E-5 -46.6379403758891 20.43354844674625
-1.1091917027792442E-4 -46.66666349552069 20.509885838968273
-1.1091917027792442E-4 -46.66666349552069 20.509885838968273
-2.0958914941768167E-4 -46.7050126798749 20.540090027738174
-2.0958914941768167E-4 -46.7050126798749 20.540090027738174
-2.712125279640303E-4 -46.74161511943727 20.516480986094386
-2.712125279640303E-4 -46.74161511943727 20.516480986094386
-2.943439293887926E-4 -46.767253691039436 20.430798188104774
-2.943439293887926E-4 -46.767253691039436 20.430798188104774
-2.040813188299684E-4 -46.77691296975085 20.318867882569396
-2.040813188299684E-4 -46.77691296975085 20.318867882569396
-1.9161847875448328E-4 -46.76852408510385 20.192931176998805
-1.9161847875448328E-4 -46.76852408510385 20.192931176998805
-1.6868974320487814E-4 -46.74755676109252 20.063773189739102
-1.6868974320487814E-4 -46.74755676109252 20.063773189739102
4.870115404061339E-5 -46.71922398640803 20.003714430331577
4.870115404061339E-5 -46.71922398640803 20.003714430331577
6.910029790126393E-5 -46.691539686925815 20.02068987780388
6.910029790126393E-5 -46.691539686925815 20.02068987780388
-3.3998587975820466E-5 -46.678524139256666 20.075551998555916
-3.3998587975820466E-5 -46.678524139256666 20.075551998555916
-8.744302121171135E-5 -46.6839477414538 20.133436298659287
-8.744302121171135E-5 -46.6839477414538 20.133436298659287
-8.115529426382681E-5 -46.70408387376896 20.193953370889904
-8.115529426382681E-5 -46.70408387376896 20.193953370889904
-9.825286339111799E-5 -46.7314786853764 20.261297685210632
-9.825286339111799E-5 -46.7314786853764 20.261297685210632
-2.371274846716134E-4 -46.76133575058341 20.288306404077396
-2.371274846716134E-4 -46.76133575058341 20.288306404077396
-3.5745844913607664E-4 -46.790267653410254 20.225614940537554
-3.5745844913607664E-4 -46.790267653410254 20.225614940537554
-2.4191966498577678E-4 -46.80786510839698 20.115851537671098
-2.4191966498577678E-4 -46.80786510839698 20.115851537671098
-2.0066852637333526E-4 -46.80517231732331 19.990551137393524
-2.0066852637333526E-4 -46.80517231732331 19.990551137393524
-1.692316297382475E-4 -46.78621964901366 19.86832149036136
-1.692316297382475E-4 -46.78621964901366 19.86832149036136
4.620091399089283E-5 -46.7586247054168 19.818037789291374
4.620091399089283E-5 -46.7586247054168 19.818037789291374
5.1155555722830594E-5 -46.73268149153513 19.8414937312322
5.1155555722830594E-5 -46.73268149153513 19.8414937312322
-4.7606153540474664E-5 -46.72253488057818 19.89796098527568
-4.7606153540474664E-5 -46.72253488057818 19.89796098527568
-9.560893689663499E-5 -46.73070152976051 19.955272514550664
-9.560893689663499E-5 -46.73070152976051 19.955272514550664
-8.95975945311356E-5 -46.752573785180395 20.015991641037207
-8.95975945311356E-5 -46.752573785180395 20.015991641037207
-1.03056037077751E-4 -46.78085277919261 20.084647480049856
-1.03056037077751E-4 -46.78085277919261 20.084647480049856
-3.1528467393697804E-4 -46.811882242797836 20.085059751416914
-3.1528467393697804E-4 -46.811882242797836 20.085059751416914
-3.089358621762985E-4 -46.83990716645845 20.011044385522908
-3.089358621762985E-4 -46.83990716645845 20.011044385522908
-2.3521755780113625E-4 -46.85146088951697 19.89712074106698
-2.3521755780113625E-4 -46.85146088951697 19.89712074106698
-1.7992743534776644E-4 -46.84379853620135 19.781224086529086
-1.7992743534776644E-4 -46.84379853620135 19.781224086529086
-2.9990265538910844E-4 -46.83450671054422 19.629808104225702
-2.9990265538910844E-4 -46.83450671054422 19.629808104225702
-3.8604463553242117E-4 -46.87599363161252 19.36531235947087
-3.8604463553242117E-4 -46.87599363161252 19.36531235947087
2.0703361694758787E-4 -46.88337980420581 19.239782448145657
2.0703361694758787E-4 -46.88337980420581 19.239782448145657
2.601529218979751E-4 -46.854788316135696 19.287024783370878
2.601529218979751E-4 -46.854788316135696 19.287024783370878
-3.488090965194881E-5 -46.836819994948115 19.392122674073164
-3.488090965194881E-5 -46.836819994948115 19.392122674073164
-1.6245970118814617E-4 -46.849319505720324 19.468156354752885
-1.6245970118814617E-4 -46.849319505720324 19.468156354752885
-1.5092646524338967E-4 -46.88231673190676 19.52221618457766
-1.5092646524338967E-4 -46.88231673190676 19.52221618457766
-1.3613057262810947E-4 -46.91875313772805 19.58399519069986
-1.3613057262810947E-4 -46.91875313772805 19.58399519069986
-3.3613821974381563E-4 -46.952825597071026 19.5869655198826
-3.3613821974381563E-4 -46.952825597071026 19.5869655198826
-3.298120694440948E-4 -46.981412374585275 19.520985313429385
-3.298120694440948E-4 -46.981412374585275 19.520985313429385
-1.801890538609342E-4 -46.99258479645251 19.44315948868168
-1.801890538609342E-4 -46.99258479645251 19.44315948868168
-2.52630996656078E-4 -46.986595389905986 19.346159063469663
-2.52630996656078E-4 -46.986595389905986 19.346159063469663
-2.1870869129494042E-4 -46.969869414223105 19.235942262046585
-2.1870869129494042E-4 -46.969869414223105 19.235942262046585
2.5210863338815488E-5 -46.94601103581975 19.190172441205934
2.5210863338815488E-5 -46.94601103581975 19.190172441205934
1.6432880460985296E-5 -46.923099356489715 19.217094292092035
1.6432880460985296E-5 -46.923099356489715 19.217094292092035
-7.700983421681575E-5 -46.915809894301404 19.27551267437859
-7.700983421681575E-5 -46.915809894301404 19.27551267437859
-1.2705514487827398E-4 -46.92687141546611 19.332666564583015
-1.2705514487827398E-4 -46.92687141546611 19.332666564583015
-1.2409446748147394E-4 -46.951053011004625 19.3931757272889
-1.2409446748147394E-4 -46.951053011004625 19.3931757272889
-2.502639142449227E-4 -46.97977513752174 19.421369759716654
-2.502639142449227E-4 -46.97977513752174 19.421369759716654
-3.9236655120170597E-4 -47.00728721701976 19.36297638733032
-3.9236655120170597E-4 -47.00728721701976 19.36297638733032
-2.618028985909035E-4 -47.02197564125923 19.262422306236502
-2.618028985909035E-4 -47.02197564125923 19.262422306236502
-2.2112353038625162E-4 -47.01557607602611 19.150428401990986
-2.2112353038625162E-4 -47.01557607602611 19.150428401990986
-1.904888036285275E-4 -46.99376295287507 19.0413245126449
-1.904888036285275E-4 -46.99376295287507 19.0413245126449
2.3835017144333687E-5 -46.96504536379391 19.00172468142231
2.3835017144333687E-5 -46.96504536379391 19.00172468142231
7.455706102102531E-6 -46.940401521577606 19.02984567625571
7.455706102102531E-6 -46.940401521577606 19.02984567625571
-8.550697006401144E-5 -46.93348597554534 19.084443124276234
-8.550697006401144E-5 -46.93348597554534 19.084443124276234
-1.3313827734336506E-4 -46.944849816931196 19.13762239296759
-1.3313827734336506E-4 -46.944849816931196 19.13762239296759
-1.2433563749275926E-4 -46.96846111606782 19.19677725512956
-1.2433563749275926E-4 -46.96846111606782 19.19677725512956
-2.482245219317057E-4 -46.996250023358236 19.225186667676738
-2.482245219317057E-4 -46.996250023358236 19.225186667676738
-3.882312647205198E-4 -47.02278917445574 19.167558251370327
-3.882312647205198E-4 -47.02278917445574 19.167558251370327
-2.581578159712059E-4 -47.03630563370143 19.068957791969574
-2.581578159712059E-4 -47.03630563370143 19.068957791969574
-2.2285177906498308E-4 -47.02873506078858 18.95998278496746
-2.2285177906498308E-4 -47.02873506078858 18.95998278496746
-1.3824067915528456E-4 -47.00325390216451 18.87338511863268
-1.3824067915528456E-4 -47.00325390216451 18.87338511863268
1.3647290466905755E-4 -46.96501459815954 18.90083422561872
1.3647290466905755E-4 -46.96501459815954 18.90083422561872
3.4873441673309135E-5 -46.93224770568746 19.009518704180948
3.4873441673309135E-5 -46.93224770568746 19.009518704180948
-1.6819705292725462E-4 -46.92531313681704 19.108829413710122
-1.6819705292725462E-4 -46.92531313681704 19.108829413710122
-7.229313967749393E-5 -46.93791547713054 19.220203758657536
-7.229313967749393E-5 -46.93791547713054 19.220203758657536
-2.2236438859346466E-4 -46.95716109166791 19.309284237566423
-2.2236438859346466E-4 -46.95716109166791 19.309284237566423
-3.67190152178693E-4 -46.977611924655804 19.32477521034395
-3.67190152178693E-4 -46.977611924655804 19.32477521034395
-2.5421900937539263E-4 -46.98842305279824 19.299591063827688
-2.5421900937539263E-4 -46.98842305279824 19.299591063827688
-2.0214701849109002E-4 -46.981882448148845 19.266274905293187
-2.0214701849109002E-4 -46.981882448148845 19.266274905293187
-1.9036571542735127E-4 -46.96203653237585 19.23388159350342
-1.9036571542735127E-4 -46.96203653237585 19.23388159350342
-1.9796378235423787E-4 -46.93452839963969 19.19291213999786
-1.9796378235423787E-4 -46.93452839963969 19.19291213999786
-1.9468550382088827E-4 -46.903342360770324 19.141279184698142
-1.9468550382088827E-4 -46.903342360770324 19.141279184698142
4.448912270662317E-5 -46.870017601049376 19.16281425807152
4.448912270662317E-5 -46.870017601049376 19.16281425807152
3.559919236532076E-5 -46.84030641681411 19.2613092919109
3.559919236532076E-5 -46.84030641681411 19.2613092919109
-2.839474687433484E-4 -46.82650847909014 19.317894956686402
-2.839474687433484E-4 -46.82650847909014 19.317894956686402
-3.404932058145188E-4 -46.825796693103236 19.294718997215956
-3.404932058145188E-4 -46.825796693103236 19.294718997215956
-2.41241967916916E-4 -46.81887618999998 19.23563710266314
-2.41241967916916E-4 -46.81887618999998 19.23563710266314
-1.7969940313154124E-4 -46.79672473889373 19.182047666057507
-1.7969940313154124E-4 -46.79672473889373 19.182047666057507
-1.7119465055238068E-4 -46.76242271954948 19.135432863468967
-1.7119465055238068E-4 -46.76242271954948 19.135432863468967
-1.751436955342185E-4 -46.723893316167754 19.085054260047755
-1.751436955342185E-4 -46.723893316167754 19.085054260047755
-1.9225723741945875E-4 -46.683419757790624 19.02261365385307
-1.9225723741945875E-4 -46.683419757790624 19.02261365385307
-1.849145802088856E-4 -46.641072588886836 18.953024830940223
-1.849145802088856E-4 -46.641072588886836 18.953024830940223
6.541035594337651E-5 -46.59721631334921 18.962824972410864
6.541035594337651E-5 -46.59721631334921 18.962824972410864
-4.001884749028792E-5 -46.556331192076264 19.014740292635828
-4.001884749028792E-5 -46.556331192076264 19.014740292635828
-3.295049934392971E-4 -46.529470967082126 19.00826493109283
-3.295049934392971E-4 -46.529470967082126 19.00826493109283
-2.8942350985958687E-4 -46.50981803996211 18.94856160819733
-2.8942350985958687E-4 -46.50981803996211 18.94856160819733
-1.8642209165941584E-4 -46.48261877940779 18.874120628461036
-1.8642209165941584E-4 -46.48261877940779 18.874120628461036
-1.6049572277601067E-4 -46.44432455487169 18.80898809629392
-1.6049572277601067E-4 -46.44432455487169 18.80898809629392
-1.482978650513464E-4 -46.40098425628062 18.754788646323405
-1.482978650513464E-4 -46.40098425628062 18.754788646323405
-1.757935306713165E-4 -46.35545565066013 18.69431796574225
-1.757935306713165E-4 -46.35545565066013 18.69431796574225
-1.8290608640525078E-4 -46.30940005816007 18.62461091064918
-1.8290608640525078E-4 -46.30940005816007 18.62461091064918
-1.8751740791674704E-4 -46.26086148327928 18.547162990077
-1.8751740791674704E-4 -46.26086148327928 18.547162990077
-4.3134079084893376E-5 -46.21085903780811 18.510270638578643
-4.3134079084893376E-5 -46.21085903780811 18.510270638578643
-8.915177180345317E-5 -46.16023687976122 18.494346107632744
-8.915177180345317E-5 -46.16023687976122 18.494346107632744
-2.449553510278457E-4 -46.11615515702779 18.4510475083016
-2.449553510278457E-4 -46.11615515702779 18.4510475083016
-2.5042030781480826E-4 -46.07500505076845 18.377409602041663
-2.5042030781480826E-4 -46.07500505076845 18.377409602041663
-1.7593925379150665E-4 -46.03082586638891 18.29461701555836
-1.7593925379150665E-4 -46.03082586638891 18.29461701555836
-1.6319229336384205E-4 -45.98005123594644 18.21340891681054
-1.6319229336384205E-4 -45.98005123594644 18.21340891681054
-1.6396523723445178E-4 -45.92503525273413 18.135886364185005
-1.6396523723445178E-4 -45.92503525273413 18.135886364185005
-1.7093245883188183E-4 -45.867449394518545 18.055306957490455
-1.7093245883188183E-4 -45.867449394518545 18.055306957490455
-1.684934995413212E-4 -45.809190969066954 17.970998886542247
-1.684934995413212E-4 -45.809190969066954 17.970998886542247
-1.7780103353306055E-4 -45.74928301320916 17.881720280174967
-1.7780103353306055E-4 -45.74928301320916 17.881720280174967
-1.684420769807488E-4 -45.68811312990171 17.791256971128952
-1.684420769807488E-4 -45.68811312990171 17.791256971128952
-1.6815328435996E-4 -45.62481298206961 17.698613715342717
-1.6815328435996E-4 -45.62481298206961 17.698613715342717
-1.6236964375288595E-4 -45.560442280089106 17.605782965879015
-1.6236964375288595E-4 -45.560442280089106 17.605782965879015
-1.6947052474290875E-4 -45.494446810828464 17.51041229270163
-1.6947052474290875E-4 -45.494446810828464 17.51041229270163
-1.6288689981213528E-4 -45.42778005193568 17.414398802273414
-1.6288689981213528E-4 -45.42778005193568 17.414398802273414
-1.6776867055504188E-4 -45.359633008009936 17.315823228617454
-1.6776867055504188E-4 -45.359633008009936 17.315823228617454
-1.6208076781873556E-4 -45.29083882033814 17.216920727473568
-1.6208076781873556E-4 -45.29083882033814 17.216920727473568
-1.6786998539747023E-4 -45.220625337007135 17.115604959571087
-1.6786998539747023E-4 -45.220625337007135 17.115604959571087
-1.6295399701307542E-4 -45.14989077226642 17.013768586217047
-1.6295399701307542E-4 -45.14989077226642 17.013768586217047
-1.6935400734957297E-4 -45.07775252527156 16.909288115136267
-1.6935400734957297E-4 -45.07775252527156 16.909288115136267
-1.6320463365345563E-4 -45.005028079405655 16.804370657603
-1.6320463365345563E-4 -45.005028079405655 16.804370657603
-1.401685731889069E-4 -44.933366888234275 16.704732547715764
-1.401685731889069E-4 -44.933366888234275 16.704732547715764
-1.6423726555690027E-4 -44.86091037904993 16.602362329526542
-1.6423726555690027E-4 -44.86091037904993 16.602362329526542
-1.726645683274921E-4 -44.78813387337695 16.497681129606853
-1.726645683274921E-4 -44.78813387337695 16.497681129606853
-1.7446254474259506E-4 -44.71373600242845 16.389047381663882
-1.7446254474259506E-4 -44.71373600242845 16.389047381663882
-1.6255728314758542E-4 -44.63831757484 16.27962745730094
-1.6255728314758542E-4 -44.63831757484 16.27962745730094
-1.6799381224546687E-4 -44.560936449081915 16.167720308535497
-1.6799381224546687E-4 -44.560936449081915 16.167720308535497
-1.633350158460787E-4 -44.482598598066815 16.055480804839096
-1.633350158460787E-4 -44.482598598066815 16.055480804839096
-1.693392029715363E-4 -44.402511302968506 15.940458810223575
-1.693392029715363E-4 -44.402511302968506 15.940458810223575
-1.6301530820898532E-4 -44.321635344533036 15.824757212621765
-1.6301530820898532E-4 -44.321635344533036 15.824757212621765
-1.691980155433772E-4 -44.23903514136987 15.706130125866036
-1.691980155433772E-4 -44.23903514136987 15.706130125866036
-1.632388911044221E-4 -44.15560636606265 15.586899585629396
-1.632388911044221E-4 -44.15560636606265 15.586899585629396
-1.689019708830956E-4 -44.07038734391119 15.464804366792535
-1.689019708830956E-4 -44.07038734391119 15.464804366792535
-1.6259410575400853E-4 -43.984305388009574 15.342116271964786
-1.6259410575400853E-4 -43.984305388009574 15.342116271964786
-1.6891224274637661E-4 -43.896393704431986 15.216459767122616
-1.6891224274637661E-4 -43.896393704431986 15.216459767122616
-3.331781295393894E-4 -43.82326171250001 15.048608978444152
-3.331781295393894E-4 -43.82326171250001 15.048608978444152
-5.438810551768244E-4 -43.78624124488986 14.781245962400881
-5.438810551768244E-4 -43.78624124488986 14.781245962400881
9.368903424077893E-6 -43.732176624865346 14.600905137827485
9.368903424077893E-6 -43.732176624865346 14.600905137827485
7.286620323971094E-4 -43.65248023252546 14.6191847986044
7.286620323971094E-4 -43.65248023252546 14.6191847986044
6.479587151064089E-4 -43.57069418748793 14.77100878097169
6.479587151064089E-4 -43.57069418748793 14.77100878097169
-5.711223085802381E-5 -43.49633439180905 14.922361299386992
-5.711223085802381E-5 -43.49633439180905 14.922361299386992
-3.658562804738381E-4 -43.41556984229649 15.066257031350366
-3.658562804738381E-4 -43.41556984229649 15.066257031350366
-4.7772327321947444E-4 -43.36079018005053 15.120587646858821
-4.7772327321947444E-4 -43.36079018005053 15.120587646858821
-4.1494139692258263E-4 -43.32792631578281 15.105294158526249
-4.1494139692258263E-4 -43.32792631578281 15.105294158526249
-1.6322317997261872E-4 -43.29935768470338 15.090511729221786
-1.6322317997261872E-4 -43.29935768470338 15.090511729221786
2.331515426010213E-5 -43.265833827264814 15.108277170520598
2.331515426010213E-5 -43.265833827264814 15.108277170520598
-4.459292155439549E-6 -43.23150573298205 15.146652201283354
-4.459292155439549E-6 -43.23150573298205 15.146652201283354
-1.2069707507951011E-4 -43.20158596223917 15.18975790946382
-1.2069707507951011E-4 -43.20158596223917 15.18975790946382
-1.2870452965220376E-4 -43.17593446648527 15.244024864895978
-1.2870452965220376E-4 -43.17593446648527 15.244024864895978
-1.0002045848831235E-4 -43.15344968015226 15.306529259370887
-1.0002045848831235E-4 -43.15344968015226 15.306529259370887
-1.3687064087768933E-4 -43.13616582976699 15.363590640777666
-1.3687064087768933E-4 -43.13616582976699 15.363590640777666
-1.6394900060714247E-4 -43.12213617372524 15.417607957881224
-1.6394900060714247E-4 -43.12213617372524 15.417607957881224
2.098863956086539E-4 -43.07189625318421 15.58974853465381
2.098863956086539E-4 -43.07189625318421 15.58974853465381
2.3272489509501944E-4 -43.01508560425723 15.815136487071124
2.3272489509501944E-4 -43.01508560425723 15.815136487071124
-2.3850141413593525E-4 -42.98495271992485 15.982088349410171
-2.3850141413593525E-4 -42.98495271992485 15.982088349410171
-5.390422830138096E-4 -42.981650793429026 16.070410849852358
-5.390422830138096E-4 -42.981650793429026 16.070410849852358
-3.4769935751787623E-4 -42.988431798573245 16.12965285715117
-3.4769935751787623E-4 -42.988431798573245 16.12965285715117
-4.8597339754784144E-5 -42.992399202184714 16.196537938826662
-4.8597339754784144E-5 -42.992399202184714 16.196537938826662
7.716566274596664E-6 -42.99267901928698 16.273597101542883
7.716566274596664E-6 -42.99267901928698 16.273597101542883
-4.065078121262154E-5 -42.98567007361256 16.371743681474072
-4.065078121262154E-5 -42.98567007361256 16.371743681474072
2.1922484439556726E-4 -42.94111911444449 16.59166083131099
2.1922484439556726E-4 -42.94111911444449 16.59166083131099
1.4981015336813005E-4 -42.897458203530526 16.83916927928822
1.4981015336813005E-4 -42.897458203530526 16.83916927928822
-2.5372213365283246E-4 -42.87913514040386 17.025122721480745
-2.5372213365283246E-4 -42.87913514040386 17.025122721480745
-4.697564406887259E-4 -42.88414196210096 17.139026523675184
-4.697564406887259E-4 -42.88414196210096 17.139026523675184
-2.779925571239605E-4 -42.897483077220976 17.22865671655994
-2.779925571239605E-4 -42.897483077220976 17.22865671655994
-2.1313313030158127E-5 -42.90817588912366 17.325070341102574
-2.1313313030158127E-5 -42.90817588912366 17.325070341102574
1.925713899898806E-4 -42.89111973615219 17.491006350047364
1.925713899898806E-4 -42.89111973615219 17.491006350047364
2.0516294969830692E-4 -42.853121485718006 17.727848312729773
2.0516294969830692E-4 -42.853121485718006 17.727848312729773
-3.7842820388077195E-5 -42.82647419756052 17.958532575561755
-3.7842820388077195E-5 -42.82647419756052 17.958532575561755
-2.5869591697533386E-4 -42.818134541430915 18.14711875502249
-2.5869591697533386E-4 -42.818134541430915 18.14711875502249
-2.9614428573973225E-4 -42.82547815095934 18.285089623411565
-2.9614428573973225E-4 -42.82547815095934 18.285089623411565
-1.863753566842399E-4 -42.84072572564131 18.391271926591724
-1.863753566842399E-4 -42.84072572564131 18.391271926591724
9.019087604157243E-5 -42.83238552138166 18.548681893138635
9.019087604157243E-5 -42.83238552138166 18.548681893138635
2.776113836636236E-4 -42.801246388989924 18.788978271448833
2.776113836636236E-4 -42.801246388989924 18.788978271448833
8.318133205765756E-5 -42.7756975080435 19.034338323169557
8.318133205765756E-5 -42.7756975080435 19.034338323169557
-2.202349641534972E-4 -42.767028707014624 19.235251978330027
-2.202349641534972E-4 -42.767028707014624 19.235251978330027
-2.994813669238615E-4 -42.77335131247432 19.388351684928864
-2.994813669238615E-4 -42.77335131247432 19.388351684928864
-1.040071690972917E-4 -42.78413808862018 19.53313032675553
-1.040071690972917E-4 -42.78413808862018 19.53313032675553
2.235543024246101E-4 -42.76551909587355 19.754705433148153
2.235543024246101E-4 -42.76551909587355 19.754705433148153
2.3595545512080258E-4 -42.73660712025506 20.0132099923894
2.3595545512080258E-4 -42.73660712025506 20.0132099923894
-4.375193199372782E-5 -42.7190547641689 20.246140795362283
-4.375193199372782E-5 -42.7190547641689 20.246140795362283
-1.870577605083935E-4 -42.713984201357356 20.45567045720573
-1.870577605083935E-4 -42.713984201357356 20.45567045720573
-1.1731658808021225E-4 -42.71653287315571 20.6480950137833
-1.1731658808021225E-4 -42.71653287315571 20.6480950137833
8.357916596135639E-5 -42.7044216846561 20.86715819422711
8.357916596135639E-5 -42.7044216846561 20.86715819422711
1.851919073593172E-4 -42.68001637502748 21.119988129144936
1.851919073593172E-4 -42.68001637502748 21.119988129144936
1.0490693649997917E-4 -42.660531954633456 21.377548310381783
1.0490693649997917E-4 -42.660531954633456 21.377548310381783
-3.1069148237377936E-5 -42.64949945409428 21.621196101178896
-3.1069148237377936E-5 -42.64949945409428 21.621196101178896
-1.0529601367984719E-4 -42.648295615818185 21.834436661430964
-1.0529601367984719E-4 -42.648295615818185 21.834436661430964
9.283227411818176E-6 -42.63583507374492 22.06383715395639
9.283227411818176E-6 -42.63583507374492 22.06383715395639
1.9972248287997737E-4 -42.61109851504703 22.34090220189534
1.9972248287997737E-4 -42.61109851504703 22.34090220189534
1.9138983476081405E-4 -42.589049901981326 22.624940222432066
1.9138983476081405E-4 -42.589049901981326 22.624940222432066
2.4607810236414803E-5 -42.57667155955476 22.88231777740406
2.4607810236414803E-5 -42.57667155955476 22.88231777740406
-8.697699171470276E-5 -42.57292970986862 23.11063456979992
-8.697699171470276E-5 -42.57292970986862 23.11063456979992
7.20604868859403E-5 -42.55290014851711 23.386345653267522
7.20604868859403E-5 -42.55290014851711 23.386345653267522
2.2421479101298963E-4 -42.52624359693331 23.693743999865838
2.2421479101298963E-4 -42.52624359693331 23.693743999865838
1.7270067243890054E-4 -42.505794562906345 23.986502892574425
1.7270067243890054E-4 -42.505794562906345 23.986502892574425
3.2016096892868945E-5 -42.49492371144465 24.250631639142927
3.2016096892868945E-5 -42.49492371144465 24.250631639142927
-7.75748081901259E-6 -42.48359734816726 24.507066079992185
-7.75748081901259E-6 -42.48359734816726 24.507066079992185
1.4152199494820626E-4 -42.45982632771357 24.810428591220727
1.4152199494820626E-4 -42.45982632771357 24.810428591220727
2.3755564123751927E-4 -42.43523704548606 25.132716557696966
2.3755564123751927E-4 -42.43523704548606 25.132716557696966
1.8543366732715847E-4 -42.41668823523672 25.440875053807716
1.8543366732715847E-4 -42.41668823523672 25.440875053807716
8.75048744421239E-5 -42.403557921842825 25.73127236388232
8.75048744421239E-5 -42.403557921842825 25.73127236388232
1.3625424943722165E-4 -42.37988099820492 26.062856915259367
1.3625424943722165E-4 -42.37988099820492 26.062856915259367
2.1093169677328046E-4 -42.35374274978127 26.41899436157511
2.1093169677328046E-4 -42.35374274978127 26.41899436157511
2.053854541911036E-4 -42.33282412676148 26.764973179057606
2.053854541911036E-4 -42.33282412676148 26.764973179057606
1.532819416735478E-4 -42.31755579197264 27.09491631592673
1.532819416735478E-4 -42.31755579197264 27.09491631592673
1.937716447814783E-4 -42.29556146165173 27.461602412640858
1.937716447814783E-4 -42.29556146165173 27.461602412640858
2.4474093029625867E-4 -42.2726502043546 27.85274603953942
2.4474093029625867E-4 -42.2726502043546 27.85274603953942
0.021349331396655295 -42.253383626809516 28.172827964754596
0.021349331396655295 -42.253383626809516 28.172827964754596
0.0346292244338173 -42.245078902742335 28.439695433909442
0.0346292244338173 -42.245078902742335 28.439695433909442
0.04961590297113394 -42.2354447122 28.739902165255067
0.04961590297113394 -42.2354447122 28.739902165255067
0.06240433418747329 -42.224188358960475 29.07165087773526
0.06240433418747329 -42.224188358960475 29.07165087773526
0.07454702242075395 -42.21720821470558 29.41309902019099
0.07454702242075395 -42.21720821470558 29.41309902019099
0.08614766768586554 -42.21692554787828 29.760325985243675
0.08614766768586554 -42.21692554787828 29.760325985243675
0.09987410194471194 -42.22162048908677 30.14495388380904
0.09987410194471194 -42.22162048908677 30.14495388380904
0.11447179776616581 -42.229124190898816 30.535606812025268
0.11447179776616581 -42.229124190898816 30.535606812025268
0.12636137720122226 -42.246744913168406 30.887848640231788
0.12636137720122226 -42.246744913168406 30.887848640231788
0.1348919936379889 -42.276722065083206 31.195307830663463
0.1348919936379889 -42.276722065083206 31.195307830663463
0.1402126473751209 -42.317969855207174 31.461575472493116
0.1402126473751209 -42.317969855207174 31.461575472493116
0.11659706239875373 -42.382294440575194 31.670799781953036
0.11659706239875373 -42.382294440575194 31.670799781953036
0.07731923957870089 -42.462327392220544 31.83665264402452
0.07731923957870089 -42.462327392220544 31.83665264402452
0.04857756924336761 -42.54146368224181 31.99041619335892
0.04857756924336761 -42.54146368224181 31.99041619335892
0.028252460440572124 -42.61964359589701 32.13416517964137
0.028252460440572124 -42.61964359589701 32.13416517964137
0.014945203262679802 -42.69666089404942 32.26899842084427
0.01464326573069653 -42.698952457817356 32.27291535786321
0.007644265074953516 -42.77241823125624 32.39578345877477
0.007644265074953516 -42.77241823125624 32.39578345877477
0.005347657627018528 -42.84700089815664 32.51493052763025
0.005347657627018528 -42.84700089815664 32.51493052763025
0.007613961195435328 -42.920028571174676 32.62755750497948
0.007613961195435328 -42.920028571174676 32.62755750497948
0.01249177375724167 -42.99226361417477 32.732985530422155
0.01249177375724167 -42.99226361417477 32.732985530422155
0.017406186921288466 -43.064784900988286 32.83001023340895
0.017406186921288466 -43.064784900988286 32.83001023340895
0.02163613266641548 -43.137705064785145 32.91896359437156
0.02163613266641548 -43.137705064785145 32.91896359437156
0.025102644933131767 -43.21082420728148 33.00074948275354
0.025102644933131767 -43.21082420728148 33.00074948275354
0.027879571471649305 -43.28387887983151 33.0763219328342
0.027879571471649305 -43.28387887983151 33.0763219328342
0.0300728938250118 -43.35663219523717 33.14654775467627
0.0300728938250118 -43.35663219523717 33.14654775467627
0.03177917414075126 -43.428877602827896 33.2121726042575
0.03177917414075126 -43.428877602827896 33.2121726042575
0.03307516899879358 -43.5004482120094 33.273829218328395
0.03307516899879358 -43.5004482120094 33.273829218328395
0.0340308744639104 -43.57120876981629 33.33204674229176
0.0340308744639104 -43.57120876981629 33.33204674229176
0.03470806092657504 -43.641053574229026 33.38726964167067
0.03470806092657504 -43.641053574229026 33.38726964167067
0.03515345014220014 -43.709900013518606 33.43986914856638
0.03515345014220014 -43.709900013518606 33.43986914856638
0.03540484628256097 -43.77768553163151 33.490156886006325
0.03540484628256097 -43.77768553163151 33.490156886006325
0.035503692881596924 -43.84437004208821 33.53839005120391
0.035503692881596924 -43.84437004208821 33.53839005120391
0.03549836960917181 -43.90994815415296 33.58475661064134
0.03549836960917181 -43.90994815415296 33.58475661064134
0.03538920163525846 -43.9744244062048 33.6294042639792
0.03538920163525846 -43.9744244062048 33.6294042639792
0.0351837844171729 -44.03778952101749 33.672484125215476
0.0351837844171729 -44.03778952101749 33.672484125215476
0.034897290844050396 -44.100032520243545 33.71413904701521
0.034897290844050396 -44.100032520243545 33.71413904701521
