0.0 -47.9584 41.7642
0.0 -47.9584 41.7642
-0.0015910472510582978 -48.00318292397106 41.21399685926228
-0.0015910472510582978 -48.00318292397106 41.21399685926228
-0.005161866558238115 -48.12925880923134 40.19485383680469
-0.005161866558238115 -48.12925880923134 40.19485383680469
-0.012876044021906787 -48.28009060638975 39.15140962322779
-0.012876044021906787 -48.28009060638975 39.15140962322779
-0.02169750309745149 -48.40709153605741 38.23345347250499
-0.02169750309745149 -48.40709153605741 38.23345347250499
-0.02892334280581646 -48.495869669156384 37.474601124602664
-0.02892334280581646 -48.495869669156384 37.474601124602664
-0.03337483839736512 -48.54039474660274 36.87069121414157
-0.03340615069945996 -48.54065934928916 36.86534260315205
-0.034059108218235636 -48.553491297921695 36.39205882237487
-0.034059108218235636 -48.553491297921695 36.39205882237487
-0.02997630816661065 -48.54052628780958 36.01280412540595
-0.02997630816661065 -48.54052628780958 36.01280412540595
-0.028976258042365824 -48.50683221941565 35.713272023912886
-0.028976258042365824 -48.50683221941565 35.713272023912886
-0.037889207221684526 -48.45705743011099 35.47599806755706
-0.037889207221684526 -48.45705743011099 35.47599806755706
-0.06343380673072103 -48.39797144832703 35.28365940670991
-0.06343380673072103 -48.39797144832703 35.28365940670991
-0.10398610344762843 -48.33330079636355 35.12327309425441
-0.10398610344762843 -48.33330079636355 35.12327309425441
-0.15460735750493498 -48.26529890068092 34.98705968051449
-0.15460735750493498 -48.26529890068092 34.98705968051449
-0.21339204644508142 -48.19578138393828 34.868613616398406
-0.21339204644508142 -48.19578138393828 34.868613616398406
-0.27580326957546564 -48.12631625131098 34.763165418763485
-0.27580326957546564 -48.12631625131098 34.763165418763485
-0.3404715874835213 -48.0593075106019 34.66515954897931
-0.3404715874835213 -48.0593075106019 34.66515954897931
-0.41100804984177974 -47.99806379818083 34.56782133617934
-0.41100804984177974 -47.99806379818083 34.56782133617934
-0.48472293816656786 -47.9415792425445 34.47117930806533
-0.48472293816656786 -47.9415792425445 34.47117930806533
-0.5600952056154491 -47.88915054840168 34.37673993746574
-0.5600952056154491 -47.88915054840168 34.37673993746574
-0.6357218186742628 -47.839851765447044 34.285667838452675
-0.6357218186742628 -47.839851765447044 34.285667838452675
-0.7097384528939168 -47.79243563419047 34.19997146295433
-0.7097384528939168 -47.79243563419047 34.19997146295433
-0.7840793061618224 -47.747998391321936 34.11796163817051
-0.7840793061618224 -47.747998391321936 34.11796163817051
-0.8583473848756612 -47.70632996553424 34.039138162905395
-0.8583473848756612 -47.70632996553424 34.039138162905395
-0.9309554805322374 -47.666460067684326 33.96480319136442
-0.9309554805322374 -47.666460067684326 33.96480319136442
-1.0039223137929896 -47.62954882290813 33.89310858353242
-1.0039223137929896 -47.62954882290813 33.89310858353242
-1.0768682337299644 -47.59537742125993 33.823619285912066
-1.0768682337299644 -47.59537742125993 33.823619285912066
-1.1481942214431027 -47.562947097337045 33.75778516164405
-1.1481942214431027 -47.562947097337045 33.75778516164405
-1.2175826537215078 -47.53198368308124 33.69596247566558
-1.2175826537215078 -47.53198368308124 33.69596247566558
-1.2850885984990668 -47.50246100176657 33.63792967269458
-1.2850885984990668 -47.50246100176657 33.63792967269458
-1.354996116161692 -47.47461112365793 33.5830475347063
-1.354996116161692 -47.47461112365793 33.5830475347063
-1.4280406510679549 -47.44758590396187 33.5323683342549
-1.4280406510679549 -47.44758590396187 33.5323683342549
-1.5002535806941584 -47.42193081715022 33.48464165205669
-1.5002535806941584 -47.42193081715022 33.48464165205669
-1.570650985132941 -47.39787439326369 33.439058045794845
-1.570650985132941 -47.39787439326369 33.439058045794845
-1.639121434236746 -47.375496031028554 33.395181654749194
-1.639121434236746 -47.375496031028554 33.395181654749194
-1.7064887659339658 -47.35517463416778 33.35223275307377
-1.7064887659339658 -47.35517463416778 33.35223275307377
-1.7844376431616338 -47.34317161451111 33.29975766228943
-1.7844376431616338 -47.34317161451111 33.29975766228943
-1.8672249280256465 -47.33635979171149 33.24139306022436
-1.8672249280256465 -47.33635979171149 33.24139306022436
-1.948757772152711 -47.33105461082757 33.18457948950103
-1.948757772152711 -47.33105461082757 33.18457948950103
-2.0273481287374304 -47.32593856290013 33.132526085728124
-2.0273481287374304 -47.32593856290013 33.132526085728124
-2.1027419481910474 -47.32067115721072 33.085969419957635
-2.1027419481910474 -47.32067115721072 33.085969419957635
-2.175133099772589 -47.315332036579726 33.04448244116665
-2.175133099772589 -47.315332036579726 33.04448244116665
-2.2472812535707654 -47.31146898354831 33.00519973695236
-2.2472812535707654 -47.31146898354831 33.00519973695236
-2.3190820212602845 -47.30909613609081 32.967179803347776
-2.3190820212602845 -47.30909613609081 32.967179803347776
-2.388928968624306 -47.307352589422955 32.93168572255089
-2.388928968624306 -47.307352589422955 32.93168572255089
-2.4565121022229564 -47.306020097881564 32.899053905104715
-2.4565121022229564 -47.306020097881564 32.899053905104715
-2.518320313095254 -47.30510234498452 32.86919792234121
-2.518320313095254 -47.30510234498452 32.86919792234121
-2.571617905992519 -47.30467405894983 32.84184764790862
-2.571617905992519 -47.30467405894983 32.84184764790862
-2.6151871280629395 -47.30614946963554 32.814671461306965
-2.6151871280629395 -47.30614946963554 32.814671461306965
-2.6499193020393927 -47.309449005137715 32.78712884233319
-2.6499193020393927 -47.309449005137715 32.78712884233319
-2.6837047127964624 -47.317015348646805 32.75525343968008
-2.6837047127964624 -47.317015348646805 32.75525343968008
-2.721410107089432 -47.33079671793105 32.71448762523612
-2.721410107089432 -47.33079671793105 32.71448762523612
-2.754993417018139 -47.34607529723088 32.673361501571804
-2.754993417018139 -47.34607529723088 32.673361501571804
-2.789399879481667 -47.36110447873307 32.635904162384676
-2.789399879481667 -47.36110447873307 32.635904162384676
-2.8304692753666765 -47.375471877663244 32.60298961670202
-2.8304692753666765 -47.375471877663244 32.60298961670202
-2.8792738724462787 -47.38919548355848 32.57434907142207
-2.8792738724462787 -47.38919548355848 32.57434907142207
-2.935538682291234 -47.402403435286885 32.549380454378934
-2.935538682291234 -47.402403435286885 32.549380454378934
-2.9986609244147946 -47.41523070568046 32.527465766599434
-2.9986609244147946 -47.41523070568046 32.527465766599434
-3.074146773462817 -47.42906397755221 32.50596175670852
-3.074146773462817 -47.42906397755221 32.50596175670852
-3.160312190314915 -47.4437666807491 32.48437865472565
-3.160312190314915 -47.4437666807491 32.48437865472565
-3.2481807017411835 -47.458263963495305 32.46476817707258
-3.2481807017411835 -47.458263963495305 32.46476817707258
-3.329182635663516 -47.47215160382399 32.448246447985575
-3.329182635663516 -47.47215160382399 32.448246447985575
-3.3992765341533446 -47.485393686567235 32.43499515866362
-3.3992765341533446 -47.485393686567235 32.43499515866362
-3.45858470703313 -47.49833134085908 32.42428311930617
-3.45858470703313 -47.49833134085908 32.42428311930617
-3.5208002211153895 -47.51780535793699 32.40412444984773
-3.5208002211153895 -47.51780535793699 32.40412444984773
-3.581754385045146 -47.54145161330241 32.37666589373971
-3.581754385045146 -47.54145161330241 32.37666589373971
-3.634651074781278 -47.56527767888238 32.35013483743746
-3.634651074781278 -47.56527767888238 32.35013483743746
-3.6779461593093687 -47.587940203620164 32.32800889145748
-3.6779461593093687 -47.587940203620164 32.32800889145748
-3.7119862543714985 -47.609241529026804 32.310875702335366
-3.7119862543714985 -47.609241529026804 32.310875702335366
-3.7377246808199285 -47.62946995107462 32.2979752769282
-3.7377246808199285 -47.62946995107462 32.2979752769282
-3.755070823234309 -47.65026633279926 32.28634444832124
-3.755070823234309 -47.65026633279926 32.28634444832124
-3.76523943085249 -47.67182126888208 32.27481428847039
-3.76523943085249 -47.67182126888208 32.27481428847039
-3.777221710785342 -47.69353896623379 32.26388395325475
-3.777221710785342 -47.69353896623379 32.26388395325475
-3.798037197232362 -47.71538670169781 32.25330907166633
-3.798037197232362 -47.71538670169781 32.25330907166633
-3.828857592982539 -47.7373116793981 32.24305146763407
-3.828857592982539 -47.7373116793981 32.24305146763407
-3.869147503176455 -47.75918086497962 32.233304962204215
-3.869147503176455 -47.75918086497962 32.233304962204215
-3.9179586884005495 -47.78083262385909 32.224347003103084
-3.9179586884005495 -47.78083262385909 32.224347003103084
-3.974315984887088 -47.80212085252146 32.216427729757406
-3.974315984887088 -47.80212085252146 32.216427729757406
-4.037324974711492 -47.82293245972408 32.20971905304028
-4.037324974711492 -47.82293245972408 32.20971905304028
-4.106198676291972 -47.843189846112054 32.20430732493297
-4.106198676291972 -47.843189846112054 32.20430732493297
-4.191969337600724 -47.868657523321716 32.19037484207818
-4.191969337600724 -47.868657523321716 32.19037484207818
-4.287231625315488 -47.89959267777955 32.16578341992184
-4.287231625315488 -47.89959267777955 32.16578341992184
-4.373921387561746 -47.93006070678542 32.14235769798762
-4.373921387561746 -47.93006070678542 32.14235769798762
-4.4459562247527 -47.95916443993813 32.12371589089254
-4.4459562247527 -47.95916443993813 32.12371589089254
-4.503356677555388 -47.986445437621256 32.11071384168638
-4.503356677555388 -47.986445437621256 32.11071384168638
-4.548221730931147 -48.01154419269417 32.103716988571975
-4.548221730931147 -48.01154419269417 32.103716988571975
-4.582404519080345 -48.034936054792944 32.101480387251804
-4.582404519080345 -48.034936054792944 32.101480387251804
-4.607567330076337 -48.05727262357597 32.102316365956895
-4.607567330076337 -48.05727262357597 32.102316365956895
-4.625131846717032 -48.07913617099271 32.104701963884594
-4.625131846717032 -48.07913617099271 32.104701963884594
-4.636252088963657 -48.10096221897436 32.107504360196394
-4.636252088963657 -48.10096221897436 32.107504360196394
-4.641842696005206 -48.12303548627308 32.1099966121111
-4.641842696005206 -48.12303548627308 32.1099966121111
-4.6501023201614675 -48.14554608661254 32.111374630400604
-4.6501023201614675 -48.14554608661254 32.111374630400604
-4.667899800390668 -48.16862434568962 32.111011842971536
-4.667899800390668 -48.16862434568962 32.111011842971536
-4.696257044348562 -48.192132985578596 32.10910435725307
-4.696257044348562 -48.192132985578596 32.10910435725307
-4.734436604012519 -48.21576372202955 32.106327915890716
-4.734436604012519 -48.21576372202955 32.106327915890716
-4.787694744041419 -48.24038562202591 32.10131842005886
-4.787694744041419 -48.24038562202591 32.10131842005886
-4.869887454215011 -48.27331895993781 32.08107856203886
-4.869887454215011 -48.27331895993781 32.08107856203886
-4.9700087028067665 -48.31060748938115 32.05073949244347
-4.9700087028067665 -48.31060748938115 32.05073949244347
-5.074601376446253 -48.34596169856803 32.02342625094755
-5.074601376446253 -48.34596169856803 32.02342625094755
-5.171262621834778 -48.377090542262785 32.00531616692913
-5.171262621834778 -48.377090542262785 32.00531616692913
-5.252370205103247 -48.40364296995995 31.997853122776032
-5.252370205103247 -48.40364296995995 31.997853122776032
-5.317607590617487 -48.42640739574794 31.99935089673533
-5.317607590617487 -48.42640739574794 31.99935089673533
-5.368867213760332 -48.44659002289253 32.00689808580469
-5.368867213760332 -48.44659002289253 32.00689808580469
-5.408420702749785 -48.46535388768621 32.017612942477044
-5.408420702749785 -48.46535388768621 32.017612942477044
-5.438288090420407 -48.483607766284415 32.029231289148186
-5.438288090420407 -48.483607766284415 32.029231289148186
-5.460077806985257 -48.501965316832845 32.0402505564074
-5.460077806985257 -48.501965316832845 32.0402505564074
-5.475015345617657 -48.52078269323294 32.04983622330103
-5.475015345617657 -48.52078269323294 32.04983622330103
-5.484026556466292 -48.540228442786656 32.0576448432781
-5.484026556466292 -48.540228442786656 32.0576448432781
-5.487820207726006 -48.56035079775223 32.063644893307185
-5.487820207726006 -48.56035079775223 32.063644893307185
-5.486958345135605 -48.58113166586506 32.06797412566434
-5.486958345135605 -48.58113166586506 32.06797412566434
-5.4894535426482225 -48.602552496154594 32.070359004061935
-5.4894535426482225 -48.602552496154594 32.070359004061935
-5.502162203394485 -48.624630925407644 32.07044093430655
-5.502162203394485 -48.624630925407644 32.07044093430655
-5.541965194892476 -48.654900000601955 32.05512624408081
-5.541965194892476 -48.654900000601955 32.05512624408081
-5.604560024412055 -48.6910315919507 32.026460787501875
-5.604560024412055 -48.6910315919507 32.026460787501875
-5.682567659022106 -48.72736360289885 31.996217452075303
-5.682567659022106 -48.72736360289885 31.996217452075303
-5.769321569352236 -48.76097659472782 31.97104082029033
-5.769321569352236 -48.76097659472782 31.97104082029033
-5.857652310180175 -48.79009426511109 31.955035709114075
-5.857652310180175 -48.79009426511109 31.955035709114075
-5.945619349769834 -48.81464627790795 31.948444367089834
-5.945619349769834 -48.81464627790795 31.948444367089834
-6.025630636557591 -48.83527855680758 31.950091067179923
-6.025630636557591 -48.83527855680758 31.950091067179923
-6.091791311030265 -48.85281869715188 31.95833329380859
-6.091791311030265 -48.85281869715188 31.95833329380859
-6.144230858507544 -48.86830290048401 31.970826992304833
-6.144230858507544 -48.86830290048401 31.970826992304833
-6.18474407410498 -48.88275556878627 31.985193473121544
-6.18474407410498 -48.88275556878627 31.985193473121544
-6.215284023612106 -48.89699911180069 31.9995175804837
-6.215284023612106 -48.89699911180069 31.9995175804837
-6.237504634977145 -48.911592296669866 32.012529016627155
-6.237504634977145 -48.911592296669866 32.012529016627155
-6.252688953028356 -48.92685257800385 32.02355629494594
-6.252688953028356 -48.92685257800385 32.02355629494594
-6.261803024437788 -48.94291764394856 32.03237922910248
-6.261803024437788 -48.94291764394856 32.03237922910248
-6.265625122255137 -48.95983188911678 32.03902955046512
-6.265625122255137 -48.95983188911678 32.03902955046512
-6.281459259025839 -48.98563275570562 32.029511947457735
-6.281459259025839 -48.98563275570562 32.029511947457735
-6.30622534426211 -49.018218090935626 32.00538843054731
-6.30622534426211 -49.018218090935626 32.00538843054731
-6.334542825154477 -49.05083425851888 31.980181675890876
-6.334542825154477 -49.05083425851888 31.980181675890876
-6.368522357145611 -49.08098075996204 31.959823295231114
-6.368522357145611 -49.08098075996204 31.959823295231114
-6.408215340866626 -49.10799524233999 31.9459948664606
-6.408215340866626 -49.10799524233999 31.9459948664606
-6.4534274854981595 -49.13201642859986 31.93830093964708
-6.4534274854981595 -49.13201642859986 31.93830093964708
-6.504011827085131 -49.153469547968825 31.93554862146181
-6.504011827085131 -49.153469547968825 31.93554862146181
-6.559827774936246 -49.17281291689039 31.93644074110747
-6.559827774936246 -49.17281291689039 31.93644074110747
-6.620668960463148 -49.190422531560564 31.939886856679603
-6.620668960463148 -49.190422531560564 31.939886856679603
-6.6862362611074975 -49.20656527667258 31.945095540474227
-6.6862362611074975 -49.20656527667258 31.945095540474227
-6.75590415324511 -49.22142444030771 31.95154234722183
-6.75590415324511 -49.22142444030771 31.95154234722183
-6.82205921476749 -49.23502172867789 31.959529930513696
-6.82205921476749 -49.23502172867789 31.959529930513696
-6.876068074099066 -49.24831001917149 31.968291866635667
-6.876068074099066 -49.24831001917149 31.968291866635667
-6.917245167303841 -49.2614180246692 31.977401021162922
-6.917245167303841 -49.2614180246692 31.977401021162922
-6.947578487488558 -49.27414299393466 31.98708478333854
-6.947578487488558 -49.27414299393466 31.98708478333854
-6.968808046909008 -49.28678036739326 31.996774827212086
-6.968808046909008 -49.28678036739326 31.996774827212086
-6.982425262400981 -49.29969080521435 32.00573600324112
-6.982425262400981 -49.29969080521435 32.00573600324112
-6.989646495076725 -49.31315582454593 32.013394493878096
-6.989646495076725 -49.31315582454593 32.013394493878096
-7.007492349323282 -49.334978471422005 32.005963640143904
-7.007492349323282 -49.334978471422005 32.005963640143904
-7.03642477334119 -49.36470016091982 31.9818310659214
-7.03642477334119 -49.36470016091982 31.9818310659214
-7.061238382973535 -49.394605428267575 31.956631295485266
-7.061238382973535 -49.394605428267575 31.956631295485266
-7.084145385102904 -49.42174898278215 31.937310005294442
-7.084145385102904 -49.42174898278215 31.937310005294442
-7.1112495393635395 -49.44574387753928 31.924726996610207
-7.1112495393635395 -49.44574387753928 31.924726996610207
-7.144505663362238 -49.467011786231694 31.917758648882927
-7.144505663362238 -49.467011786231694 31.917758648882927
-7.184406782599922 -49.48607434203018 31.914941804951912
-7.184406782599922 -49.48607434203018 31.914941804951912
-7.230860525242915 -49.50334440566813 31.915061919583295
-7.230860525242915 -49.50334440566813 31.915061919583295
-7.283496037649043 -49.519088795019194 31.91727788155363
-7.283496037649043 -49.519088795019194 31.91727788155363
-7.341795205823297 -49.53345848723812 31.92107263589053
-7.341795205823297 -49.53345848723812 31.92107263589053
-7.405186709415074 -49.54652759630687 31.926149472548612
-7.405186709415074 -49.54652759630687 31.926149472548612
-7.465319761178145 -49.55828102218875 31.9330263044665
-7.465319761178145 -49.55828102218875 31.9330263044665
-7.51490249092401 -49.56867532555921 31.94237655721871
-7.51490249092401 -49.56867532555921 31.94237655721871
-7.553004833887789 -49.578062804695485 31.95370585312283
-7.553004833887789 -49.578062804695485 31.95370585312283
-7.580811462197115 -49.587041114376305 31.965814011766078
-7.580811462197115 -49.587041114376305 31.965814011766078
-7.599966372112629 -49.59620343230718 31.977430012262033
-7.599966372112629 -49.59620343230718 31.977430012262033
-7.611958844201915 -49.60599542865824 31.98759376814227
-7.611958844201915 -49.60599542865824 31.98759376814227
-7.617957602239394 -49.616678696392526 31.995770640491596
-7.617957602239394 -49.616678696392526 31.995770640491596
-7.618823643054836 -49.62835782264363 32.00180000511286
-7.618823643054836 -49.62835782264363 32.00180000511286
-7.613742122287334 -49.641895340645995 32.00459949144877
-7.613742122287334 -49.641895340645995 32.00459949144877
-7.603396890731952 -49.65705232086724 32.00440648664453
-7.603396890731952 -49.65705232086724 32.00440648664453
-7.596897654276021 -49.673116759298324 32.001933623620104
-7.596897654276021 -49.673116759298324 32.001933623620104
-7.601553415429952 -49.6898518614626 31.997150162636117
-7.601553415429952 -49.6898518614626 31.997150162636117
-7.6181804915590075 -49.70678857117968 31.990815263612635
-7.6181804915590075 -49.70678857117968 31.990815263612635
-7.6506678861631805 -49.72571266888011 31.980109520565737
-7.6506678861631805 -49.72571266888011 31.980109520565737
-7.716818024154611 -49.75482005851001 31.948888844607353
-7.716818024154611 -49.75482005851001 31.948888844607353
-7.797270790335024 -49.78489826050544 31.91300254145142
-7.797270790335024 -49.78489826050544 31.91300254145142
-7.879387906586995 -49.810267415710186 31.885416060406527
-7.879387906586995 -49.810267415710186 31.885416060406527
-7.958791705109871 -49.829306140292076 31.870547588504742
-7.958791705109871 -49.829306140292076 31.870547588504742
-8.035364581239659 -49.84255845947994 31.867466016619126
-8.035364581239659 -49.84255845947994 31.867466016619126
-8.102789523097343 -49.851359381026 31.873710165310214
-8.102789523097343 -49.851359381026 31.873710165310214
-8.155945354800972 -49.857069790397645 31.886661769438305
-8.155945354800972 -49.857069790397645 31.886661769438305
-8.195746793530368 -49.86115798075716 31.90312119540793
-8.195746793530368 -49.86115798075716 31.90312119540793
-8.22464992454692 -49.86493770331137 31.920116092324907
-8.22464992454692 -49.86493770331137 31.920116092324907
-8.244983764681105 -49.8693534348026 31.935496668986403
-8.244983764681105 -49.8693534348026 31.935496668986403
-8.258481882221076 -49.87493576834858 31.9480804418148
-8.258481882221076 -49.87493576834858 31.9480804418148
-8.26629400919887 -49.88188052836744 31.957490783470572
-8.26629400919887 -49.88188052836744 31.957490783470572
-8.269140896334312 -49.89016862475212 31.963877759760763
-8.269140896334312 -49.89016862475212 31.963877759760763
-8.267488269741065 -49.899676532694656 31.967652118434472
-8.267488269741065 -49.899676532694656 31.967652118434472
-8.261686239906243 -49.91025159842041 31.96929020582919
-8.261686239906243 -49.91025159842041 31.96929020582919
-8.25204748607323 -49.92175578511332 31.969223897361534
-8.25204748607323 -49.92175578511332 31.969223897361534
-8.24674196180057 -49.9341277723583 31.967041613948254
-8.24674196180057 -49.9341277723583 31.967041613948254
-8.252949361398278 -49.94734271162223 31.962166971774423
-8.252949361398278 -49.94734271162223 31.962166971774423
-8.271372444505166 -49.96095126683083 31.955299318575776
-8.271372444505166 -49.96095126683083 31.955299318575776
-8.306901578381515 -49.975098854748545 31.946039458044073
-8.306901578381515 -49.975098854748545 31.946039458044073
-8.356887127470582 -49.98896035777686 31.93576441610295
-8.356887127470582 -49.98896035777686 31.93576441610295
-8.418574937116702 -50.00298379251398 31.924483700989875
-8.418574937116702 -50.00298379251398 31.924483700989875
-8.510952920142824 -50.02622943573409 31.89471314591374
-8.510952920142824 -50.02622943573409 31.89471314591374
-8.60657202043887 -50.04964719658763 31.862404036411142
-8.60657202043887 -50.04964719658763 31.862404036411142
-8.684716186724312 -50.067276410111646 31.841925787179225
-8.684716186724312 -50.067276410111646 31.841925787179225
-8.740854874757463 -50.07817450625671 31.83677181537618
-8.740854874757463 -50.07817450625671 31.83677181537618
-8.777645507613464 -50.08403194168998 31.84375328693975
-8.777645507613464 -50.08403194168998 31.84375328693975
-8.799950404459901 -50.08731310701517 31.85735125397212
-8.799950404459901 -50.08731310701517 31.85735125397212
-8.812317878927058 -50.09015722450552 31.872516832354243
-8.812317878927058 -50.09015722450552 31.872516832354243
-8.81803491401971 -50.093958846000255 31.88586831468406
-8.81803491401971 -50.093958846000255 31.88586831468406
-8.819048645062505 -50.09937360320592 31.89578692600545
-8.819048645062505 -50.09937360320592 31.89578692600545
-8.816288704659378 -50.10652695344693 31.90197508890548
-8.816288704659378 -50.10652695344693 31.90197508890548
-8.810093250021229 -50.115250675945354 31.90488185379258
-8.810093250021229 -50.115250675945354 31.90488185379258
-8.799000986838267 -50.12604053384855 31.904225824037933
-8.799000986838267 -50.12604053384855 31.904225824037933
-8.791231705380117 -50.13854082488198 31.899910988152847
-8.791231705380117 -50.13854082488198 31.899910988152847
-8.801356092917583 -50.15285390924078 31.890700385060157
-8.801356092917583 -50.15285390924078 31.890700385060157
-8.829446812144248 -50.16808670106552 31.877876243261596
-8.829446812144248 -50.16808670106552 31.877876243261596
-8.87473777201337 -50.183141542076434 31.863779060701845
-8.87473777201337 -50.183141542076434 31.863779060701845
-8.932543943529083 -50.196704576293 31.851098770730736
-8.932543943529083 -50.196704576293 31.851098770730736
-9.001720404007752 -50.20808230295223 31.841482813606778
-9.001720404007752 -50.20808230295223 31.841482813606778
-9.070820170746899 -50.216704350822006 31.836748178661896
-9.070820170746899 -50.216704350822006 31.836748178661896
-9.125187336160268 -50.22257785350257 31.838525928647186
-9.125187336160268 -50.22257785350257 31.838525928647186
-9.163129483928195 -50.22620954138472 31.845981600084883
-9.163129483928195 -50.22620954138472 31.845981600084883
-9.193474132394822 -50.232404137024865 31.850487665781554
-9.193474132394822 -50.232404137024865 31.850487665781554
-9.239364831214608 -50.250555071162744 31.831881814913046
-9.239364831214608 -50.250555071162744 31.831881814913046
-9.28160181902215 -50.27168134957897 31.80614419821708
-9.28160181902215 -50.27168134957897 31.80614419821708
-9.309629019870439 -50.290302003677716 31.78593327114357
-9.309629019870439 -50.290302003677716 31.78593327114357
-9.320674709801448 -50.30545592980309 31.77483157615331
-9.320674709801448 -50.30545592980309 31.77483157615331
-9.317425130162656 -50.317866262995196 31.77141419292595
-9.317425130162656 -50.317866262995196 31.77141419292595
-9.311152959722946 -50.329451092112166 31.771004805422375
-9.311152959722946 -50.329451092112166 31.771004805422375
-9.312863714124788 -50.341478456304124 31.769421571455673
-9.312863714124788 -50.341478456304124 31.769421571455673
-9.332824548589686 -50.354640700468956 31.764041383641015
-9.332824548589686 -50.354640700468956 31.764041383641015
-9.369849726210283 -50.368256610995914 31.755618619039613
-9.369849726210283 -50.368256610995914 31.755618619039613
-9.42278955962331 -50.381296694029025 31.746282791550723
-9.42278955962331 -50.381296694029025 31.746282791550723
-9.48695060081891 -50.39253752725282 31.73855930946573
-9.48695060081891 -50.39253752725282 31.73855930946573
-9.545177269679852 -50.401263826371995 31.735725817649424
-9.545177269679852 -50.401263826371995 31.735725817649424
-9.588008236334943 -50.407061353713694 31.73960450388943
-9.588008236334943 -50.407061353713694 31.73960450388943
-9.616145482342896 -50.41040011364028 31.749379525062817
-9.616145482342896 -50.41040011364028 31.749379525062817
-9.630996011165077 -50.413337755758825 31.761267498068655
-9.630996011165077 -50.413337755758825 31.761267498068655
-9.63601741865956 -50.41707308421078 31.772266806763184
-9.63601741865956 -50.41707308421078 31.772266806763184
-9.633188486338677 -50.4226935558479 31.780184649994226
-9.633188486338677 -50.4226935558479 31.780184649994226
-9.624556092032254 -50.43032598859092 31.78438862464381
-9.624556092032254 -50.43032598859092 31.78438862464381
-9.610473376831273 -50.44016865769047 31.78478960976872
-9.610473376831273 -50.44016865769047 31.78478960976872
-9.599845064206685 -50.4518324767406 31.7812422241994
-9.599845064206685 -50.4518324767406 31.7812422241994
-9.607525754571975 -50.465324629256976 31.772472834289918
-9.607525754571975 -50.465324629256976 31.772472834289918
-9.633457349582962 -50.47961826039244 31.76000762726379
-9.633457349582962 -50.47961826039244 31.76000762726379
-9.676435909168156 -50.49339996513581 31.746606816156696
-9.676435909168156 -50.49339996513581 31.746606816156696
-9.731479697327833 -50.50526318242589 31.735236402471145
-9.731479697327833 -50.50526318242589 31.735236402471145
-9.797279923687277 -50.51447407299694 31.727635851062637
-9.797279923687277 -50.51447407299694 31.727635851062637
-9.868301845008922 -50.52316088173679 31.72095430895072
-9.868301845008922 -50.52316088173679 31.72095430895072
-9.953454536539027 -50.541289417363274 31.696416162836762
-9.953454536539027 -50.541289417363274 31.696416162836762
-10.028773390623996 -50.5590215882014 31.67147699674765
-10.028773390623996 -50.5590215882014 31.67147699674765
-10.080812173411513 -50.571435413628535 31.658532826282325
-10.080812173411513 -50.571435413628535 31.658532826282325
-10.109404764380123 -50.578324295198165 31.659125439917595
-10.109404764380123 -50.578324295198165 31.659125439917595
-10.11905113955034 -50.582222231685705 31.668403869287825
-10.11905113955034 -50.582222231685705 31.668403869287825
-10.116319337519252 -50.58557510098648 31.680500682301332
-10.116319337519252 -50.58557510098648 31.680500682301332
-10.105533531732563 -50.59052556659246 31.690601952753184
-10.105533531732563 -50.59052556659246 31.690601952753184
-10.090031535252104 -50.597811497877444 31.69648399991999
-10.090031535252104 -50.597811497877444 31.69648399991999
-10.078647946360096 -50.60783345171317 31.696577718849092
-10.078647946360096 -50.60783345171317 31.696577718849092
-10.079249818534768 -50.62007964020617 31.690787270782845
-10.079249818534768 -50.62007964020617 31.690787270782845
-10.099409415159524 -50.633749605735 31.67996418791346
-10.099409415159524 -50.633749605735 31.67996418791346
-10.136173170059998 -50.64727204722275 31.66710691674317
-10.136173170059998 -50.64727204722275 31.66710691674317
-10.181119206450004 -50.65854740759551 31.657078990679956
-10.181119206450004 -50.65854740759551 31.657078990679956
-10.236585154885152 -50.667263203455036 31.650678870235847
-10.236585154885152 -50.667263203455036 31.650678870235847
-10.300523338588839 -50.6732143981756 31.648153527550686
-10.300523338588839 -50.6732143981756 31.648153527550686
-10.35731149061572 -50.67645172451762 31.651075268152173
-10.35731149061572 -50.67645172451762 31.651075268152173
-10.398397259920168 -50.677077525988274 31.660164515206187
-10.398397259920168 -50.677077525988274 31.660164515206187
-10.423826115257768 -50.67616655431572 31.673570008736473
-10.423826115257768 -50.67616655431572 31.673570008736473
-10.439522503589641 -50.67316347986973 31.691151729184924
-10.439522503589641 -50.67316347986973 31.691151729184924
-10.44689425980587 -50.671074330587665 31.707703407731934
-10.44689425980587 -50.671074330587665 31.707703407731934
-10.448319212464938 -50.67127878042382 31.719917628608744
-10.448319212464938 -50.67127878042382 31.719917628608744
-10.44448665666342 -50.674371387450975 31.726659801402146
-10.44448665666342 -50.674371387450975 31.726659801402146
-10.43622224305945 -50.67993363518761 31.72861155963266
-10.43622224305945 -50.67993363518761 31.72861155963266
-10.439049950806751 -50.6878548907539 31.724745125657584
-10.439049950806751 -50.6878548907539 31.724745125657584
-10.459397946363294 -50.6974826783974 31.715318885176913
-10.459397946363294 -50.6974826783974 31.715318885176913
-10.497818358332319 -50.70750947742515 31.702822386815118
-10.497818358332319 -50.70750947742515 31.702822386815118
-10.549208725853983 -50.716254473546826 31.69080586090971
-10.549208725853983 -50.716254473546826 31.69080586090971
-10.59545327472214 -50.722489673430104 31.683871255404252
-10.59545327472214 -50.722489673430104 31.683871255404252
-10.626638817143581 -50.72561450033115 31.684510024497772
-10.626638817143581 -50.72561450033115 31.684510024497772
-10.642006316302357 -50.7268748981472 31.690907073755312
-10.642006316302357 -50.7268748981472 31.690907073755312
-10.645407295807619 -50.72775071951104 31.699634517290026
-10.645407295807619 -50.72775071951104 31.699634517290026
-10.640003937380696 -50.729899366284016 31.7071592537841
-10.640003937380696 -50.729899366284016 31.7071592537841
-10.62891757604662 -50.73398165437313 31.711556418032323
-10.62891757604662 -50.73398165437313 31.711556418032323
-10.613041915098483 -50.74045339628611 31.71199968830466
-10.613041915098483 -50.74045339628611 31.71199968830466
-10.59337533758671 -50.74897944440339 31.708964573740342
-10.59337533758671 -50.74897944440339 31.708964573740342
-10.585579753769677 -50.7595553412861 31.701081222800465
-10.585579753769677 -50.7595553412861 31.701081222800465
-10.5967715552663 -50.77188134920353 31.687870091602825
-10.5967715552663 -50.77188134920353 31.687870091602825
-10.648186352363764 -50.79609013044901 31.65031817515426
-10.648186352363764 -50.79609013044901 31.65031817515426
-10.727551976543815 -50.82703841599718 31.595770049190868
-10.727551976543815 -50.82703841599718 31.595770049190868
-10.810444602132286 -50.85212532923155 31.55023849011205
-10.810444602132286 -50.85212532923155 31.55023849011205
-10.8887568000363 -50.866946697328316 31.52511951745958
-10.8887568000363 -50.866946697328316 31.52511951745958
-10.960998788024867 -50.87215643492182 31.519979575981736
-10.960998788024867 -50.87215643492182 31.519979575981736
-11.018131886572153 -50.869304886443636 31.532377868378447
-11.018131886572153 -50.869304886443636 31.532377868378447
-11.057648024657055 -50.86115021519019 31.557116807505512
-11.057648024657055 -50.86115021519019 31.557116807505512
-11.082248092152302 -50.85243022943777 31.584636922718197
-11.082248092152302 -50.85243022943777 31.584636922718197
-11.09744843616858 -50.84570840278955 31.608584765151985
-11.09744843616858 -50.84570840278955 31.608584765151985
-11.106076041258024 -50.84238217245447 31.625765622282827
-11.106076041258024 -50.84238217245447 31.625765622282827
-11.109912469379097 -50.84234219717172 31.636030467575804
-11.109912469379097 -50.84234219717172 31.636030467575804
-11.116595806943739 -50.8453234216721 31.639402161898204
-11.116595806943739 -50.8453234216721 31.639402161898204
-11.133350334765149 -50.85047615587699 31.636649928677144
-11.133350334765149 -50.85047615587699 31.636649928677144
-11.167388264895822 -50.85681593476298 31.62901601122142
-11.167388264895822 -50.85681593476298 31.62901601122142
-11.215618813514862 -50.86274414010496 31.619664613506217
-11.215618813514862 -50.86274414010496 31.619664613506217
-11.259680668945865 -50.86675487348481 31.613872542602845
-11.259680668945865 -50.86675487348481 31.613872542602845
-11.288972534098349 -50.8679632409642 31.61495383607189
-11.288972534098349 -50.8679632409642 31.61495383607189
-11.30245726759479 -50.867470675226016 31.62152354285581
-11.30245726759479 -50.867470675226016 31.62152354285581
-11.304109737242948 -50.86676852211195 31.630196296033724
-11.304109737242948 -50.86676852211195 31.630196296033724
-11.297287572666836 -50.86753291350803 31.637377023870144
-11.297287572666836 -50.86753291350803 31.637377023870144
-11.285211601958313 -50.870429828633654 31.64112012529019
-11.285211601958313 -50.870429828633654 31.64112012529019
-11.268708179445778 -50.87585269609145 31.640699003998183
-11.268708179445778 -50.87585269609145 31.640699003998183
-11.248637656143675 -50.88341019871781 31.636722941609168
-11.248637656143675 -50.88341019871781 31.636722941609168
-11.240672150068804 -50.893013014542234 31.62784353925606
-11.240672150068804 -50.893013014542234 31.62784353925606
-11.251260518888873 -50.90400294062945 31.614145996525433
-11.251260518888873 -50.90400294062945 31.614145996525433
-11.274282773115072 -50.91436748649133 31.59991612214211
-11.274282773115072 -50.91436748649133 31.59991612214211
-11.31128785694714 -50.923127934119634 31.587161549313635
-11.31128785694714 -50.923127934119634 31.587161549313635
-11.358815129399272 -50.92939159844028 31.57772022407468
-11.358815129399272 -50.92939159844028 31.57772022407468
-11.42184554652033 -50.9350651862236 31.568243763033202
-11.42184554652033 -50.9350651862236 31.568243763033202
-11.516946481287878 -50.950710867899964 31.537211333628775
-11.516946481287878 -50.950710867899964 31.537211333628775
-11.603651032029553 -50.96489969499809 31.507196354041096
-11.603651032029553 -50.96489969499809 31.507196354041096
-11.661554175074016 -50.970948589708634 31.495181417251818
-11.661554175074016 -50.970948589708634 31.495181417251818
-11.689266874684773 -50.96973416722231 31.50167142122244
-11.689266874684773 -50.96973416722231 31.50167142122244
-11.695716018451254 -50.964986635331115 31.518713033736574
-11.695716018451254 -50.964986635331115 31.518713033736574
-11.690019359839926 -50.96085535322851 31.536883066585567
-11.690019359839926 -50.96085535322851 31.536883066585567
-11.679366179964916 -50.959616211230966 31.550128367997882
-11.679366179964916 -50.959616211230966 31.550128367997882
-11.666151396288411 -50.96219577744623 31.556115861244926
-11.666151396288411 -50.96219577744623 31.556115861244926
-11.65104441916213 -50.9680059398738 31.555718649333063
-11.65104441916213 -50.9680059398738 31.555718649333063
-11.648933288822814 -50.97646648673632 31.548585888093985
-11.648933288822814 -50.97646648673632 31.548585888093985
-11.665451078302802 -50.986459482895064 31.535866250821286
-11.665451078302802 -50.986459482895064 31.535866250821286
-11.69996951338417 -50.996188109336174 31.521076504001428
-11.69996951338417 -50.996188109336174 31.521076504001428
-11.74656842500417 -51.003762297703595 31.50837733401167
-11.74656842500417 -51.003762297703595 31.50837733401167
-11.802905404388667 -51.00805123687786 31.500448001061343
-11.802905404388667 -51.00805123687786 31.500448001061343
-11.857200262219664 -51.00861234608539 31.499411168256476
-11.857200262219664 -51.00861234608539 31.499411168256476
-11.894712619779412 -51.00576225212643 31.50681250280143
-11.894712619779412 -51.00576225212643 31.50681250280143
-11.915355508268004 -51.00086184641201 31.52025009816054
-11.915355508268004 -51.00086184641201 31.52025009816054
-11.922912261014114 -50.99623034904675 31.534959050389187
-11.922912261014114 -50.99623034904675 31.534959050389187
-11.922448416722574 -50.993417092964215 31.547026646928824
-11.922448416722574 -50.993417092964215 31.547026646928824
-11.91636675369062 -50.993442585535355 31.554176864163225
-11.91636675369062 -50.993442585535355 31.554176864163225
-11.906338760953533 -50.99619141352202 31.556295601630975
-11.906338760953533 -50.99619141352202 31.556295601630975
-11.893851526049565 -51.00096702592465 31.554632720589563
-11.893851526049565 -51.00096702592465 31.554632720589563
-11.893337271400164 -51.00775361612988 31.54781877305302
-11.893337271400164 -51.00775361612988 31.54781877305302
-11.910807535006475 -51.01581954455292 31.536082361803736
-11.910807535006475 -51.01581954455292 31.536082361803736
-11.946000912337059 -51.02358795307893 31.522365469909253
-11.946000912337059 -51.02358795307893 31.522365469909253
-11.993187748118578 -51.029268081277 31.51057433088494
-11.993187748118578 -51.029268081277 31.51057433088494
-12.050060685815392 -51.031739273197246 31.503348215969044
-12.050060685815392 -51.031739273197246 31.503348215969044
-12.104837497496241 -51.03056322629289 31.502849144398354
-12.104837497496241 -51.03056322629289 31.502849144398354
-12.142805792165602 -51.02607780070627 31.510648729760973
-12.142805792165602 -51.02607780070627 31.510648729760973
-12.163988716171845 -51.019685215577 31.524283368401406
-12.163988716171845 -51.019685215577 31.524283368401406
-12.172256413888645 -51.01371883011844 31.538936573861324
-12.172256413888645 -51.01371883011844 31.538936573861324
-12.172689423154367 -51.00971677927004 31.5507031325011
-12.172689423154367 -51.00971677927004 31.5507031325011
-12.167613472623298 -51.008650257521985 31.557394446429598
-12.167613472623298 -51.008650257521985 31.557394446429598
-12.158599891594747 -51.010359705051165 31.55899938772673
-12.158599891594747 -51.010359705051165 31.55899938772673
-12.153295739915977 -51.01461258279342 31.555259271273474
-12.153295739915977 -51.01461258279342 31.555259271273474
-12.158973575537656 -51.020619254712095 31.546606193691478
-12.158973575537656 -51.020619254712095 31.546606193691478
-12.182650568908759 -51.02732139830575 31.53417809604353
-12.182650568908759 -51.02732139830575 31.53417809604353
-12.220859412671462 -51.03305755542094 31.52124543742155
-12.220859412671462 -51.03305755542094 31.52124543742155
-12.262917928208456 -51.03634212595422 31.512187462763045
-12.262917928208456 -51.03634212595422 31.512187462763045
-12.305307087123719 -51.03975131335215 31.50382638625635
-12.305307087123719 -51.03975131335215 31.50382638625635
-12.365747791504411 -51.05353795523186 31.47485190708845
-12.365747791504411 -51.05353795523186 31.47485190708845
-12.416550861365078 -51.06628765235503 31.44689175186449
-12.416550861365078 -51.06628765235503 31.44689175186449
-12.442122399508538 -51.07283433908318 31.433834567306036
-12.442122399508538 -51.07283433908318 31.433834567306036
-12.443853503205876 -51.073939575599816 31.43555564767643
-12.443853503205876 -51.073939575599816 31.43555564767643
-12.429381634202503 -51.073266939501146 31.44447386419569
-12.429381634202503 -51.073266939501146 31.44447386419569
-12.407621627663083 -51.07391448476035 31.452900868592536
-12.407621627663083 -51.07391448476035 31.452900868592536
-12.38521608555898 -51.07733483288911 31.456530813567333
-12.38521608555898 -51.07733483288911 31.456530813567333
-12.378569902428577 -51.08416319993533 31.451782988893513
-12.378569902428577 -51.08416319993533 31.451782988893513
-12.393195508918605 -51.09331427730951 31.439302323081296
-12.393195508918605 -51.09331427730951 31.439302323081296
-12.4270294461895 -51.10243030376115 31.423720267342375
-12.4270294461895 -51.10243030376115 31.423720267342375
-12.472712678927595 -51.109107115346276 31.41049038748185
-12.472712678927595 -51.109107115346276 31.41049038748185
-12.52711119403219 -51.11196556691919 31.40299584121414
-12.52711119403219 -51.11196556691919 31.40299584121414
-12.578414076637955 -51.11067304822045 31.403363621612662
-12.578414076637955 -51.11067304822045 31.403363621612662
-12.612220053825304 -51.10583008069553 31.412726200431262
-12.612220053825304 -51.10583008069553 31.412726200431262
-12.62927801415922 -51.09917134182309 31.42789340176734
-12.62927801415922 -51.09917134182309 31.42789340176734
-12.634132439193957 -51.09324932731614 31.44346845204133
-12.634132439193957 -51.09324932731614 31.44346845204133
-12.632145230522573 -51.08964953170053 31.455361307620592
-12.632145230522573 -51.08964953170053 31.455361307620592
-12.625485638501894 -51.08922113608466 31.46159412779653
-12.625485638501894 -51.08922113608466 31.46159412779653
-12.61535255044938 -51.091639207280764 31.462531702891827
-12.61535255044938 -51.091639207280764 31.462531702891827
-12.6173907625986 -51.09652960912984 31.457058498877974
-12.6173907625986 -51.09652960912984 31.457058498877974
-12.637612322234043 -51.10284645835475 31.44595052683693
-12.637612322234043 -51.10284645835475 31.44595052683693
-12.675086397750938 -51.108661223446155 31.432923755327952
-12.675086397750938 -51.108661223446155 31.432923755327952
-12.715271035324651 -51.11200819931187 31.423557383509362
-12.715621920965162 -51.11202158900865 31.423506055123013
-12.740283081793088 -51.11194321746956 31.4226862736244
-12.740283081793088 -51.11194321746956 31.4226862736244
-12.748677894344976 -51.10935903315293 31.429349635444243
-12.748677894344976 -51.10935903315293 31.429349635444243
-12.744367230546693 -51.10665535538685 31.438709284734546
-12.744367230546693 -51.10665535538685 31.438709284734546
-12.733065683097099 -51.10565950234332 31.446180975171014
-12.733065683097099 -51.10565950234332 31.446180975171014
-12.71754678796732 -51.1075358038981 31.449004932773384
-12.71754678796732 -51.1075358038981 31.449004932773384
-12.699422345688472 -51.11217897682028 31.44695110006767
-12.699240334138167 -51.112235860435824 31.446910492592526
-12.686147409431992 -51.119277412153174 31.439790301052877
-12.686147409431992 -51.119277412153174 31.439790301052877
-12.684709552608457 -51.1279244925453 31.428117925039103
-12.684709552608457 -51.1279244925453 31.428117925039103
-12.695538198487112 -51.13647220889085 31.41483927704085
-12.695538198487112 -51.13647220889085 31.41483927704085
-12.721875736186828 -51.14385218830498 31.401699868639007
-12.721875736186828 -51.14385218830498 31.401699868639007
-12.759987594936153 -51.14886459408257 31.39117809547913
-12.759987594936153 -51.14886459408257 31.39117809547913
-12.808398204943966 -51.150679370028456 31.38510281567043
-12.808398204943966 -51.150679370028456 31.38510281567043
-12.863758886474166 -51.14896627906105 31.384282463697176
-12.863758886474166 -51.14896627906105 31.384282463697176
-12.91000617679849 -51.1439048980845 31.390600213713967
-12.91000617679849 -51.1439048980845 31.390600213713967
-12.939529577979433 -51.136242768069735 31.403906247492476
-12.939529577979433 -51.136242768069735 31.403906247492476
-12.953952723928744 -51.12815268287854 31.420185094690268
-12.953952723928744 -51.12815268287854 31.420185094690268
-12.958744949325194 -51.12154783658925 31.434861475310207
-12.958744949325194 -51.12154783658925 31.434861475310207
-12.957252339511527 -51.11783252557708 31.44470391308883
-12.957252339511527 -51.11783252557708 31.44470391308883
-12.951756363809764 -51.11712701162637 31.448983831322607
-12.951756363809764 -51.11712701162637 31.448983831322607
-12.950131927158957 -51.119207868799904 31.447221370162872
-12.950131927158957 -51.119207868799904 31.447221370162872
-12.959500304323836 -51.12314146813302 31.440037197517608
-12.959500304323836 -51.12314146813302 31.440037197517608
-12.986429402562205 -51.12760771147442 31.4290237489151
-12.986429402562205 -51.12760771147442 31.4290237489151
-13.01157980396432 -51.129364741618225 31.422274953750694
-13.01157980396432 -51.129364741618225 31.422274953750694
-13.003801804443114 -51.1248606223479 31.431250471374277
-13.003801804443114 -51.1248606223479 31.431250471374277
-12.963425379660611 -51.11618626172321 31.45368795771647
-12.963425379660611 -51.11618626172321 31.45368795771647
-12.906203735025144 -51.10750821948736 31.47938568553428
-12.906203735025144 -51.10750821948736 31.47938568553428
-12.851413525126485 -51.10248748951056 31.498285565396152
-12.851413525126485 -51.10248748951056 31.498285565396152
-12.81055392671172 -51.10171724734032 31.506439310706718
-12.81055392671172 -51.10171724734032 31.506439310706718
-12.782975319040588 -51.10390662360885 31.50617218869023
-12.782975319040588 -51.10390662360885 31.50617218869023
-12.763353832749253 -51.10631641082444 31.503211950415093
-12.763353832749253 -51.10631641082444 31.503211950415093
-12.747091260026743 -51.10739503780843 31.501852566681187
-12.747091260026743 -51.10739503780843 31.501852566681187
-12.731640515735556 -51.10609166509499 31.504496531248478
-12.731640515735556 -51.10609166509499 31.504496531248478
-12.71680680349831 -51.102828469957686 31.510812367528132
-12.71680680349831 -51.102828469957686 31.510812367528132
-12.704252381229013 -51.09891415813516 31.518093316816206
-12.704252381229013 -51.09891415813516 31.518093316816206
-12.694723751934204 -51.094852981366614 31.524983327168595
-12.694723751934204 -51.094852981366614 31.524983327168595
-12.68691323707067 -51.08954404596612 31.533164569133184
-12.68691323707067 -51.08954404596612 31.533164569133184
-12.680326632982815 -51.0830772293388 31.542886522884245
-12.680326632982815 -51.0830772293388 31.542886522884245
-12.675869252894223 -51.07635379571246 31.55240318775517
-12.675869252894223 -51.07635379571246 31.55240318775517
-12.6736867135043 -51.06958263320584 31.561131771923847
-12.6736867135043 -51.06958263320584 31.561131771923847
-12.672210392158561 -51.061527257534514 31.57115094486657
-12.672210392158561 -51.061527257534514 31.57115094486657
-12.67101547197699 -51.0522875999714 31.582755404420638
-12.67101547197699 -51.0522875999714 31.582755404420638
-12.671245581807092 -51.04284138726145 31.59405572115925
-12.671245581807092 -51.04284138726145 31.59405572115925
-12.673270767636657 -51.0334639969881 31.604322160197494
-12.673270767636657 -51.0334639969881 31.604322160197494
-12.67563011099372 -51.02293624103738 31.61558338486905
-12.67563011099372 -51.02293624103738 31.61558338486905
-12.677950031236488 -51.011355028579075 31.628146580898846
-12.677950031236488 -51.011355028579075 31.628146580898846
-12.681408034861281 -50.99968894723901 31.640153453108525
-12.681408034861281 -50.99968894723901 31.640153453108525
-12.686383483651628 -50.988197109888276 31.650921740281152
-12.686383483651628 -50.988197109888276 31.650921740281152
-12.691386978194924 -50.97563229052251 31.662547243918123
-12.691386978194924 -50.97563229052251 31.662547243918123
-12.696052949741038 -50.96208070472281 31.675375782962348
-12.696052949741038 -50.96208070472281 31.675375782962348
-12.701608032429728 -50.94851640425078 31.68754750482738
-12.701608032429728 -50.94851640425078 31.68754750482738
-12.708472639919144 -50.935202241525296 31.698376945303444
-12.708472639919144 -50.935202241525296 31.698376945303444
-12.715150012088086 -50.92087765456115 31.709986494940537
-12.715150012088086 -50.92087765456115 31.709986494940537
-12.721288401833384 -50.90562466267964 31.722738865217245
-12.721288401833384 -50.90562466267964 31.722738865217245
-12.728157093211845 -50.890423324154156 31.734766028377955
-12.728157093211845 -50.890423324154156 31.734766028377955
-12.736204038781082 -50.87553810436681 31.745380840196976
-12.736204038781082 -50.87553810436681 31.745380840196976
-12.743908421279835 -50.85969209637772 31.756735859861113
-12.743908421279835 -50.85969209637772 31.756735859861113
-12.752298309988063 -50.84163595603996 31.771125306961512
-12.752298309988063 -50.84163595603996 31.771125306961512
-12.762490465093666 -50.822727167961595 31.786405508014465
-12.762490465093666 -50.822727167961595 31.786405508014465
-12.758320673316224 -50.79775850952979 31.81267211236039
-12.758320673316224 -50.79775850952979 31.81267211236039
-12.729730109177197 -50.76409942375793 31.85828636473948
-12.729730109177197 -50.76409942375793 31.85828636473948
-12.70247731788579 -50.73174158016754 31.901660684128547
-12.70247731788579 -50.73174158016754 31.901660684128547
-12.688336631603322 -50.705074418499386 31.93143910689713
-12.688336631603322 -50.705074418499386 31.93143910689713
-12.68885248438416 -50.6846105091196 31.945560965399594
-12.68885248438416 -50.6846105091196 31.945560965399594
-12.69921114754763 -50.668093358052225 31.94888361448057
-12.69921114754763 -50.668093358052225 31.94888361448057
-12.712010772523312 -50.651690195154266 31.94979981004358
-12.712010772523312 -50.651690195154266 31.94979981004358
-12.723063657398894 -50.63390747827614 31.952879970716932
-12.723063657398894 -50.63390747827614 31.952879970716932
-12.732254322992187 -50.615204983058554 31.957880967898404
-12.732254322992187 -50.615204983058554 31.957880967898404
-12.740285896669509 -50.59600986788794 31.96393033057921
-12.740285896669509 -50.59600986788794 31.96393033057921
-12.746488055678345 -50.575444515280466 31.9722470558627
-12.746488055678345 -50.575444515280466 31.9722470558627
-12.751446609342207 -50.553987500480446 31.98223092886615
-12.751446609342207 -50.553987500480446 31.98223092886615
-12.757120104853028 -50.53286885537374 31.991340004430278
-12.757120104853028 -50.53286885537374 31.991340004430278
-12.764215880949152 -50.512427408646815 31.99863406596767
-12.764215880949152 -50.512427408646815 31.99863406596767
-12.771033975113367 -50.49130454772906 32.00638470872153
-12.771033975113367 -50.49130454772906 32.00638470872153
-12.777078142649138 -50.46950837382531 32.01515728485471
-12.777078142649138 -50.46950837382531 32.01515728485471
-12.783627751553714 -50.44798370212297 32.02317346950796
-12.783627751553714 -50.44798370212297 32.02317346950796
-12.791124555987853 -50.42696795922637 32.02980563064185
-12.791124555987853 -50.42696795922637 32.02980563064185
-12.797850480451167 -50.405107928158586 32.03734394897205
-12.797850480451167 -50.405107928158586 32.03734394897205
-12.803467694834334 -50.38248316022441 32.046199171608826
-12.803467694834334 -50.38248316022441 32.046199171608826
-12.809464679881756 -50.360122008199944 32.05438900405459
-12.809464679881756 -50.360122008199944 32.05438900405459
-12.816415153522422 -50.33831265396372 32.061151211413424
-12.816415153522422 -50.33831265396372 32.061151211413424
-12.822600405868394 -50.315700072857844 32.06875885046021
-12.822600405868394 -50.315700072857844 32.06875885046021
-12.827673134422508 -50.292356811493626 32.07763849956964
-12.827673134422508 -50.292356811493626 32.07763849956964
-12.833137165702954 -50.26931168373701 32.085808262599805
-12.833137165702954 -50.26931168373701 32.085808262599805
-12.83956094528822 -50.24684757212429 32.09251874888812
-12.83956094528822 -50.24684757212429 32.09251874888812
-12.846792599519755 -50.224881688251514 32.09790047376105
-12.846792599519755 -50.224881688251514 32.09790047376105
-12.85272903123214 -50.201896934607454 32.10466150187429
-12.85272903123214 -50.201896934607454 32.10466150187429
-12.857018524765186 -50.1779743106752 32.11325759954882
-12.857018524765186 -50.1779743106752 32.11325759954882
-12.861365767782582 -50.1542453968309 32.12148690617434
-12.861365767782582 -50.1542453968309 32.12148690617434
-12.866534718959667 -50.1310929729363 32.12836202759466
-12.866534718959667 -50.1310929729363 32.12836202759466
-12.870807298926287 -50.107167367595146 32.13610379507597
-12.870807298926287 -50.107167367595146 32.13610379507597
-12.861595925186965 -50.09385948363131 32.12881235791677
-12.861595925186965 -50.09385948363131 32.12881235791677
-12.830571155407121 -50.07797657027614 32.12697803767215
-12.830571155407121 -50.07797657027614 32.12697803767215
-12.774067646561964 -50.0576264466569 32.13841726178911
-12.774067646561964 -50.0576264466569 32.13841726178911
-12.708065817579252 -50.03572952637499 32.1550951275658
-12.708065817579252 -50.03572952637499 32.1550951275658
-12.641075888987302 -50.01373648049619 32.17253048906879
-12.641075888987302 -50.01373648049619 32.17253048906879
-12.581170932494924 -49.99306078555592 32.186484738543655
-12.581170932494924 -49.99306078555592 32.186484738543655
-12.529794376876339 -49.97388551126102 32.196046232347996
-12.529794376876339 -49.97388551126102 32.196046232347996
-12.47917508827341 -49.954584317860515 32.20482950707665
-12.47917508827341 -49.954584317860515 32.20482950707665
-12.427121232720271 -49.93494524631412 32.214286824865084
-12.427121232720271 -49.93494524631412 32.214286824865084
-12.377326672232336 -49.9157568560704 32.222707160330124
-12.377326672232336 -49.9157568560704 32.222707160330124
-12.330674019802817 -49.89716307101014 32.229594815306804
-12.330674019802817 -49.89716307101014 32.229594815306804
-12.280474945347645 -49.877714620862434 32.23802535666546
-12.280474945347645 -49.877714620862434 32.23802535666546
-12.226185217769626 -49.85747894713928 32.248581877025984
-12.226185217769626 -49.85747894713928 32.248581877025984
-12.16971225068665 -49.836783313556104 32.260247513594884
-12.16971225068665 -49.836783313556104 32.260247513594884
-12.086864810343824 -49.81071288038931 32.2848671836042
-12.086864810343824 -49.81071288038931 32.2848671836042
-11.99032559016517 -49.78200333667808 32.31663846468331
-11.99032559016517 -49.78200333667808 32.31663846468331
-11.896331779442086 -49.75394295396317 32.34684131600674
-11.896331779442086 -49.75394295396317 32.34684131600674
-11.813266537377972 -49.73032611947984 32.36702780903135
-11.813266537377972 -49.73032611947984 32.36702780903135
-11.740882179836648 -49.71222094187625 32.374792281952686
-11.740882179836648 -49.71222094187625 32.374792281952686
-11.676019785872016 -49.698397309395766 32.37292393287171
-11.676019785872016 -49.698397309395766 32.37292393287171
-11.608725597714358 -49.68543443117477 32.368972768804035
-11.608725597714358 -49.68543443117477 32.368972768804035
-11.536417901727557 -49.67212045764512 32.36680182526154
-11.536417901727557 -49.67212045764512 32.36680182526154
-11.462992687788494 -49.65932131227615 32.36488663418054
-11.462992687788494 -49.65932131227615 32.36488663418054
-11.385971432300071 -49.645565092307756 32.36552329906602
-11.385971432300071 -49.645565092307756 32.36552329906602
-11.280064585069052 -49.62106732066672 32.38874238513033
-11.280064585069052 -49.62106732066672 32.38874238513033
-11.162137289228093 -49.59353640253458 32.421171866663656
-11.162137289228093 -49.59353640253458 32.421171866663656
-11.049631461303214 -49.569623855926636 32.44697803423914
-11.049631461303214 -49.569623855926636 32.44697803423914
-10.948118295654641 -49.55129742951129 32.46045712882541
-10.948118295654641 -49.55129742951129 32.46045712882541
-10.850587857668557 -49.536123610932655 32.46601302367653
-10.850587857668557 -49.536123610932655 32.46601302367653
-10.75435271099274 -49.52270440317994 32.467698241326005
-10.75435271099274 -49.52270440317994 32.467698241326005
-10.661806008270458 -49.51123049798061 32.46564891323908
-10.661806008270458 -49.51123049798061 32.46564891323908
-10.572637835167871 -49.50122126968585 32.46098962575753
-10.572637835167871 -49.50122126968585 32.46098962575753
-10.462299466278887 -49.48247969728439 32.47308408494085
-10.462299466278887 -49.48247969728439 32.47308408494085
-10.3333011166186 -49.45669832005551 32.50203501770061
-10.3333011166186 -49.45669832005551 32.50203501770061
-10.205925577445601 -49.43217902904194 32.52986050172678
-10.205925577445601 -49.43217902904194 32.52986050172678
-10.087862171522493 -49.4120351563763 32.54825451447484
-10.087862171522493 -49.4120351563763 32.54825451447484
-9.973590306045494 -49.39448093740697 32.5597636136347
-9.973590306045494 -49.39448093740697 32.5597636136347
-9.861485385450521 -49.37861040227047 32.56720355454221
-9.861485385450521 -49.37861040227047 32.56720355454221
-9.754425237417326 -49.364913496448885 32.57003498764391
-9.754425237417326 -49.364913496448885 32.57003498764391
-9.647458299893184 -49.3505674012134 32.573423131920705
-9.647458299893184 -49.3505674012134 32.573423131920705
-9.517408579591766 -49.32622906542966 32.59642732495425
-9.517408579591766 -49.32622906542966 32.59642732495425
