0.0 0.0 -79.4085 -37.8728 0.0 0.0 0.0 0.0 -0.0 0.0 -37.8728 -0.0 0.0 0.0 -37.8728 79.4085 -79.4085 -0.0 0.0
0.01 -5.327387487454651E-4 -79.43207504083111 -38.55759122431427 0.0013112498361849134 -0.2659586265341787 -0.18071197954384388 0.36426405169794585 6.801075654820125E-4 -0.0010048788681641144 -38.37687925805284 -6.642300133971294E-4 0.0013927015963658867 -2.6664022825587845E-4 -37.87279999150709 79.40849998219278 -79.16611642888475 4.4955454004253593E-4 -9.425881290257842E-4
0.02 -0.001108014144985771 -79.48875439572937 -40.0370377358887 0.0029231841896049104 -0.8563181592291329 -0.5782135345498602 1.1499481758410859 0.0014663778456721717 -0.0022014974159765624 -39.45882426245923 -0.0014552009239866932 0.003051142840571527 -4.963081611003631E-4 -37.87279995963964 79.4084999153758 -78.63243630759534 9.692831712819234E-4 -0.0020323113872420476
0.03 -0.001630662113875941 -79.50548780586284 -41.92497535438448 0.003496186444969851 -1.5986087395210262 -1.052282514937076 2.184915052584748 0.0016515010930025318 -0.002904050196059589 -40.872692917744374 -0.0019195918636106882 0.0040248386837395 -1.7395599542610303E-4 -37.872799935619575 79.40849986501254 -77.90687919376253 0.001091650573880821 -0.0022888810596527107
0.04 -0.0015978414084923077 -79.42485007990862 -44.00367540839474 0.002723837447362598 -2.381872892743175 -1.5249925244940812 3.372565799029613 0.001269697237584145 -0.0025139071648534327 -42.478682928352654 -0.001661705347728042 0.0034841239386858708 1.5648988405940261E-4 -37.8727999542462 79.40849990406728 -77.04297728370828 8.39276294768995E-4 -0.0017597239087990258
0.05 -6.584681254851268E-4 -79.23778664183516 -46.11339181649102 0.0012494965672971148 -3.1434095306559513 -1.9579321256292985 4.627235441196641 9.606823060047123E-4 -8.791576729276056E-4 -44.15545971144781 -5.811276675564417E-4 0.001218459590765819 -5.98349665249256E-4 -37.87279999021785 79.40849997948962 -76.09437712080103 6.350158623610838E-4 -0.0013314478228781638
0.06 -3.3190541715916454E-4 -78.97121461123866 -48.13105732530394 -9.993494236084643E-4 -3.850873873261648 -2.338118360276269 5.868080055917098 -4.1238081467301585E-4 2.576877975210122E-4 -45.79293896818229 1.7033293727053243E-4 -3.5713976915483083E-4 3.34717598594299E-4 -37.872799998636005 79.4084999971401 -75.12034073827338 -2.725858038853856E-4 5.715349751756575E-4
0.07 -2.4526242306105575E-4 -78.66229237050882 -49.982868793302615 -0.0013112137166686466 -4.49244391680573 -2.6659328051338065 7.03782289019484 -5.289979524126553E-4 4.859649680737151E-4 -47.316935994291775 3.2122530137939205E-4 -6.735181804510218E-4 2.8346459049255707E-4 -37.87279999702352 79.40849999375918 -74.16984845691505 -3.496703216556268E-4 7.331593052848177E-4
0.08 -4.731325055679956E-4 -78.3345193272085 -51.65007369254732 -5.722260303144822E-4 -5.069673316040554 -2.943593722834578 8.117794583305377 -2.521934401841275E-4 -9.016348709411227E-5 -48.70647996961679 -5.9598520920789984E-5 1.2496116338212522E-4 3.991299155453512E-4 -37.87279999958623 79.40849999913245 -73.26484601021158 -1.6670113929061285E-4 3.495249207705433E-4
0.09 -2.518461930365974E-4 -78.00211098375979 -53.143019585285685 6.161278724405861E-4 -5.587342730768061 -3.181432438737545 9.105037245857417 8.296226085552113E-4 -1.1436877614189297E-4 -49.96158715377908 -7.559833937891947E-5 1.5850823632187024E-4 -9.488113054819635E-4 -37.87279999595434 79.40849999151742 -72.41476824698879 5.483847395953089E-4 -0.00114980697477224
0.1 5.986133707577131E-4 -77.6860154830602 -54.49411170448367 1.5817035355780718E-4 -6.068331827427855 -3.3964968903088106 10.008836910720929 4.715319594899824E-4 6.887919564281348E-4 -51.09761480512737 4.552949663586198E-4 -9.546241718618233E-4 -0.0012036777118421614 -37.87279999598074 79.40849999157277 -71.61768365332678 3.1168500973257653E-4 -6.535148997525746E-4
0.11 0.0010163937530427085 -77.40479483342119 -55.74293365248131 -2.894440699847678E-4 -6.545833551922861 -3.5982651187576806 10.850949371251762 2.414000720379013E-4 0.0012335309625924986 -52.14466851567434 8.153702041069648E-4 -0.0017095996296241079 -0.0014211766069815437 -37.87279999088673 79.40849998089207 -70.85896129256129 1.5956666836450806E-4 -3.345659625066813E-4
0.12 0.0017036245407485938 -77.15007527368869 -56.88979783160615 -0.001016547629397735 -7.006924940005941 -3.786151008087103 11.630293181252341 -6.260787539013643E-5 0.0021745484426329014 -53.10364678821361 0.0014373875168156558 -0.0030137931874341484 -0.0019387979323938407 -37.87279997270078 79.4084999427613 -70.14315038636141 -4.138412223772407E-5 8.677074498622525E-5
0.13 0.001257611320842442 -76.92922390765943 -57.96456617173239 -0.0014643228397872576 -7.470899737764064 -3.9682695562161996 12.363012794526671 -0.001140108709533808 0.0013589975362571182 -53.99629664380002 8.983042435855322E-4 -0.0018834887446072574 1.0138977659045916E-4 -37.87279998184858 79.40849996194164 -69.45832420116736 -7.536176224240639E-4 0.0015801220129026976
0.14 6.738432651515398E-4 -76.73461880503004 -58.965226867566 -0.001182801548672785 -7.929905982467986 -4.138496689233875 13.051262770229163 -8.846314301987375E-4 8.411700415313721E-4 -54.82673019455467 5.560176511202499E-4 -0.0011658110213393878 2.574047990544832E-4 -37.87279999140434 79.40849998197736 -68.80471283420381 -5.847458488744321E-4 0.0012260458888792311
0.15 -3.5810158152288767E-4 -76.55473363612975 -59.88415528717169 1.5868175130862028E-4 -8.363809850919402 -4.2958762605408225 13.688262403347824 -3.2438567395242496E-4 -6.986493598283884E-4 -55.58827901868152 -4.6181075986211615E-4 9.682859393683818E-4 0.0010638981586732772 -37.87279999657742 79.40849999282382 -68.19092378534943 -2.1442057088331693E-4 4.495790092886682E-4
0.16 -5.605901543035889E-4 -76.40039137107054 -60.752776862476665 2.609518359975027E-4 -8.801256462690642 -4.446331307338653 14.294308645567595 -2.527775837794916E-4 -9.068739722116525E-4 -56.30644554391252 -5.994482816167459E-4 0.001256872712626565 0.0011894487954594653 -37.87279999488741 79.40849998928034 -67.59913491225774 -1.6708726116112935E-4 3.5033450861603953E-4
0.17 5.8731453108516653E-5 -76.24881275308334 -61.534037007087555 -4.189333589934563E-4 -9.196438369100672 -4.577580469377466 14.847478780158184 -5.383507339341572E-4 -4.9131331370697864E-5 -56.9564565396631 -3.2476058489245916E-5 6.809306654230173E-5 6.788639901821006E-4 -37.87279999831428 79.40849999646552 -67.05237438058857 -3.558525575376135E-4 7.46121697239855E-4
0.18 3.182242884156146E-4 -76.11876015514854 -62.279541053159846 -4.191927050385402E-4 -9.595996351194191 -4.70540842895511 15.377367517347908 -5.930492968074124E-4 1.2186178285971906E-4 -57.57413262862313 8.055125471475713E-5 -1.6889309240449062E-4 5.661008912480889E-4 -37.87279999788556 79.40849999556663 -66.5227638018088 -3.920085842029312E-4 8.219306113801584E-4
0.19 2.723705502451035E-4 -75.98607360757373 -62.94214195609024 -1.4948378324675105E-4 -9.947436540275433 -4.813343016101001 15.856841228765905 -5.270310220855917E-4 -9.790037662200216E-5 -58.12879894132561 -6.471264402161609E-5 1.3568402634055315E-4 7.067752990348381E-4 -37.87279999834248 79.40849999652467 -66.03863706368729 -3.48370170762826E-4 7.304332583019969E-4
0.2 1.1607868514006343E-4 -75.87492591490721 -63.589882295353505 1.1348716071779563E-5 -10.314431382537922 -4.922340939419655 16.325955178575324 -4.608228445617997E-4 -3.208450184163436E-4 -58.66754135395879 -2.1208017966222917E-4 4.446718739229243E-4 8.558215349150084E-4 -37.87279999818124 79.40849999618658 -65.56049452863444 -3.046062306098306E-4 6.386727113754657E-4
0.21 3.100864839921192E-4 -75.75359173008778 -64.15403077808323 -1.9297663128980957E-4 -10.621718038884751 -5.011001761046032 16.74286270579184 -5.401459576317238E-4 -4.794080893822416E-5 -59.143029019130864 -3.168911714099488E-5 6.644307414531517E-5 6.635058160276766E-4 -37.872799998303776 79.40849999644351 -65.13187368786504 -3.570392094800077E-4 7.486097691745314E-4
0.22 2.2201443900396608E-4 -75.6573504437145 -64.72978022687042 -5.8464856699913526E-5 -10.965619680622407 -5.1056339194646085 17.167529145877193 -4.959239492492115E-4 -2.086628702663442E-4 -59.62414630720467 -1.3792721243813957E-4 2.8919417230555984E-4 7.770820902859508E-4 -37.872799998330166 79.40849999649885 -64.69173075921833 -3.278082383119079E-4 6.873207286493509E-4
0.23 3.8085546828568447E-4 -75.54745304153596 -65.23246739870356 -1.8742042941255477E-4 -11.249601943566347 -5.183777188588294 17.544683419747752 -5.510637535184429E-4 -8.256047066366604E-6 -60.04869021280288 -5.4572888610274E-6 1.14423840466217E-5 6.270615442642302E-4 -37.87279999824792 79.4084999963264 -64.29785109491316 -3.6425592777154217E-4 7.637411767930153E-4
0.24 2.6928760963971214E-4 -75.45119971044372 -65.72574869005993 -6.8859470161442005E-6 -11.546092975755933 -5.259260572740843 17.918122104871834 -4.966899216961183E-4 -2.2235337308318043E-4 -60.46648811698585 -1.46976704031827E-4 3.0816838475400117E-4 7.886436040225325E-4 -37.87279999829175 79.40849999641829 -63.905106730733586 -3.283145499727782E-4 6.88382320333151E-4
0.25 2.5141879323999354E-4 -75.36214418859436 -66.21116214476666 -4.1312795119097245E-5 -11.84650515284077 -5.3356954123943865 18.2859219940829 -4.988116654446456E-4 -2.1401199152443567E-4 -60.87546673218914 -1.4146300863975464E-4 2.9660773223975933E-4 7.803440661531935E-4 -37.872799998300565 79.40849999643677 -63.51563903181009 -3.297170333200524E-4 6.913229293951168E-4
0.26 0.0012606642483419788 -75.25189452573423 -66.59939981693731 -8.151529521285283E-4 -12.059273176496344 -5.388686254744414 18.58910954897869 -7.969019544403324E-4 0.0011102028344200118 -61.21071357365301 7.338496876741812E-4 -0.0015386742708137563 -3.071427664402839E-4 -37.872799989227 79.40849997741209 -63.19262137148509 -5.267562217608638E-4 0.0011044581186418104
0.27 0.0016426201797324338 -75.17437381454246 -67.03630833056934 -4.3759014082667136E-4 -12.342631771104717 -5.455215131847865 18.925887745101413 -7.979860254098446E-4 0.001114825369564509 -61.58109321006401 7.369052067795542E-4 -0.0015450808261484295 -3.231182650553732E-4 -37.87279998915769 79.40849997726677 -62.83174206592559 -5.274727981537338E-4 0.0011059605757216466
0.28 7.094262598716032E-4 -75.09350380448129 -67.43828692435781 3.130290771196087E-4 -12.598657790775654 -5.515326129059176 19.238471402686727 -5.042790818126258E-4 -1.3624432692320364E-4 -61.92296079621399 -9.00581890733194E-5 1.8882643234798284E-4 6.972851407073811E-4 -37.872799998426046 79.40849999669987 -62.494846010165816 -3.333310231875961E-4 6.989004392279479E-4
0.29 5.640474453339938E-4 -74.98753328447222 -67.72197534941856 -2.0436782243393736E-5 -12.741537033097842 -5.548871820462722 19.46826147724971 -5.367129080569089E-4 1.917749582406498E-6 -62.17310353170313 1.2676421718775023E-6 -2.6578854324352742E-6 5.810026061616073E-4 -37.87279999833834 79.40849999651597 -62.24599624866293 -3.5476994635039736E-4 7.43851769205486E-4
0.3 2.357257415376067E-4 -74.9076718746573 -68.02761892997903 1.207598590653447E-4 -12.927713343494368 -5.589300626615781 19.712907036816386 -4.600094912428631E-4 -3.5713413994952696E-4 -62.438318301060946 -2.3606747250674227E-4 4.949664110008144E-4 8.868057076624567E-4 -37.87279999804364 79.40849999589808 -61.979958527244705 -3.040685999529443E-4 6.375454526563492E-4
0.31 3.896725410739831E-5 -74.8594441918413 -68.4087737164489 8.785508371289552E-5 -13.204790808888877 -5.649212147588344 20.0106528151471 -4.3226679140798954E-4 -4.854449579159808E-4 -62.75956156445302 -3.208815720400363E-4 6.727974776974827E-4 9.968896906850792E-4 -37.8727999975628 79.4084999948899 -61.65465337939905 -2.857305350692223E-4 5.990957413775676E-4
0.32 6.639972648427479E-4 -74.7850591370694 -68.6895540033695 -3.1884631084011517E-4 -13.378880948615642 -5.686854605550963 20.23705715893877 -6.019634027631655E-4 2.994400569435518E-4 -63.00269940380696 1.9793139188105166E-4 -4.150058863402361E-4 3.158826048267173E-4 -37.87279999739256 79.40849999453295 -61.40617818936268 -3.979008533175456E-4 8.342850254184091E-4
0.33 9.728424357151961E-4 -74.68859041591816 -68.85383967405217 -1.8487327088223537E-4 -13.438194765628221 -5.699680005566037 20.378558419083692 -6.307546215157944E-4 4.326085652276669E-4 -63.15415967560401 2.859564492750276E-4 -5.995694192733579E-4 1.9744804627887556E-4 -37.8727999966255 79.40849999292465 -61.250395653573754 -4.1693199450766567E-4 8.74187920773272E-4
0.34 6.168440556839491E-4 -74.59989557609455 -68.99178289140728 1.5251029817875406E-4 -13.482198465917236 -5.70919482942125 20.49882509933919 -5.158587701312759E-4 -9.883411425128565E-5 -63.28258806350757 -6.532984931652526E-5 1.3697813046437802E-4 6.594303965065674E-4 -37.87279999840863 79.40849999666337 -61.11769710680829 -3.4098525572381753E-4 7.149491898973608E-4
0.35 -1.306755700882056E-4 -74.55543853932193 -69.24104758589758 3.9374449814033596E-4 -13.659741472368026 -5.744804149417291 20.699484030670906 -3.6055193944499534E-4 -8.693676707726187E-4 -63.49624342461362 -5.746564266955138E-4 0.0012048912374910414 0.0013466549123318191 -37.8727999948904 79.40849998928663 -60.89569706669538 -2.3832665526444976E-4 4.99703275294329E-4
0.36 -2.583880805014585E-4 -74.54766834963988 -69.62204141502833 3.455562324461425E-5 -13.98380138674586 -5.809214565678872 20.99816536554964 -3.954465404726116E-4 -6.937965090763391E-4 -63.81282684112935 -4.586030009711067E-4 9.615601804623405E-4 0.0011907140237543607 -37.87279999632133 79.40849999228689 -60.563866960558606 -2.6139216300343035E-4 5.480650909322232E-4
0.37 8.486194964424148E-4 -74.49247354201248 -69.85419235318344 -5.07434173975696E-4 -14.140997181589416 -5.840458269251002 21.188565125497824 -6.517935335675517E-4 5.960486194687712E-4 -64.0137340917529 3.939911516239117E-4 -8.260874919131249E-4 2.0619393218110783E-5 -37.87279999550005 79.40849999056489 -60.351476367359304 -4.308388217657179E-4 9.033465858923293E-4
0.38 0.0012432228514387353 -74.4027215460821 -69.9319094174724 -1.4241637823886322E-4 -14.135042393407751 -5.839275677546368 21.263521986741193 -6.564045671611705E-4 6.192470458329126E-4 -64.09263374785108 4.0932542876164456E-4 -8.582391138183355E-4 -2.2548650819758168E-6 -37.87279999530263 79.40849999015096 -60.267679160175206 -4.338867382886644E-4 9.097372007719369E-4
0.39 5.533139550188877E-4 -74.32739996615908 -70.01300248137302 3.144978946494348E-4 -14.144146875958544 -5.841085730243989 21.338948238322185 -4.773681515918788E-4 -2.8164773545436055E-4 -64.17191675011615 -1.8617057740644193E-4 3.903468002360387E-4 8.168741871372462E-4 -37.872799998227926 79.40849999628448 -60.18325308621061 -3.155427622251253E-4 6.616035105446088E-4
0.4 1.6533249794288118E-5 -74.27842837034714 -70.16538854996192 1.7622348713786096E-4 -14.23807397496088 -5.85975352362135 21.466402234811795 -4.1477065235875714E-4 -5.966265053018433E-4 -64.3056350200132 -3.9437313709705116E-4 8.268884069086836E-4 0.0011042597516461798 -37.87279999695432 79.40849999361407 -60.04035439222076 -2.7416549868090743E-4 5.748471462897604E-4
0.41 -0.0018681133390599366 -74.26721863601651 -70.44954225905349 7.939459216501632E-4 -14.48396884799049 -5.904814435737606 21.695054844452144 -5.775753943767375E-5 -0.0026136535829812107 -64.54472775344408 -0.0017276382348642085 0.003622366468104141 0.0030045929028228056 -37.87279996057604 79.40849991733917 -59.78324984722902 -3.8178025645245E-5 8.004847144785804E-5
0.42 -4.5593367513038763E-4 -74.25493053680543 -70.75664916908758 -5.520183402154544E-4 -14.751734938187695 -5.95365104682935 21.943159732527977 -4.5994489427820693E-4 -4.0839087870593794E-4 -64.80299811929541 -2.6994843602561286E-4 5.660051641848472E-4 9.395656156678615E-4 -37.87279999781764 79.40849999542422 -59.5031955945041 -3.0402590103264447E-4 6.37455925153428E-4
0.43 0.001429455153212638 -74.18618703904056 -70.86413379691287 -5.914513338680649E-4 -14.792196762760106 -5.961030889062329 22.039639401361583 -7.420656748727659E-4 0.0011386176834465 -64.90310291576503 7.526320465773814E-4 -0.001578055540404723 -5.205545582468607E-4 -37.8727999893452 79.40849997765991 -59.393990299731804 -4.905091636656866E-4 0.001028458337459778
0.44 0.0012507736130979031 -74.10608894214661 -70.89090944317745 2.5523615861544613E-4 -14.749823411029897 -5.953304056941732 22.072933581842598 -5.916371107746753E-4 3.1370904299913075E-4 -64.93760539208026 2.0736326382106223E-4 -4.347818417210986E-4 2.573637278471795E-4 -37.87279999741319 79.4084999945762 -59.35626553251335 -3.910751220939888E-4 8.199734065820459E-4
0.45 2.3812654082247813E-4 -74.05494810287618 -70.99223093496954 3.5752580117787147E-4 -14.799731200906969 -5.962406069940698 22.162027582795037 -4.2776432873887116E-4 -5.849023071638311E-4 -65.02982485893659 -3.866233828391198E-4 8.106393743314528E-4 0.0011062483697238793 -37.872799996971075 79.40849999364922 -59.25521689844909 -2.827543844762935E-4 5.928555992608351E-4
0.46 -6.825353911423036E-5 -74.01881363324325 -71.14525080978018 -3.065289026693563E-5 -14.90982370638794 -5.982484125764202 22.29073206459977 -4.3943782488513637E-4 -5.208910350152566E-4 -65.16276667911816 -3.4431160824977415E-4 7.219236059573677E-4 0.0010457563795202062 -37.872799997320975 79.40849999438286 -59.108989923015955 -2.90470624461032E-4 6.090343619302999E-4
0.47 3.420282402017207E-4 -73.97330412074567 -71.2636085321397 -1.7655824553486354E-4 -14.98074379952952 -5.995418128477198 22.393022553154342 -5.211347806302943E-4 -7.290253415955651E-5 -65.26819040562674 -4.818894374188027E-5 1.0103852208252625E-4 6.196144247155907E-4 -37.87279999840276 79.40849999665106 -58.992560318068364 -3.4447272534404336E-4 7.222614227224412E-4
0.48 6.345861529463272E-4 -73.92060419928777 -71.34245938570419 -1.4995615948976138E-5 -15.009568828706417 -6.000675179622419 22.46454901876222 -5.403454697171882E-4 3.2441404469306236E-5 -65.3417842092916 2.144393240779454E-5 -4.496183294090621E-5 5.185815095072636E-4 -37.872799998309716 79.40849999645597 -58.91103536831995 -3.5717108797741635E-4 7.488862809101696E-4
0.49 4.984311958016609E-4 -73.87377164129836 -71.4270325406839 1.0783193165053717E-4 -15.048732929705253 -6.007817683602326 22.539911627540025 -5.020002954521685E-4 -1.778286270610474E-4 -65.41921485767782 -1.1754562175300455E-4 2.464597680914393E-4 7.184402817036396E-4 -37.87279999836394 79.40849999656965 -58.82503870783964 -3.31824733879685E-4 6.957421785631104E-4
0.5 3.5124279310197877E-4 -73.83382024101147 -71.52753007857856 4.304350527917222E-5 -15.108563054256873 -6.018728987850764 22.627242961770495 -4.896558456690142E-4 -2.4552040548568934E-4 -65.508801090368 -1.622902296038622E-4 3.4027649652252517E-4 7.82586662694115E-4 -37.872799998269244 79.4084999963711 -58.725257182750255 -3.2366499014806866E-4 6.786335145585463E-4
0.51 4.0438167181786175E-4 -73.79407523165935 -71.62177386917413 -2.3339164911817534E-5 -15.163008141348918 -6.028658195663326 22.70957118658082 -5.07180075644859E-4 -1.4942458069359225E-4 -65.59311567450408 -9.877040346701284E-5 2.070934703457439E-4 6.900636169561498E-4 -37.8727999983874 79.40849999661884 -58.63106708669849 -3.352485947808063E-4 7.029210419787199E-4
0.52 4.5776327983562253E-4 -73.75317819554633 -71.70188927890827 1.0991845179830761E-5 -15.203566406911964 -6.036054849651194 22.78068320440734 -5.098756672359671E-4 -1.346429684443989E-4 -65.66583443045145 -8.899968302080783E-5 1.866070459315873E-4 6.753458208991298E-4 -37.872799998395806 79.40849999663646 -58.549611785104474 -3.370303944539287E-4 7.066569695928159E-4
0.53 4.387198500268441E-4 -73.71444778841132 -71.77890590455979 4.0511424934663864E-5 -15.243200755600164 -6.043282971789168 22.84902292216499 -5.025547336327977E-4 -1.7478823983131447E-4 -65.73562293342887 -1.1553591041914387E-4 2.4224597448613744E-4 7.134001169181472E-4 -37.8727999983669 79.40849999657587 -58.471247029075066 -3.321912203208324E-4 6.965105964926497E-4
0.54 4.272424901647546E-4 -73.67886457734923 -71.85802940436376 2.6573962564668818E-5 -15.287571802835132 -6.051374877253522 22.9186741564041 -5.0279120582218E-4 -1.73491475958327E-4 -65.80665452779081 -1.146787429414627E-4 2.4044873785057197E-4 7.116671152935073E-4 -37.87279999836814 79.40849999657846 -58.39129277078493 -3.3234752963383606E-4 6.96838332706546E-4
0.55 4.305826165792894E-4 -73.64475064038675 -71.93397928644872 1.9761192611156275E-5 -15.330351013285306 -6.059176455230016 22.985587940698426 -5.041761702021983E-4 -1.658967963303444E-4 -65.87480283200719 -1.0965862130164837E-4 2.2992296924526163E-4 7.038764418974117E-4 -37.872799998374965 79.40849999659277 -58.314399623409805 -3.332629980926875E-4 6.987578099333342E-4
0.56 4.3555111185940743E-4 -73.61149118546308 -72.0039913123843 2.5071521513098105E-5 -15.36841638385841 -6.066118359306799 23.04759428496839 -5.040121026668106E-4 -1.667964461617087E-4 -65.93787295385778 -1.1025329438964104E-4 2.3116982973373534E-4 7.042999993138964E-4 -37.87279999837419 79.40849999659115 -58.24307479790943 -3.331545486221192E-4 6.985304222095951E-4
0.57 4.407139207817973E-4 -73.57989337494558 -72.07094401488112 2.8899881449717668E-5 -15.405111797471765 -6.07281040237946 23.106909604026388 -5.041022128546824E-4 -1.6630227976408528E-4 -65.99813361329248 -1.0992664790185E-4 2.3048494486581548E-4 7.03396943843926E-4 -37.87279999837462 79.40849999659204 -58.17478157378184 -3.332141119119828E-4 6.986553095034612E-4
0.58 4.337210091441832E-4 -73.55022786657247 -72.13647786857615 3.127761979726529E-5 -15.442189969016614 -6.079572221821465 23.16482683107517 -5.026007182058033E-4 -1.7453593145080748E-4 -66.05690564743696 -1.153691333037244E-4 2.418962902650134E-4 7.109501865930493E-4 -37.87279999836715 79.40849999657638 -58.108037893824665 -3.3222161635612966E-4 6.965743283415994E-4
0.59 4.2979002818050436E-4 -73.5220113099806 -72.19925964425657 2.9089799653547743E-5 -15.477985099981957 -6.08610003694065 23.22032501431991 -5.022382807122332E-4 -1.7652337956720695E-4 -66.11315960797458 -1.166828465590386E-4 2.446507736682637E-4 7.12486166401034E-4 -37.872799998365224 79.40849999657235 -58.044026206258664 -3.3198204334006096E-4 6.960720118018534E-4
0.6 4.387541200166401E-4 -73.49504643174998 -72.25867366161005 2.8525898486009282E-5 -15.51173878708002 -6.092255544068962 23.27292447591799 -5.035619154824583E-4 -1.6926496463851056E-4 -66.16641811830232 -1.1188499758591741E-4 2.3459104768597315E-4 7.050753516047796E-4 -37.872799998372024 79.40849999658661 -57.983307640965634 -3.328569726167E-4 6.979064898827977E-4
0.61 4.387394939295745E-4 -73.46951101013616 -72.31563664685908 3.345619657579846E-5 -15.544449903046907 -6.098220903976767 23.323342725089567 -5.027312359031528E-4 -1.7382011547041653E-4 -66.2174157435847 -1.1489597532085895E-4 2.409042124233336E-4 7.09138731598921E-4 -37.87279999836783 79.4084999965778 -57.925061103363404 -3.3230788921409575E-4 6.967552180102217E-4
0.62 4.324455591567249E-4 -73.44540840069158 -72.37059466612558 3.4076568312002564E-5 -15.576532655727998 -6.104071655292515 23.37194007145043 -5.016086733063088E-4 -1.79975862582693E-4 -66.26652301145424 -1.1896495529121918E-4 2.4943570721580604E-4 7.14780477280895E-4 -37.87279999836177 79.4084999965651 -57.868875741209074 -3.3156586966086814E-4 6.951994138528192E-4
0.63 4.397103647591431E-4 -73.42261970778532 -72.42354866168206 3.1041438361967266E-5 -15.60788065570856 -6.109788398345614 23.418731400707973 -5.030608723757213E-4 -1.720124236865317E-4 -66.31376026406971 -1.1370108191035103E-4 2.383988604718455E-4 7.067034262148528E-4 -37.87279999836952 79.40849999658136 -57.814739048360856 -3.325257805894101E-4 6.97212074310169E-4
0.64 4.465536776676606E-4 -73.40124157847518 -72.47560752467871 3.446885873614747E-5 -15.639618524756006 -6.115576224804812 23.464608168548114 -5.034871260513933E-4 -1.6967495026048475E-4 -66.36003130064194 -1.121560001553085E-4 2.3515926306829217E-4 7.040984334183736E-4 -37.872799998371654 79.40849999658583 -57.76162305001538 -3.3280753642456163E-4 6.978028362352349E-4
0.65 4.4853420786207423E-4 -73.3809325739925 -72.52596375435252 3.530219114367128E-5 -15.67069178419452 -6.121242838571419 23.508957088998386 -5.035772581642785E-4 -1.6918066252651718E-4 -66.40472091655874 -1.1182927346358044E-4 2.3447421003550643E-4 7.032971685867707E-4 -37.872799998372095 79.40849999658676 -57.710240786097216 -3.3286711420697E-4 6.979277539158493E-4
0.66 4.517546986912747E-4 -73.36144801488479 -72.57376817231065 3.540114477829093E-5 -15.700082734275362 -6.126602650425667 23.5511147180086 -5.039671924263404E-4 -1.6704235118962532E-4 -66.44716552269436 -1.1041583885661693E-4 2.3151063929378516E-4 7.009055024831453E-4 -37.87279999837398 79.4084999965907 -57.66136527691996 -3.3312486272606075E-4 6.984681793208423E-4
0.67 4.501447924360531E-4 -73.34292094833754 -72.61963950722331 3.7984429233972605E-5 -15.728481797661011 -6.131781568550679 23.591565594140327 -5.032648392328559E-4 -1.7089382434179554E-4 -66.48785793943233 -1.1296168208680856E-4 2.3684854914319352E-4 7.043744951937917E-4 -37.872799998370546 79.40849999658352 -57.614439146968365 -3.3266060371342076E-4 6.974947600910727E-4
0.68 4.4609647563239224E-4 -73.32540001234022 -72.66406258040524 3.845141702640831E-5 -15.756384881636464 -6.136870028752895 23.630698076121835 -5.025158763721113E-4 -1.750008932464344E-4 -66.5271925523586 -1.1567647540191028E-4 2.4254069931329593E-4 7.081090885917898E-4 -37.8727999983667 79.40849999657544 -57.56901512697596 -3.321655354750206E-4 6.96456742669361E-4
0.69 4.4759053357970596E-4 -73.30874735869057 -72.70678642247219 3.7756644630349E-5 -15.78343311376496 -6.141802587541434 23.66832427314575 -5.027744268906367E-4 -1.73583049346223E-4 -66.56498383565878 -1.1473927341394165E-4 2.4057565305155644E-4 7.064536012616742E-4 -37.87279999836805 79.40849999657827 -57.52531424120521 -3.3233643867523613E-4 6.968150781178706E-4
0.7 4.5019210781983626E-4 -73.29289112708153 -72.74773976849974 3.928650490081509E-5 -15.809493243948562 -6.146554946226644 23.70439395312443 -5.02868518284239E-4 -1.7306705361169037E-4 -66.60118482301048 -1.1439819762406433E-4 2.3986051403726455E-4 7.056900575653783E-4 -37.87279999836854 79.4084999965793 -57.48339787941558 -3.323986335622203E-4 6.969454831231271E-4
0.71 4.4903152722910447E-4 -73.27784253956168 -72.78720041991379 4.0798065626290736E-5 -15.834834817699225 -6.151176260384332 23.739131782329583 -5.024031195334836E-4 -1.756191468084019E-4 -66.63602416023431 -1.160851441328321E-4 2.4339756151834562E-4 7.079423358635122E-4 -37.872799998366105 79.40849999657419 -57.443007718132996 -3.3209100263448493E-4 6.963004684813507E-4
0.72 4.4853141719055533E-4 -73.2635644441583 -72.82528601233446 4.0765549172760984E-5 -15.859535215415576 -6.1556806420506405 23.772638290524565 -5.022707084582002E-4 -1.7634522858860852E-4 -66.66960537098095 -1.1656508786128906E-4 2.444038671403533E-4 7.084156908608521E-4 -37.8727999983654 79.40849999657271 -57.404029225010134 -3.320034782441297E-4 6.961169547049327E-4
0.73 4.4939890377286817E-4 -73.24998765194769 -72.86196016063641 4.1396948674332634E-5 -15.88349824940272 -6.160050551156473 23.804892157451686 -5.022462647666417E-4 -1.764792477367559E-4 -66.7019096101773 -1.1665367519593906E-4 2.445896096089206E-4 7.08317579405358E-4 -37.87279999836527 79.40849999657244 -57.36648939881212 -3.3198732084039955E-4 6.960830772204556E-4
0.74 4.490079635196177E-4 -73.2370763827328 -72.8972960199597 4.2497391774531934E-5 -15.906760534768125 -6.164292665567217 23.83595736986389 -5.019643255005309E-4 -1.78025304397342E-4 -66.73300335507076 -1.1767562646687764E-4 2.467323510354411E-4 7.096148600394549E-4 -37.87279999836374 79.40849999656923 -57.3303158442247 -3.318009575597551E-4 6.956923263762863E-4
0.75 4.489435793601328E-4 -73.2248059707994 -72.93141467353155 4.288133350627277E-5 -15.929414332598864 -6.168423810701455 23.865935943957098 -5.01841060468879E-4 -1.7870123470201726E-4 -66.76299086350107 -1.1812241981639618E-4 2.4766914973253356E-4 7.100664192752207E-4 -37.872799998363064 79.40849999656783 -57.295391634457644 -3.3171947875049136E-4 6.955214884655583E-4
0.76 4.495877962649679E-4 -73.21313470376379 -72.964363028379 4.3464308582485955E-5 -15.951467045204854 -6.172445337045957 23.89487148338084 -5.017963242621253E-4 -1.789465344302544E-4 -66.79191769200256 -1.18284564177223E-4 2.480091203836794E-4 7.101025048601392E-4 -37.872799998362815 79.40849999656729 -57.261667654815206 -3.3168990789159944E-4 6.954594867770557E-4
0.77 4.4939925616146537E-4 -73.20202247287253 -72.99617676883321 4.430643897990194E-5 -15.97291687927229 -6.1763569181148625 23.922798204373308 -5.01589093243841E-4 -1.8008291425400977E-4 -66.81981985137412 -1.1903571698731173E-4 2.495840743854942E-4 7.110227562284209E-4 -37.87279999836166 79.40849999656487 -57.22910558985134 -3.31552927140562E-4 6.951722770653694E-4
0.78 4.4932964846848696E-4 -73.19144044590658 -73.02692677116008 4.476055490698627E-5 -15.99380547617088 -6.18016614811124 23.94977778126704 -5.014598202655171E-4 -1.8079179307814786E-4 -66.8467606236967 -1.1950428947481341E-4 2.5056653774637E-4 7.1152992090605E-4 -37.87279999836093 79.40849999656335 -57.197634965983696 -3.3146747704816643E-4 6.949931125023585E-4
0.79 4.497842831969862E-4 -73.18135878346746 -73.05667350282113 4.5309275172655816E-5 -16.014163933773798 -6.18387869847966 23.975863575086613 -5.013968533423026E-4 -1.8113706713850583E-4 -66.87279480498626 -1.1973251737473471E-4 2.5104506680128275E-4 7.116858149053697E-4 -37.87279999836058 79.40849999656261 -57.16719484594033 -3.314258555935026E-4 6.949058441387131E-4
0.8 4.4976794335537483E-4 -73.17174535490386 -73.0854570246896 4.601340556575906E-5 -16.03400204733263 -6.187496355883866 24.001092542820697 -5.012410676939449E-4 -1.819913363136573E-4 -66.8979606694405 -1.2029719361948414E-4 2.5222903243311313E-4 7.123497239393199E-4 -37.87279999835969 79.40849999656074 -57.13774330381409 -3.3132288049214203E-4 6.946899346116543E-4
0.81 4.4978726973931573E-4 -73.16257237779098 -73.11332390899435 4.6483895026483424E-5 -16.05333968552178 -6.191022743929807 24.025506452661233 -5.011273066592443E-4 -1.8261515368837313E-4 -66.92230116569232 -1.207095400587684E-4 2.5309360574757376E-4 7.127928553046875E-4 -37.872799998359035 79.40849999655937 -57.10923268850933 -3.3124768387292396E-4 6.945322686683605E-4
0.82 4.501599764807087E-4 -73.1538148340629 -73.14032371051532 4.700475560071027E-5 -16.072202084989442 -6.194462465085962 24.049149208708315 -5.010606164148136E-4 -1.8298084715112102E-4 -66.94586124605371 -1.2095126528692885E-4 2.536004348645226E-4 7.129872186095516E-4 -37.87279999835865 79.40849999655856 -57.08161274531208 -3.3120360128410787E-4 6.944398400057319E-4
0.83 4.5021350125140603E-4 -73.14544746850493 -73.16649666178071 4.7615182985794036E-5 -16.090605478585555 -6.197818479863088 24.072057124461974 -5.009336155199623E-4 -1.8367726993855372E-4 -66.96867818253388 -1.2141160427117893E-4 2.545656349086392E-4 7.135135014715868E-4 -37.87279999835791 79.40849999655701 -57.054841986154955 -3.3111965305037723E-4 6.942638244135865E-4
0.84 4.4980334269343535E-4 -73.13744372999483 -73.19188458634103 4.803284196697177E-5 -16.108566741435165 -6.201093865882228 24.094268095987005 -5.007669741480983E-4 -1.845910720491692E-4 -66.99079072106397 -1.220156320873236E-4 2.5583210960389085E-4 7.142599401223734E-4 -37.87279999835693 79.40849999655495 -57.02887698479116 -3.3100950226088235E-4 6.940328695074902E-4
0.85 4.4994769192040673E-4 -73.12978038867817 -73.2165289691078 4.8455651032952574E-5 -16.126105321988085 -6.204292169997615 24.115819306711135 -5.006843961567223E-4 -1.8504389154516525E-4 -67.01223679971056 -1.223149480640508E-4 2.5645969015610615E-4 7.145562213308731E-4 -37.87279999835644 79.40849999655393 -57.00367506291964 -3.309549177909922E-4 6.93918421384371E-4
0.86 4.503265155412135E-4 -73.12243706279068 -73.24046091285783 4.903499002040235E-5 -16.143233112589584 -6.207415561103488 24.13673897888227 -5.006147336501347E-4 -1.8542588604174173E-4 -67.03304535235083 -1.2256744835800501E-4 2.569891115242771E-4 7.147872179196334E-4 -37.87279999835603 79.40849999655308 -56.97920394642906 -3.3090887052185977E-4 6.938218733453851E-4
0.87 4.507383116088719E-4 -73.11539508765264 -73.26371090975526 4.9550365467609936E-5 -16.159962949894048 -6.210466380275392 24.157054620568868 -5.005608156610663E-4 -1.857215417873296E-4 -67.05324453007364 -1.2276287830094722E-4 2.573988725829822E-4 7.149372932931301E-4 -37.87279999835571 79.4084999965524 -56.9554321339854 -3.3087323045842635E-4 6.937471462595307E-4
0.88 4.5110986000016553E-4 -73.10863796691805 -73.2863120326711 5.0048474321329195E-5 -16.17631207281273 -6.213447771357977 24.176795597783123 -5.005044858449845E-4 -1.8603042385319636E-4 -67.07286426190393 -1.2296705090847828E-4 2.5782696452509186E-4 7.151046414675734E-4 -37.87279999835537 79.40849999655168 -56.93232589033086 -3.3083599616514075E-4 6.936690765266783E-4
0.89 4.512257209292412E-4 -73.10214960355293 -73.30829253464162 5.055265867071057E-5 -16.192293486212225 -6.216362106064423 24.195987269731475 -5.004096133157747E-4 -1.8655066548534322E-4 -67.09193042916209 -1.2331093325814973E-4 2.585479880977848E-4 7.15485219176755E-4 -37.8727999983548 79.40849999655049 -56.90985611356396 -3.307732849435699E-4 6.935375889145104E-4
0.9 4.5136625156291425E-4 -73.09591469399638 -73.32967810463673 5.097650803520537E-5 -16.20791845691868 -6.219211439146136 24.214652791300665 -5.003315603649394E-4 -1.8697867289088263E-4 -67.11046666607083 -1.2359384831761228E-4 2.591411805868358E-4 7.157784790641802E-4 -37.87279999835433 79.40849999654951 -56.887996233299134 -3.307216915483599E-4 6.934294122250781E-4
0.91 4.516841510379259E-4 -73.08991928871592 -73.35049499193696 5.142049523243486E-5 -16.223199998376625 -6.221998143850584 24.232815613882316 -5.00278193322768E-4 -1.8727130890140375E-4 -67.1284968486638 -1.237872822004048E-4 2.595467564745898E-4 7.15941407968096E-4 -37.872799998354004 79.40849999654883 -56.86671928655953 -3.3068641566361156E-4 6.933554487184444E-4
0.92 4.519166882509212E-4 -73.08415012890495 -73.37076760340113 5.189328896904044E-5 -16.238149986621988 -6.224724385996694 24.25049759184865 -5.002084482190522E-4 -1.8765375876374994E-4 -67.14604321797776 -1.240400834934355E-4 2.600768089522949E-4 7.161968518860467E-4 -37.87279999835358 79.40849999654793 -56.846000138501616 -3.3064031379735967E-4 6.932587862048129E-4
0.93 4.521034439863759E-4 -73.0785945859785 -73.39051826222129 5.2309507992731596E-5 -16.25277886731166 -6.227392070550593 24.267718788012907 -5.001411777126831E-4 -1.8802263884735006E-4 -67.16312619224007 -1.2428391509409375E-4 2.605880545338434E-4 7.164422749074559E-4 -37.872799998353166 79.40849999654706 -56.8258157148839 -3.3059584765246774E-4 6.931655533340812E-4
0.94 4.52363731911838E-4 -73.07324095306822 -73.40976869815478 5.2723211041438844E-5 -16.26709733658842 -6.230003148145926 24.28449866236126 -5.000862207151802E-4 -1.8832399480148683E-4 -67.17976555057521 -1.2448311290371236E-4 2.610057157383252E-4 7.166240138601072E-4 -37.87279999835283 79.40849999654637 -56.80614361269561 -3.305595207992051E-4 6.930893862451068E-4
0.95 4.5257905176113763E-4 -73.06807824064472 -73.4285395428926 5.3152544360557386E-5 -16.28111567705525 -6.232559493994231 24.300855682223528 -5.000228724094766E-4 -1.8867136709323866E-4 -67.19598004946099 -1.2471272774519556E-4 2.6148715281559224E-4 7.168545031350315E-4 -37.87279999835244 79.40849999654554 -56.786962559803825 -3.305176472487875E-4 6.930015893082989E-4
0.96 4.527806959864796E-4 -73.06309605424988 -73.4468499881755 5.3547258445973966E-5 -16.294843318743013 -6.235062827825175 24.316807054677522 -4.999634380047326E-4 -1.889972767410478E-4 -67.21178716090947 -1.2492815567049769E-4 2.6193884396085625E-4 7.170667000895411E-4 -37.87279999835208 79.40849999654478 -56.768252731719855 -3.3047836080669636E-4 6.92919216802522E-4
0.97 4.530401432689272E-4 -73.05828467940603 -73.46471836578667 5.3939321738027957E-5 -16.308289467987255 -6.2375148285677255 24.332369192757202 -4.999138717335236E-4 -1.8926907206225717E-4 -67.22720353777544 -1.2510781375226545E-4 2.6231553590827115E-4 7.172280507603318E-4 -37.872799998351766 79.40849999654414 -56.74999520763063 -3.3044559725077446E-4 6.928505209355559E-4
0.98 4.5326769282830366E-4 -73.05363501432527 -73.4821621269316 5.43400853842968E-5 -16.321463027603443 -6.23991711979437 24.34755770669287 -4.998588481723714E-4 -1.8957079421442916E-4 -67.24224500769054 -1.2530725362063706E-4 2.627337046411768E-4 7.174218464749267E-4 -37.872799998351425 79.40849999654341 -56.73217198293241 -3.304092263986027E-4 6.927742615933716E-4
0.99 4.534772774633339E-4 -73.04913848593819 -73.49919768786006 5.4715460123588855E-5 -16.334372373152522 -6.24227122892195 24.362387286666305 -4.998056102755862E-4 -1.8986272444870437E-4 -67.25692645948838 -1.25500220981762E-4 2.631383023655566E-4 7.176085556863991E-4 -37.87279999835109 79.40849999654272 -56.71476610899502 -3.3037403587960775E-4 6.92700477074466E-4
1.0 4.5372676258381505E-4 -73.04478705588409 -73.51584065068542 5.508595086922696E-5 -16.347025569028872 -6.244578626617809 24.37687188359565 -4.997597933582808E-4 -1.9011395994150077E-4 -67.2712620246154 -1.2566628891297923E-4 2.63486499628924E-4 7.177573623541755E-4 -37.87279999835081 79.40849999654212 -56.697761483063545 -3.303437506655761E-4 6.926369775862203E-4
