0.0 0.0 -79.4085 -37.8728 0.0 0.0 0.0 0.0 -0.0 0.0 -37.8728 -0.0 0.0 0.0 -37.8728 79.4085 -79.4085 -0.0 0.0
0.01 0.09246658502602667 -79.48809175812391 -38.59357434308825 0.005874784950066214 -0.3213702965490377 -0.21804090086004635 0.36329444976186775 -0.032283303994309155 0.04702044268152404 -38.37556321804134 0.03108074197005114 -0.06516748428235584 0.013113166880911568 -37.87278123476507 79.40846065463452 -79.16675329854678 -0.021339426066144737 0.04474271283806464
0.02 0.26063597883077566 -79.64155473138061 -40.083704887254214 0.01845432559010618 -0.9899405332242814 -0.663864905828504 1.1215780941412024 -0.08603480900858229 0.13330276388914566 -39.42005250918172 0.08811362220537274 -0.1847492281768272 0.026389572126804414 -37.8726548012992 79.40819555958281 -78.65187611146882 -0.056869422457047014 0.11923901938014665
0.03 0.4175629707326559 -79.76162496611667 -41.77902368355429 0.03257667087505922 -1.735678542705962 -1.135914521361002 2.016278141857243 -0.1308941269117839 0.2145186553508823 -40.643597749783304 0.14179721468359235 -0.29730846734865246 0.026083373978975144 -37.87243572047952 79.40773620935602 -78.02663733431943 -0.08652160455288756 0.18141121953322625
0.04 0.5398616258444311 -79.77265087417608 -43.45013488104046 0.04506470938547835 -2.4182510994211768 -1.5441584148028653 2.947641243805931 -0.16181485454287955 0.2788270223166061 -41.90671053478824 0.18430460928001063 -0.3864343952919173 0.014532455926421856 -37.87220050573113 79.40724303086517 -77.35558320542347 -0.10696029495425875 0.22426534562734357
0.05 0.6385323271024583 -79.64605491064748 -44.99767901427688 -0.00691125946067217 -2.9729318470154986 -1.8598249376574643 3.8641569845366286 -0.20535056096704563 0.3667805115412416 -43.13900643267079 0.2424405599222787 -0.5083289643910213 -0.001345288922338761 -37.87178075763681 79.4063629383833 -76.67519138732023 -0.13573746864655517 0.2846029017928428
0.06 0.6991629855884263 -79.38458457999376 -46.3835725685674 -0.07958060868531902 -3.377713045412424 -2.084499327358074 4.735726907591955 -0.24178727059960464 0.44610040083343355 -44.30062237407792 0.2948690160505938 -0.6182565392855447 -0.02415569261160405 -37.87131485687801 79.40538607687833 -76.00995412353478 -0.15982213421218053 0.33510160179833387
0.07 0.6921259354294536 -79.01777642989771 -47.61111458431575 -0.08446393899440352 -3.6524192017526005 -2.2291942841453505 5.555404131759676 -0.23761438348564357 0.44729901287600027 -45.383367748111276 0.295661363624816 -0.6199178670022075 -0.041731971461083095 -37.87132021916185 79.40539732006386 -75.36847512303969 -0.15706385886656704 0.3293182821657176
0.08 0.6425603855412084 -78.57647566655996 -48.69455988392515 -0.08697393784999718 -3.819004308657867 -2.317333706269366 6.315058729657481 -0.22129112545592405 0.4218370363259701 -46.37844097825712 0.2788318154583558 -0.5846310866327509 -0.052712174766511605 -37.87149107864948 79.40575556385947 -74.76025873378818 -0.14627418932068428 0.306695411025104
0.09 0.5656014265600788 -78.08779698049008 -49.64860030135547 -0.08721810274126085 -3.9020209694568884 -2.3611461893716665 7.015266162101821 -0.196587497837968 0.3788736013038368 -47.28838180747208 0.2504340671735432 -0.5250890777325761 -0.05815026124088421 -37.87174906041995 79.40629647832634 -74.18803418791916 -0.12994507524176774 0.2724578987383007
0.1 0.475342901986912 -77.57846764745162 -50.504252842837616 -0.08654853795640349 -3.93312242302094 -2.37831122218833 7.6651395303073775 -0.1686813280037451 0.3269133082837008 -48.12660391996438 0.216089241010625 -0.4530777363910832 -0.05777529483669361 -37.87201939746312 79.40686329828928 -73.64703326839565 -0.11149904975545724 0.23378182475302137
0.11 0.3844945687160019 -77.0688097268845 -51.29628323333975 -0.085503430547746 -3.942632839788125 -2.3841149329282416 8.278916536914428 -0.1407178513520489 0.2741267462834601 -48.91261528114093 0.18119792776167884 -0.3799205669151284 -0.054417512785542854 -37.87225231404687 79.4073516581819 -73.1273680449625 -0.0930151178372483 0.19502627175120754
0.12 0.302316024027067 -76.57209721230453 -52.0529896579282 -0.08464105368134511 -3.9530375710379992 -2.3903146078648376 8.868947594199883 -0.11539613559417478 0.2263866905530739 -49.66296600880831 0.14964205441121586 -0.3137568671371812 -0.04996813776551971 -37.87242755431999 79.4077190872399 -72.61987443175015 -0.07627737761195734 0.15993198654705001
0.13 0.21163419006302658 -76.10650531779434 -52.81168270004013 -0.08434502248403675 -3.996247638944748 -2.412456655529752 9.452079109017143 -0.08831599432837563 0.17344605633484494 -50.39939146764049 0.11464840904073874 -0.24038513628016686 -0.04141730329431993 -37.872581476229556 79.40804181774718 -72.11073759426203 -0.05837729574383787 0.12240060119860559
0.14 0.11689015765181784 -75.67374013462697 -53.57899718437588 -0.08476761426145885 -4.076320560682834 -2.4533901309077777 10.031257042306372 -0.06019537883977933 0.11839245374056255 -51.12568155423091 0.07825791174713005 -0.16408460385743798 -0.030421881552056163 -37.872698244771456 79.4082866481996 -71.59764390128001 -0.039789442498299084 0.08342715470274664
0.15 0.040491495806372735 -75.26391224915963 -54.32621531923007 -0.08572575638851987 -4.170647360343416 -2.5016013916390563 10.592593545291972 -0.03765820685648479 0.07426988971776761 -51.824642151454356 0.04909274833049108 -0.10293354348772209 -0.02045110092282685 -37.87276000131605 79.40841613412545 -71.09335341448012 -0.024892263375576703 0.052192003133105624
0.16 -0.011892647791549506 -74.87509048644228 -55.03470276615721 -0.08701629712767556 -4.267023942674122 -2.5508562276448004 11.12569402760986 -0.022367449032946175 0.044333989068108155 -52.48385615468282 0.02930498581142283 -0.06144422820088216 -0.013046259007784583 -37.87278577635508 79.40847017705828 -70.60809815467125 -0.014784996546292103 0.030999936583675794
0.17 -0.04379008331812445 -74.51012200284427 -55.69794045054904 -0.08852657286684007 -4.362812272197875 -2.5998068836404826 11.62579102429698 -0.013259896504378192 0.02650331241985207 -53.0981368175413 0.017518822441528015 -0.03673199266618992 -0.008327494280228508 -37.872794933937925 79.40848937790737 -70.14732104113814 -0.008764858565778473 0.018377417867720895
0.18 -0.06307789613750253 -74.16962738964179 -56.31680321202924 -0.09015640655273671 -4.457718419092352 -2.6483034516847397 12.093108642492847 -0.007960148774604369 0.01612744632774672 -53.668500878375866 0.010660323334669217 -0.02235166888957459 -0.0054213184156108336 -37.87279813417586 79.40849608789696 -69.711913158133 -0.005261698577155647 0.01103228679854841
0.19 -0.07041751465115458 -73.86240669316263 -56.916847526906764 -0.09226883455497159 -4.572411706576567 -2.7047181703808576 12.54126809791742 -0.006099251793827714 0.013296796363443943 -54.21212991560279 0.008789249508766611 -0.018428558744452313 -0.00520510430338706 -37.87279876553886 79.40849741168577 -69.28999779918234 -0.00403163627171282 0.008453195667664061
0.2 -0.0908697691557087 -73.61050071959991 -57.562490070601186 -0.09559554750929067 -4.7591078939375215 -2.794392278881759 13.002454360249917 -0.0011593709717641718 0.0030104054983184267 -54.76809780053581 0.001989893256533551 -0.004172240728476492 -0.001484400371818728 -37.872799939970534 79.40849987413529 -68.85139296483042 -7.663500751640546E-4 0.00160681834835726
0.21 -0.1306753957651699 -73.383786315627 -58.183913292470464 -0.09890423605015997 -4.955136326456511 -2.8885454634831547 13.442580094287132 0.009409920124399404 -0.01899830387804973 -55.2953692613714 -0.01255797453736929 0.02633050424184875 0.0070966839682998824 -37.87279740722642 79.40849456369055 -68.42865583931676 0.0062200047597552105 -0.0130415825596476
0.22 -0.1859681804437403 -73.179757213947 -58.747566286312946 -0.10182589330634073 -5.138289694893466 -2.9765122347792357 13.84200737467106 0.024620951175358313 -0.05067292252765899 -55.771063248139455 -0.0334950505821184 0.0702296034132715 0.020085878637938794 -37.87278169160365 79.40846161249522 -68.04150904278585 0.016274572732946482 -0.034123154582290746
0.23 -0.3035394985595681 -73.01896034939739 -59.28492496244467 -0.04864223316833716 -5.343022281425778 -3.0713920180178036 14.215639752757687 0.07156057372393416 -0.15636017482133618 -56.21359813529959 -0.10335465736167204 0.21670534814178868 0.06888138027374319 -37.87262943322151 79.40814236993226 -67.67632889074653 0.04730188881185063 -0.0991786199519402
0.24 -0.5156525824042053 -72.92033458287972 -59.84784823452654 0.07487138506385094 -5.614327392796842 -3.19441471402088 14.589240667370161 0.16447363280753505 -0.3642466975261552 -56.65375043264533 -0.2407662952467809 0.5048185071107497 0.1669504073898037 -37.8718786420888 79.40656817426513 -67.30812388981744 0.10871775370783764 -0.2279502372496574
0.25 -0.625316211877537 -72.89725336301555 -60.476964884882946 0.017297643058761025 -5.986826150963271 -3.357435564132288 14.987196884965734 0.175406999054644 -0.40052328154844224 -57.11983336244241 -0.2647445176780015 0.555094026109334 0.19444484352153996 -37.87169717611576 79.40618769168344 -66.91297093941981 0.11594473228675818 -0.24310315777531732
0.26 -0.7522369848240867 -72.9188247094366 -61.12436944006383 -0.029873105103817466 -6.409841317158456 -3.5388489454035152 15.387451284269591 0.19068400640919386 -0.4571822753155946 -57.58577244521588 -0.30219491554342387 0.6336168688591807 0.2381410677472584 -37.87138459669124 79.40553230145004 -66.5122616726395 0.1260428598402377 -0.26427606186031966
0.27 -0.9204605467066969 -72.97225282828273 -61.76791552377349 -0.042464525005421194 -6.865061756577308 -3.7237318040853893 15.783862841933665 0.22656648398670634 -0.5620070440628349 -58.044409500259846 -0.37148063672281156 0.778889338554408 0.3079254233441543 -37.870681979060116 79.40405911192718 -66.11210600026142 0.14976120135369866 -0.3140066844198259
0.28 -1.1085443242355435 -73.02752659702752 -62.36095958622176 -0.06994115064901507 -7.296721748823469 -3.8935203610843985 16.15184093169276 0.2599881294730252 -0.6740148458746672 -58.46750463348432 -0.44551235918283294 0.9341128243533616 0.3895127574450571 -37.869789610795834 79.40218806924445 -65.73779760408222 0.17185287857787943 -0.36032665418325394
0.29 -1.3208752827704626 -73.06831168951194 -62.861945877302745 -0.12735781659864642 -7.664311547586362 -4.032096875431748 16.468634313519377 0.2932172013375659 -0.7817359890492205 -58.82971097332309 -0.5167086437331786 1.0833912025486923 0.46792079972860373 -37.86877905224589 79.4000692151166 -65.41333968702753 0.19381720685761372 -0.40637960939652784
0.3 -1.5587136554320802 -73.1051276704589 -63.280804591017855 -0.14730276533339293 -7.981322748314316 -4.145732054901288 16.736779982715202 0.3400522175872492 -0.9328478965634502 -59.13457031141457 -0.6165790757096385 1.2927911201043714 0.5762249053517485 -37.867113519789214 79.39657706681794 -65.1370049283264 0.22477491584583273 -0.47128912847594606
0.31 -1.8300931156682445 -73.1145789627549 -63.527384057815816 -0.1509447212516264 -8.16545656266609 -4.207481729694862 16.899924113332155 0.4000897582937656 -1.1156545771525772 -59.318936274285456 -0.7373887387975057 1.5460946553938906 0.7014383604194945 -37.864697265621714 79.3915108684101 -64.9679200498507 0.2644592042525491 -0.5544958049283006
0.32 -2.1483308873234566 -73.10839751629757 -63.60538345246163 -0.15320724866408852 -8.226262317148745 -4.221994649229515 16.956450315738522 0.47348722817673544 -1.3281199019249563 -59.38189589338067 -0.8777853820461045 1.8404665224173575 0.8401664621696237 -37.86133278170879 79.3844565016667 -64.90873140428448 0.31297388991671404 -0.6562173152619133
0.33 -2.4569211511125904 -73.08253274761401 -63.49522762163022 -0.15363818967992415 -8.143284497986901 -4.185466397503916 16.892108061302665 0.549118219843387 -1.5301082508904003 -59.3079645079063 -1.0112426324808106 2.1202884545465994 0.9612684078133633 -37.857557040160096 79.37653984452042 -64.97461166538102 0.36296436364729845 -0.7610331338239186
0.34 -2.7662420882059284 -73.03746748778528 -63.19484941122856 -0.15218311927964123 -7.919962419729593 -4.093782741423681 16.709136847869 0.6335859292779888 -1.7242145281975634 -59.09960191173529 -1.139472836336195 2.3891507552703457 1.058099127187925 -37.85333792771934 79.36769356459784 -65.16269125965762 0.41879496789800064 -0.8780940466067569
0.35 -3.0879151488214065 -72.99879695390143 -62.76134578679252 -0.15004007916284223 -7.6153042811296565 -3.969963526509872 16.438404068433375 0.7256375667607542 -1.9208711258191384 -58.79084000343707 -1.269365883814839 2.661499566573125 1.1424403369488272 -37.84848264030804 79.35751340653191 -65.4399787122274 0.4796372788966021 -1.0056630843576613
0.36 -3.4400792687346557 -72.99162417080703 -62.25849656593216 -0.14864393104797813 -7.2962842816224835 -3.8346348110606243 16.118683444454547 0.8297016532109998 -2.1311926885160153 -58.42499004629626 -1.4082566530538168 2.9527140436942614 1.2211216723174037 -37.84263509499442 79.34525276559602 -65.76540315425414 0.5484178208503817 -1.1498763367640508
0.37 -3.8194023605084713 -73.0361034761496 -61.7446855364926 -0.14914162671498588 -7.017720989392252 -3.708824105234555 15.783054350816792 0.9419142972811556 -2.3552055575916526 -58.03933547204892 -1.556154091637327 3.262812947175353 1.2993726897825622 -37.83569420334819 79.33069968807628 -66.10450832330584 0.6225820699347908 -1.3053776932367516
0.38 -4.220186986448921 -73.12985204397826 -61.233785342606794 -0.15179138100673129 -6.785211040451248 -3.5978970489339304 15.439049253987076 1.0579097432929327 -2.5916426856559207 -57.6422372671783 -1.7122129133922053 3.5900239521003185 1.3807751968314828 -37.82761378499919 79.31375734685864 -66.44941530803816 0.6992439575373048 -1.4661158879750396
0.39 -4.629322275296265 -73.25939967220911 -60.714670070460976 -0.15608326391741656 -6.582774175260518 -3.4933751080368864 15.084532222878192 1.1778591077427458 -2.829384686637578 -57.23141570439575 -1.8690825373693498 3.918934978894986 1.4533518552706841 -37.81863856835039 79.29493886786433 -66.80203347911967 0.7785159889054013 -1.6323268125143788
0.4 -5.024760734578392 -73.41330094066217 -60.17766008523646 -0.16113765597599183 -6.392198839838496 -3.3923107790091223 14.713791877824884 1.2946913290737698 -3.0562587328838107 -56.79999734258057 -2.0187290863407963 4.232701269847837 1.512500386282762 -37.80927727389269 79.2753108934092 -67.1679350326801 0.8557246881230963 -1.7942115158325473
0.41 -5.401606848484847 -73.5749483055393 -59.60155293162399 -0.1664255242415109 -6.188590532868112 -3.2834340467939285 14.318671894201335 1.410342932975456 -3.266858672915795 -56.33841743479525 -2.1575864463413397 4.52384569728925 1.549846821683629 -37.79980023169357 79.25544022883017 -67.5547152156093 0.9321496717925366 -1.9544529903397068
0.42 -5.744143609309396 -73.74211882285348 -58.994979055785194 -0.17129726719640104 -5.973738050422174 -3.1698162416925015 13.904130073631794 1.519497345588653 -3.4531798418978727 -55.851985058718526 -2.2803855647128985 4.781320555002646 1.564305306065373 -37.790742885285056 79.23644954706698 -67.95710092403957 1.004277697913334 -2.1056849658528285
0.43 -6.060091937240234 -73.90607140305693 -58.35805530007754 -0.1756334830868056 -5.743142402444196 -3.0475941661403994 13.473880792909133 1.6260580477902755 -3.6190362333741817 -55.34491216467938 -2.3896482052258987 5.010413265052512 1.5556980438172339 -37.782054024644 79.21823147525251 -68.37089551242099 1.074688314881391 -2.2533160223764535
0.44 -6.330567597856696 -74.05915147056344 -57.667330296351565 -0.17829412014211243 -5.475978131683533 -2.908251433440043 13.015611049928234 1.7250255885830117 -3.753659145440064 -54.80204428247069 -2.4782895104092586 5.19626889449245 1.5187326396753442 -37.77442629911912 79.20223830225389 -68.80761764311643 1.1400783810830815 -2.3904204105383253
0.45 -6.654680153982434 -74.17966205371958 -56.64057161281583 -0.17885725265272612 -5.006187419613919 -2.666939375533957 12.367875680167016 1.8634823588851375 -3.8999342708081914 -54.03075231574907 -2.574523882022303 5.398045026656811 1.4196343565985223 -37.765117252431104 79.18271987652551 -69.41701012416007 1.2315541120986795 -2.5822190255430812
0.46 -7.1667444717200794 -74.24370579596336 -54.89669063558685 -0.17813968047827444 -4.141174405462245 -2.2008336086285 11.327062550481996 2.112098763220003 -4.112330648363808 -52.7820403614416 -2.714092991828875 5.690681791196934 1.1927535934087383 -37.749628400066634 79.15024415429258 -70.37536789416139 1.3957917927068197 -2.926578773451118
0.47 -7.012786477450007 -74.75007833572019 -53.17215928671421 -0.16047824183922188 -3.573650208948248 -1.9176882324866966 10.162871756895324 2.131777907916545 -3.970115972040971 -51.35098021639069 -2.620352486351627 5.4941345876843855 0.8985888908132929 -37.75576831324934 79.16311780757327 -71.43058323233235 1.408790887075616 -2.953834180634758
0.48 -6.391513624575742 -75.55195157808494 -51.485741285410164 -0.13297707712152373 -3.2321830855195515 -1.7791958657581688 8.926888407260698 1.9782471455723345 -3.5907581330569713 -49.795442096523466 -2.3705422168013617 4.970353436315006 0.6147592638145054 -37.775922080078956 79.20537452989878 -72.52651149441377 1.3073715761654465 -2.7411867040708335
0.49 -5.5107733419060505 -76.43166162883267 -49.35999457821865 -0.09897697441973463 -2.7615901022607225 -1.5740984012436456 7.4181430613597685 1.7509072714038811 -3.068299993478756 -47.860467075660566 -2.026246072068365 4.248462252958345 0.30566967350261853 -37.80084978895046 79.25764085216495 -73.8196525963128 1.157178434223236 -2.4262743629733174
0.5 -4.1252674826932605 -77.4236925317015 -46.40846408676873 -0.05616049240405374 -2.0432617695917656 -1.2278058521839057 5.411994974447995 1.3671093046528942 -2.271487287809217 -45.22938859952997 -1.5006440217527226 3.1464241038780094 -0.008243292402089208 -37.83226915988047 79.32351834515454 -75.46099118783718 0.903580419406483 -1.8945513860723187
0.51 -2.1504361429522625 -78.50126763875377 -42.35298106583387 -0.01628463187854834 -1.0509118961465553 -0.6762892014191664 2.7805100826507867 0.7559224682170298 -1.1717500045387292 -41.6925061204096 -0.7744112861348645 1.6237204171606112 -0.16960683085155215 -37.86158492194554 79.38498516809723 -77.47105923512689 0.4996540785512962 -1.0476326254367412
0.52 0.19880204694127318 -79.55238096774553 -37.879549140817254 -0.006800373615760691 -0.11439934504258531 -0.06918474895019244 -0.04501831300241409 -0.07366824001410506 0.11322932795089667 -37.81052365905976 0.07484504778749268 -0.15692879790332673 0.027415961056699828 -37.87269473973817 79.40827929914077 -79.43816715586256 -0.04869506576907364 0.10209971615839031
0.53 -0.09034266636763559 -79.45744066856025 -37.886249154288905 -0.002206806434948305 -0.04325416140174809 -0.02547703370959198 -0.00867412316827227 0.03125480653801438 -0.04868752529860143 -37.860800896118405 -0.032182691771305574 0.06747795989527362 -0.0111479085134127 -37.872780691361086 79.40845951527078 -79.41422091362867 0.02065958415098954 -0.04331727751985206
0.54 -0.006291054713393068 -79.40931430901995 -37.8741236987647 -0.001084765623346584 -0.002505867369205106 0.0022224567917703553 0.002558693416088694 5.372651254212387E-4 -0.0035003138520110686 -37.87634613202921 -0.002313725155548081 0.00485122420350066 0.0015693405498908215 -37.872799927659884 79.40849984832334 -79.40680860803994 3.5513496482073866E-4 -7.446171092173704E-4
0.55 -0.006291054713393098 -79.40931430901995 -37.8741236987647 -0.001084765623346584 -0.002505867369205106 0.0022224567917703553 0.0025586934160887038 5.372651254217609E-4 -0.0035003138520110877 -37.87634613202921 -0.002313725155548093 0.004851224203500686 0.0015693405498901098 -37.872799927659884 79.40849984832334 -79.40680860803994 3.551349648210838E-4 -7.446171092180942E-4
0.56 -0.006291054713393302 -79.40931430901995 -37.8741236987647 -0.0010847656233536895 -0.002505867369201553 0.0022224567917703553 0.002558693416088993 5.372651254224066E-4 -0.0035003138520111016 -37.87634613202921 -0.0023137251555481026 0.004851224203500705 0.0015693405498892244 -37.872799927659884 79.40849984832334 -79.40680860803994 3.5513496482151083E-4 -7.446171092189895E-4
0.57 -0.0062910547133936175 -79.40931430901995 -37.8741236987647 -0.0010847656233536895 -0.002505867369201553 0.0022224567917703553 0.0025586934160892728 5.372651254229833E-4 -0.0035003138520111757 -37.87634613202921 -0.0023137251555481516 0.0048512242035008086 0.0015693405498884744 -37.872799927659884 79.40849984832334 -79.40680860803994 3.5513496482189193E-4 -7.446171092197885E-4
0.58 -0.003208016578487421 -79.40707235688427 -37.87464545453379 -0.001058523217913887 -0.001000706790357242 0.0032456241657996543 0.003673434200238299 -5.949315571316422E-4 -0.0018347671318741465 -37.87789103491729 -0.001212790352220533 0.002542876752822717 0.0020374674784776454 -37.8727999785399 79.40849995500427 -79.4060716739322 -3.9325276779567526E-4 8.245393108379333E-4
0.59 -0.001904458276402963 -79.40707235688427 -37.87464545453379 2.450350841698423E-4 -0.0010007067903607947 0.0032456241657996543 0.0036734342002378425 -5.949315571308431E-4 -0.00183476713187405 -37.87789103491729 -0.0012127903522204688 0.0025428767528225824 0.002037467478476474 -37.8727999785399 79.40849995500427 -79.40607167393222 -3.932527677951471E-4 8.24539310836826E-4
0.6 -0.0019044582764027695 -79.40707235688427 -37.87464545453379 2.450350841698423E-4 -0.001000706790357242 0.0032456241657996543 0.0036734342002376756 -5.94931557129215E-4 -0.001834767131874049 -37.87789103491729 -0.001212790352220468 0.002542876752822581 0.002037467478474217 -37.8727999785399 79.40849995500427 -79.40607167393222 -3.932527677940709E-4 8.245393108345695E-4
0.61 -0.001804989421517203 -79.40712203959858 -37.87440531081004 2.450286614674724E-4 -8.503741541865395E-4 0.0030664643899029898 0.0033708835881679543 -3.9668155861583666E-4 -0.0016684158040833083 -37.87747174404021 -0.001102831283410927 0.002312323830525776 0.0016527286465186385 -37.87279998303544 79.40849996443015 -79.40627168957073 -2.622085162415068E-4 5.497767517047509E-4
0.62 -0.0015498589670095886 -79.40724944891116 -37.87378941161626 2.4501575712321255E-4 -4.648140183789451E-4 0.002606969457019659 0.002594932365123498 1.1177346911592105E-4 -0.0012417726100269573 -37.87639637560702 -8.208179747431392E-4 0.0017210220566578277 6.659879684520134E-4 -37.872799991033126 79.40849998119903 -79.40678465499258 7.388282831834429E-5 -1.5491129709229955E-4
0.63 -0.0015498589670096005 -79.40724944891116 -37.87378941161626 2.4501575712321255E-4 -4.648140183789451E-4 0.002606969457019659 0.002594932365123533 1.1177346911545827E-4 -0.001241772610027046 -37.87639637560702 -8.208179747431978E-4 0.0017210220566579505 6.659879684527133E-4 -37.872799991033126 79.40849998119903 -79.40678465499258 7.38828283180384E-5 -1.549112970916582E-4
0.64 -0.0015498589670097569 -79.40724944891116 -37.87378941161626 2.4501575712321255E-4 -4.648140183789451E-4 0.002606969457019659 0.002594932365123422 1.1177346911513904E-4 -0.0012417726100272147 -37.87639637560702 -8.208179747433093E-4 0.0017210220566581844 6.659879684532674E-4 -37.872799991033126 79.40849998119903 -79.40678465499258 7.388282831782737E-5 -1.5491129709121573E-4
0.65 -0.0015498589670098417 -79.40724944891116 -37.87378941161626 2.45015757130318E-4 -4.648140183789451E-4 0.002606969457019659 0.002594932365123294 1.1177346911498987E-4 -0.0012417726100273495 -37.87639637560702 -8.208179747433985E-4 0.0017210220566583711 6.659879684535632E-4 -37.872799991033126 79.40849998119903 -79.40678465499258 7.388282831772879E-5 -1.5491129709100903E-4
0.66 -0.0017747701266184715 -79.40724944891114 -37.87378941161625 2.01045975174452E-5 -4.648140183789451E-4 0.002606969457019659 0.002594932365123218 1.1177346911489865E-4 -0.0012417726100273896 -37.87639637560702 -8.208179747434251E-4 0.001721022056658427 6.659879684537162E-4 -37.872799991033126 79.40849998119903 -79.40678465499258 7.388282831766849E-5 -1.549112970908826E-4
0.67 -0.0017747701266185192 -79.40724944891114 -37.87378941161625 2.01045975174452E-5 -4.648140183789451E-4 0.002606969457019659 0.002594932365123206 1.1177346911486721E-4 -0.0012417726100274111 -37.87639637560702 -8.208179747434392E-4 0.0017210220566584568 6.659879684537739E-4 -37.872799991033126 79.40849998119903 -79.40678465499258 7.388282831764772E-5 -1.5491129709083903E-4
0.68 -0.0017747701266185517 -79.40724944891114 -37.87378941161625 2.01045975174452E-5 -4.648140183789451E-4 0.002606969457019659 0.0025949323651231915 1.117734691148397E-4 -0.0012417726100274365 -37.87639637560702 -8.208179747434561E-4 0.0017210220566584924 6.659879684538291E-4 -37.872799991033126 79.40849998119903 -79.40678465499258 7.388282831762952E-5 -1.549112970908009E-4
0.69 -0.0017747701266185665 -79.40724944891114 -37.87378941161626 2.01045975174452E-5 -4.648140183789451E-4 0.002606969457019659 0.002594932365123179 1.1177346911482445E-4 -0.0012417726100274547 -37.87639637560702 -8.20817974743468E-4 0.001721022056658517 6.659879684538621E-4 -37.872799991033126 79.40849998119903 -79.40678465499258 7.388282831761945E-5 -1.5491129709077977E-4
0.7 -0.0017747701266185645 -79.40724944891114 -37.87378941161626 2.01045975174452E-5 -4.648140183789451E-4 0.002606969457019659 0.0025949323651231694 1.1177346911481416E-4 -0.0012417726100274662 -37.87639637560702 -8.208179747434757E-4 0.0017210220566585331 6.65987968453884E-4 -37.872799991033126 79.40849998119903 -79.40678465499258 7.388282831761264E-5 -1.5491129709076552E-4
0.71 -0.0017747701266185465 -79.40724944891114 -37.87378941161626 2.01045975174452E-5 -4.648140183789451E-4 0.002606969457019659 0.0025949323651231616 1.1177346911480206E-4 -0.0012417726100274638 -37.87639637560702 -8.208179747434741E-4 0.0017210220566585299 6.659879684538992E-4 -37.872799991033126 79.40849998119903 -79.40678465499258 7.388282831760463E-5 -1.549112970907487E-4
0.72 -0.0017131883439542753 -79.40728500399192 -37.87379906002208 2.0103911005264763E-5 -4.951376214634706E-4 0.002586356273752699 0.002587020736833491 8.89638414799431E-5 -0.0012082178648736676 -37.876385410520086 -7.986381185178386E-4 0.0016745172005852166 6.754178540921357E-4 -37.87279999153375 79.4084999822487 -79.4067898851701 5.8805549103855406E-5 -1.2329852680587395E-4
0.73 0.021515588767192104 -79.4206922465442 -37.87743770636469 2.1666844851608857E-5 -0.0119324870165336 -0.005188452393269927 -3.9707855253743126E-4 -0.00851426438074491 0.011447813192628307 -37.872251273906116 0.007567062277441079 -0.015865979406280494 0.0042333440148667025 -37.872798825879 79.4084975382019 -79.40876159225073 -0.005627971791162438 0.011800257651362523
0.74 0.10515156814056321 -79.46448273922596 -37.90886452729567 1.2712745287757343E-4 -0.05637081896015772 -0.03539646302409949 4.885094332844351E-4 -0.039453381014660165 0.056961666220905705 -37.87351268766916 0.03765193429543998 -0.0789454073767835 0.017027140153801426 -37.87277230496523 79.40844193138167 -79.40815826389289 -0.02607888230351915 0.05468000584585772
0.75 0.21747321120491103 -79.55311581737644 -38.08332462482091 0.001834530950574731 -0.18635105624030146 -0.1237539818320954 0.06265112418651572 -0.08041089938521036 0.11721281221071218 -37.95975646258474 0.0774781312666039 -0.16244962576530164 0.033730412903688 -37.87268345185938 79.4082556316664 -79.36696166321666 -0.053151993679171575 0.11144462754463616
0.76 0.33040532715263105 -79.71957673413402 -38.466676997159425 0.006470558985974151 -0.4508546261536637 -0.3035584961281188 0.20971849951053986 -0.12046993411983421 0.17614153253682321 -38.163534907408156 0.11643000298415958 -0.24412063253753716 0.04934754332853908 -37.87253731624086 79.40794922679898 -79.2691681568629 -0.07963117698976403 0.16696395085633167
0.77 0.4605274093108039 -79.97288865009952 -39.05475337831579 0.014034743192482324 -0.8581754872144209 -0.5746071007414599 0.4391361832599883 -0.1608837965467151 0.24510133892808345 -38.48089621844484 0.16201209166040179 -0.3396933202883076 0.05753982738309382 -37.872304164021955 79.40746037284642 -79.115587386327 -0.10634486335077123 0.22297496043043338
0.78 0.6241887724015864 -80.30057780630771 -39.77364016298349 0.023674248805775733 -1.375988715111756 -0.9071060856719271 0.7193741219734545 -0.21112257909996357 0.331973559210941 -38.86783059708251 0.21943348393684903 -0.46008966353687286 0.06562827597218704 -37.87190718472816 79.40662802006945 -78.9262078760654 -0.13955277662133322 0.2926025184917709
0.79 0.8216618797305677 -80.6709162512258 -40.544160990558396 0.034381422189468935 -1.9529195596335107 -1.2641910512415393 1.0200095643258096 -0.2668006601534403 0.4398849320851214 -39.28205245165995 0.2907601557785022 -0.6096414268323757 0.06498956428392161 -37.871273241750636 79.40529882178122 -78.72086752336747 -0.1763559482227716 0.3697683116761359
0.8 1.0226348697152412 -81.04185994079066 -41.29441578628467 0.04517098313930745 -2.5317776108267793 -1.6047396855310296 1.3187386697961787 -0.3212241273337164 0.5509256443355128 -39.692697628805576 0.36415330223244907 -0.7635260001987029 0.058535215013145625 -37.870454028541154 79.40358116446131 -78.51461762415211 -0.21232966025579347 0.44519496383742896
0.81 1.2248416705982739 -81.3783450404257 -41.99247905771076 0.0552736510851517 -3.071565566129859 -1.9083269386783428 1.60712926280261 -0.37142906277629534 0.6655788292659381 -40.0881872432819 0.4399318330122615 -0.9224120466866503 0.04201369769519819 -37.86944893077301 79.40147376004121 -78.31343646199403 -0.2455147691631184 0.5147747076289445
0.82 1.4277669899389824 -81.66325944155294 -42.63723755272929 0.06443640073852208 -3.557042921147584 -2.169730554371853 1.8881238829647675 -0.41917222390392256 0.7828383634224354 -40.47262089618729 0.5174301697015525 -1.0849040374819328 0.018535062989010753 -37.8682515663956 79.39896322717425 -78.11546240236272 -0.2770724880967099 0.5809422770702877
0.83 1.6342780729736806 -81.86909967270137 -43.23226175163814 0.0722819922697937 -3.9662467668900234 -2.3817473182875517 2.1696073894656664 -0.4679778702865844 0.9033047128265994 -40.85683315119708 0.5970443328696964 -1.2518323151888238 -0.00770208482432877 -37.86683022690355 79.3959830821347 -77.91519734700756 -0.30933229939915635 0.6485819347087596
0.84 1.8363478303090526 -81.96366207364284 -43.806212425142405 0.07856648113261144 -4.283935310254641 -2.5408624716543216 2.4753155730602527 -0.5174589609632367 1.0214755956654944 -41.27298451410585 0.6751372321592953 -1.4155709348113004 -0.03407008051644178 -37.865237082733444 79.39264271150374 -77.69554968347924 -0.34203834016087453 0.7171572087267064
0.85 2.033973005300089 -81.91134522324097 -44.37331057127072 0.08288647321807474 -4.487779032308104 -2.6379117866350867 2.822756298376871 -0.56598278405659 1.1385482906041244 -41.74439614018473 0.7524999333023252 -1.5777785364070704 -0.06444852805298029 -37.863475333786255 79.3889488245645 -77.44327013607162 -0.37411139803492355 0.784405297492032
0.86 2.2322012866605325 -81.68726202539254 -44.95970567948576 0.08511510803126754 -4.56852100796192 -2.6731988845517094 3.2315823486592987 -0.6197367547813244 1.2550733778095216 -42.29711224544456 0.8294949790676731 -1.7392152691455431 -0.09203005849859958 -37.861499073006 79.38480516726509 -77.14275518967804 -0.4096411410822016 0.8589010728445219
0.87 2.4200539451968357 -81.27010556492687 -45.57731051124166 0.08501218583887038 -4.515863712183759 -2.642560137183679 3.714527816356525 -0.6765866577953119 1.364218800659623 -42.94716109535631 0.9016074585802536 -1.8904146478388204 -0.11576920887773845 -37.859425259199085 79.38045696898858 -76.78272464187364 -0.4472168084391082 0.9376865701225399
0.88 2.5900651961776937 -80.66427736229873 -46.244250960735705 0.08276030412728375 -4.3435851844850575 -2.553013626829596 4.280998776983172 -0.733743302154228 1.461771783730001 -43.70554560651922 0.9660545021440775 -2.025541785490061 -0.13711633382143307 -37.85737046607542 79.37614865168011 -76.35355482515185 -0.4849947764739126 1.0168962344381374
0.89 2.7423100379131906 -79.87884180691546 -46.95235134831265 0.07839604094604624 -4.060778637901084 -2.4036845713359583 4.926993316067548 -0.7955319037404088 1.5451142278556762 -44.56516287441718 1.0211060972735824 -2.140969337502093 -0.1484237079083277 -37.85538034522489 79.37197593375167 -75.85501354867455 -0.5258337156099068 1.102523885374445
0.9 2.8704416635991485 -78.93476155860932 -47.67275483460829 0.07195590609749303 -3.6729571676728057 -2.1987168637455454 5.629018980200518 -0.8556210304266602 1.6128034392627766 -45.492744424407725 1.0658115984935772 -2.234704070440454 -0.1558515187030074 -37.85357552495106 79.36819173847924 -75.3023556545852 -0.5655488072150636 1.185795147381165
0.91 2.947623375683457 -77.85211210551843 -48.35576431389046 0.06297420244900565 -3.178457459396842 -1.9275083372858717 6.358395890213083 -0.9095081083594364 1.6471197395543948 -46.4490142506679 1.08846736958307 -2.282206784751516 -0.14903870225690796 -37.85238196225568 79.36568917665925 -74.71630153250682 -0.6011642112213182 1.260470529423968
0.92 2.9944149674500187 -76.71056949520474 -49.0032824334696 0.05278237147494025 -2.6402419090915643 -1.6219335602454663 7.092705437126569 -0.9570883713678421 1.6624351000861588 -47.40393400788216 1.0985705417269578 -2.3033902659091785 -0.13714493018535245 -37.851577591160314 79.36400263903525 -74.11414901308979 -0.6326108323607974 1.3264051583596244
0.93 3.0294180757807747 -75.58572192308783 -49.62339482533219 0.04270814876402085 -2.1180648763896706 -1.3156130094528606 7.812301898619818 -1.000790777879304 1.670389982271823 -48.332054279498955 1.103811415451371 -2.3143788889089323 -0.12474011325034895 -37.85093137188351 79.36264770083575 -73.51228347097995 -0.6614941270211377 1.3869652200407159
0.94 3.0611003552320954 -74.53192701973015 -50.22776263273316 0.03370389237201721 -1.6566922853273383 -1.0333128934347968 8.506624082536826 -1.040053200270562 1.6772462723700652 -49.220223061443086 1.1083273052247873 -2.3238474265684745 -0.11686503072222587 -37.85033702623171 79.36140152688793 -72.92060639103586 -0.6874426704575143 1.4413719423181155
0.95 2.923740927135486 -73.68473958644744 -51.03248963515151 0.02810057989451309 -1.4423775255839644 -0.9054984733378433 9.242133217637317 -1.0058349856030553 1.597868005491878 -50.15060925290146 1.055899202803902 -2.2139205932979253 -0.1293887657002062 -37.85223983632373 79.36539117896521 -72.2838744271508 -0.6648278626416286 1.393955116352046
0.96 2.742098124501465 -72.94597623797232 -51.91209354988041 0.02476231605655954 -1.3519687581562891 -0.8535680015041862 9.983163919491261 -0.9482781919801372 1.4977341024759006 -51.07906283820498 0.9897614966317152 -2.0752486165606863 -0.14948705409906615 -37.85467591648752 79.37049894685367 -71.63076046840047 -0.6267880642487779 1.314196468175025
0.97 2.615275317869272 -72.27055440273435 -52.730434991932796 0.022563393049409797 -1.289032666119077 -0.8174282506612087 10.669116303571583 -0.9082112907783005 1.4280319271080761 -51.9314597567296 0.9437200262892217 -1.9787127359896197 -0.1684753035834694 -37.856280901831305 79.37386414506113 -71.01516708209068 -0.6003071160855225 1.2586734444687802
0.98 2.5263898274271575 -71.65923810307257 -53.476549228841925 0.02109072380426369 -1.245141202771208 -0.792231958838741 11.293594228131202 -0.8802687031969468 1.379423278303325 -52.701322330939504 0.9116100816779116 -1.9113873062176667 -0.18635735363150074 -37.85735608933143 79.37611850773312 -70.44568650809761 -0.5818391741222795 1.2199514178589659
0.99 2.4523660427771103 -71.1101780070014 -54.13719397248447 0.019904738892151386 -1.2086606522315648 -0.7712886058937727 11.849712482738006 -0.8570450346650531 1.3390243307690881 -53.381747944261306 0.8849222764823949 -1.8554305620934355 -0.20136270802800094 -37.85822211239686 79.37793431201987 -69.93144708616552 -0.5664899760898044 1.1877685110772702
1.0 2.38632401950429 -70.62945886504693 -54.70333502697323 0.018875000052801738 -1.176089244588777 -0.7525844706156448 12.330190677157736 -0.8363111260378483 1.3029568894270198 -53.9656102277065 0.8610951233880102 -1.8054717925676689 -0.2129195671102927 -37.85897413277034 79.37951108505561 -69.48184244893915 -0.5527862540831827 1.1590356999578701
