0.0 1.7343558371914263
0.01 2.1431189161284614
0.02 2.9883093826606
0.03 3.925142934581815
0.04 4.7618895853612875
0.05 5.473521332376571
0.06 6.064510978439193
0.07 6.548096170071706
0.08 6.947758433927739
0.09 7.285082995283545
0.1 7.574685102391529
0.11 7.8292967709319194
0.12 8.059987498412193
0.13 8.275192522905192
0.14 8.481431935638476
0.15 8.683252278047902
0.16 8.883862146358217
0.17 9.085270050295916
0.18 9.288719299406889
0.19 9.494815613883496
0.2 9.703771887339254
0.21 9.915489178566391
0.22 10.12968214734928
0.23 10.345925827492762
0.24 10.563717295212097
0.25 10.782503117196383
0.26 11.001709815044148
0.27 11.219618773288593
0.28 11.426239177987174
0.29 11.626715207534343
0.3 11.826418970091765
0.31 12.027174194443395
0.32 12.228899695563511
0.33 12.430709327149595
0.34 12.63150816322684
0.35 12.830278237813278
0.36 13.026173772710495
0.37 13.218553172789589
0.38 13.406958530232062
0.39 13.591080626412333
0.4 13.770723778350572
0.41 13.945776973302383
0.42 14.116191139990695
0.43 14.28196267181071
0.44 14.443121483733025
0.45 14.599722732635014
0.46 14.75184089329135
0.47 14.899565542081826
0.48 15.04299815887862
0.49 15.182249626177287
0.5 15.317438146415407
0.51 15.448687426728686
0.52 15.576120573351556
0.53 15.699862353708088
0.54 15.820051387638557
0.55 15.936826936416706
0.56 16.050324961349357
0.57 16.16067819447932
0.58 16.268016390952862
0.59 16.372466422378853
0.6 16.474152087462762
0.61 16.573193825222237
0.62 16.66970840266338
0.63 16.77775468759289
0.64 16.902278758104792
0.65 17.026246641464308
0.66 17.14129981773912
0.67 17.24531807134338
0.68 17.339380244665172
0.69 17.425721932029553
0.7 17.506614772827053
0.71 17.58388136771504
0.72 17.658782746391754
0.73 17.732087693056144
0.74 17.804205418734334
0.75 17.875316853547204
0.76 17.945478062917907
0.77 18.014689609312004
0.78 18.082937101703962
0.79 18.150210832750936
0.8 18.22423261828058
0.81 18.326243236324423
0.82 18.435046178782756
0.83 18.535808375359903
0.84 18.62359293526504
0.85 18.69912728915056
0.86 18.765441999087994
0.87 18.82585628429525
0.88 18.88303778041315
0.89 18.938752103200045
0.9 18.99396652401132
0.91 19.049082934371658
0.92 19.10417046791449
0.93 19.15914365600574
0.94 19.21387466692461
0.95 19.268250944602457
0.96 19.337748213339406
0.97 19.439093394328513
0.98 19.54405297080969
0.99 19.63696855863484
1.0 19.713781592233804
1.01 19.776739946445275
1.02 19.830290571327758
1.03 19.878695503501724
1.04 19.925037259655685
1.05 19.97109263115703
1.06 20.017616294438795
1.07 20.064729524979477
1.08 20.11225244480408
1.09 20.15992551531018
1.1 20.207524946380964
1.11 20.254906932584944
1.12 20.331769259544437
1.13 20.438258987757102
1.14 20.542166565245516
1.15 20.628785073187007
1.16 20.696220451590477
1.17 20.748920119207945
1.18 20.79289747266692
1.19 20.833162180193387
1.2 20.872871660096596
1.21 20.913484656390803
1.22 20.955310887266542
1.23 20.99807781526808
1.24 21.041342585811975
1.25 21.084718829640863
1.26 21.12795760090136
1.27 21.17094190039958
1.28 21.244328071674374
1.29 21.354590345436144
1.3 21.462520482462047
1.31 21.549733126590194
1.32 21.6140108093704
1.33 21.661241855328047
1.34 21.699155420809127
1.35 21.733931422535562
1.36 21.769168889988165
1.37 21.806227315501914
1.38 21.845070038520237
1.39 21.885068148315423
1.4 21.925536466348476
1.41 21.965984677887324
1.42 22.006164374246005
1.43 22.0460119511166
1.44 22.095206049005608
1.45 22.198582433609673
1.46 22.316840816938686
1.47 22.416942053459017
1.48 22.489183440925174
1.49 22.538193650133337
1.5 22.573622400823847
1.51 22.604172742160177
1.52 22.6352258666441
1.53 22.668893033191896
1.54 22.705137920948744
1.55 22.742999250733494
1.56 22.781444416459518
1.57 22.81976958414495
1.58 22.857662085046094
1.59 22.89509171426997
1.6 22.93216377596875
1.61 22.986330710354093
1.62 23.100556225284738
1.63 23.2237640034519
1.64 23.321807182047642
1.65 23.387296324204648
1.66 23.428237752179243
1.67 23.456877824750592
1.68 23.482994082879515
1.69 23.511728947941616
1.7 23.544294372330636
1.71 23.57971943057343
1.72 23.616431912200802
1.73 23.65318544041768
1.74 23.689351550085686
1.75 23.72481820739925
1.76 23.759749374122556
1.77 23.7943721290446
1.78 23.837178906210852
1.79 23.947866398113323
1.8 24.079917185755082
1.81 24.1868889888588
1.82 24.255730440229307
1.83 24.29471117281556
1.84 24.318915400593973
1.85 24.340732986673377
1.86 24.36651224396684
1.87 24.3973936429305
1.88 24.431733710854694
1.89 24.467303606499925
1.9 24.502516955615324
1.91 24.53672788173076
1.92 24.569985964382344
1.93 24.60264168222839
1.94 24.635042984652337
1.95 24.66739651258492
1.96 24.732350976058875
1.97 24.86591003867044
1.98 24.997627053331357
1.99 25.089914573218618
2.0 25.140578661593047
