0.0 1.7343558371914263
0.01 2.1268189777917295
0.02 2.922299189433371
0.03 3.8213452442425186
0.04 4.597700998723477
0.05 5.238101764183489
0.06 5.746581987503473
0.07 6.139693230060777
0.08 6.439719565070997
0.09 6.670692486268019
0.1 6.849990337198694
0.11 6.989858094650265
0.12 7.1008089076695535
0.13 7.1907948263853045
0.14 7.266076701219266
0.15 7.33106866431235
0.16 7.389067632062251
0.17 7.44229556035598
0.18 7.492363314876493
0.19 7.540323469872263
0.2 7.586927659883682
0.21 7.632654309630695
0.22 7.677839874552546
0.23 7.722695285022481
0.24 7.767367314689788
0.25 7.81194504188787
0.26 7.8564885869455
0.27 7.901039591443187
0.28 7.9447198635617164
0.29 7.984303206261611
0.3 8.022572794494073
0.31 8.061451249143632
0.32 8.101636042804195
0.33 8.143216954413237
0.34 8.186029108701108
0.35 8.229832280020222
0.36 8.274390610817562
0.37 8.31950367883859
0.38 8.365012447784025
0.39 8.410796093459714
0.4 8.456764601765455
0.41 8.502851776937478
0.42 8.549008678617927
0.43 8.595198805307353
0.44 8.64139418762571
0.45 8.687572790275219
0.46 8.733716514789528
0.47 8.779809960505032
0.48 8.825839489797566
0.49 8.871792685141292
0.5 8.917657939326693
0.51 8.963424236643773
0.52 9.009080984972323
0.53 9.054617937377497
0.54 9.100025130460454
0.55 9.145292863237271
0.56 9.190411679468173
0.57 9.235372367584239
0.58 9.280165959963837
0.59 9.324783739186824
0.6 9.368254852054752
0.61 9.406101772646924
0.62 9.441745171620246
0.63 9.477871088908108
0.64 9.515470083065951
0.65 9.554671249371367
0.66 9.595243536287077
0.67 9.636849708187265
0.68 9.679161707549312
0.69 9.721903112041876
0.7 9.764858338479293
0.71 9.807866623873359
0.72 9.850811969996448
0.73 9.893612249188518
0.74 9.936210269789212
0.75 9.97856639641852
0.76 10.020653314007607
0.77 10.06245204864018
0.78 10.1039493528177
0.79 10.145135784712632
0.8 10.186004517352355
0.81 10.226550468836148
0.82 10.266769792440241
0.83 10.306659498810784
0.84 10.346217247303908
0.85 10.385441185408546
0.86 10.424329866152748
0.87 10.462882179839925
0.88 10.501097320532901
0.89 10.538974754990656
0.9 10.576514206979033
0.91 10.613715640562557
0.92 10.650579250075824
0.93 10.68710544890432
0.94 10.72329486120214
0.95 10.759148312715736
0.96 10.794666822886201
0.97 10.82985159649831
0.98 10.864704015830021
0.99 10.899225632584502
1.0 10.933418160055597
1.01 10.967283465267021
1.02 11.000823561221257
1.03 11.034040599224818
1.04 11.06693686132078
1.05 11.099514752844826
1.06 11.131776795082555
1.07 11.163725618082514
1.08 11.195363953593438
1.09 11.226694628166083
1.1 11.257720556396235
1.11 11.28844473434849
1.12 11.317777117422803
1.13 11.339720156779784
1.14 11.358531865144117
1.15 11.377937126134473
1.16 11.399340571530237
1.17 11.422934642282941
1.18 11.448402743759928
1.19 11.475279458219887
1.2 11.50311530367223
1.21 11.53153646286094
1.22 11.560257223279073
1.23 11.589070331982217
1.24 11.617831944371485
1.25 11.646445457396954
1.26 11.674848447756714
1.27 11.703001985157423
1.28 11.730883169634197
1.29 11.758479550442846
1.3 11.785785532202308
1.31 11.81279979690543
1.32 11.839523742337263
1.33 11.865960373847232
1.34 11.892113674020065
1.35 11.917988154898215
1.36 11.943588622287265
1.37 11.968920005741303
1.38 11.993987280406557
1.39 12.018795407602491
1.4 12.043349311448225
1.41 12.067653858639634
1.42 12.091713852330123
1.43 12.115534024957732
1.44 12.13911903647517
1.45 12.162473472042105
1.46 12.185601841821638
1.47 12.208508580247852
1.48 12.231198046020614
1.49 12.253674521991677
1.5 12.275942215099047
1.51 12.298005256289766
1.52 12.319867700507231
1.53 12.34153352683291
1.54 12.363006638597588
1.55 12.384290863672884
1.56 12.405389954789685
1.57 12.426307589980768
1.58 12.447047373014689
1.59 12.467612833954478
1.6 12.488007429738216
1.61 12.50823454484151
1.62 12.528297491968333
1.63 12.548199512823636
1.64 12.567943778912854
1.65 12.587533392392828
1.66 12.606971386953273
1.67 12.626260728742228
1.68 12.645404317313536
1.69 12.664404986605772
1.7 12.68326550594489
1.71 12.70198858107062
1.72 12.720576855178427
1.73 12.739032909979489
1.74 12.757359266773399
1.75 12.775558387531753
1.76 12.79363267598938
1.77 12.81158447874256
1.78 12.829416086351436
1.79 12.847129734444458
1.8 12.86472760482318
1.81 12.882211826566424
1.82 12.899584477131144
1.83 12.916847583449306
1.84 12.93400312301886
1.85 12.951053024988218
1.86 12.967999171232359
1.87 12.984843397419935
1.88 13.001587494070195
1.89 13.018233207599154
1.9 13.03478224135348
1.91 13.051236256632134
1.92 13.067596873694653
1.93 13.083865672755469
1.94 13.100044194963882
1.95 13.116133943368984
1.96 13.132136383869534
1.97 13.14805294614776
1.98 13.163885024587458
1.99 13.179633979175492
2.0 13.195301136386924
