0.0 1.7343558371914263
0.01 2.12863055823795
0.02 2.9296361188170628
0.03 3.833601907024558
0.04 4.617059451186606
0.05 5.265484407419933
0.06 5.783229727716408
0.07 6.186488973227361
0.08 6.497507937154547
0.09 6.740464737380251
0.1 6.932182109619671
0.11 7.084943542415373
0.12 7.209327441601868
0.13 7.313347201636021
0.14 7.403302570978948
0.15 7.4836375494526886
0.16 7.5576611702965675
0.17 7.627601150082179
0.18 7.695058601439758
0.19 7.761072845369115
0.2 7.826374709252473
0.21 7.891424380906403
0.22 7.9565380093539835
0.23 8.0219085483105
0.24 8.087664399585586
0.25 8.153876880349564
0.26 8.220586623952984
0.27 8.28718718319307
0.28 8.349511330075213
0.29 8.410314953032245
0.3 8.472064803409117
0.31 8.535689398738292
0.32 8.601328715414475
0.33 8.668784645932492
0.34 8.73775003981723
0.35 8.80791643553105
0.36 8.879014193071592
0.37 8.95082373926662
0.38 9.023171060338784
0.39 9.095920258274813
0.4 9.168964018135496
0.41 9.242216426188385
0.42 9.31560639376901
0.43 9.38907345245302
0.44 9.462564214524644
0.45 9.536030358091015
0.46 9.60942696050654
0.47 9.682711672170907
0.48 9.7558440143651
0.49 9.828785105759117
0.5 9.901497408241626
0.51 9.973944680662852
0.52 10.045263303512648
0.53 10.10974511421915
0.54 10.171081442869276
0.55 10.232722463640178
0.56 10.295966926145704
0.57 10.360992923573761
0.58 10.427502978604451
0.59 10.495056019833633
0.6 10.563220838374699
0.61 10.631633116531392
0.62 10.700008342554032
0.63 10.768134027174938
0.64 10.835856454066487
0.65 10.903066246374848
0.66 10.96968655073185
0.67 11.035663364215905
0.68 11.100958710119585
0.69 11.16554554928164
0.7 11.229404462391763
0.71 11.292521280827732
0.72 11.354885627453227
0.73 11.416489888264216
0.74 11.477328606154842
0.75 11.53739804692878
0.76 11.59669594768616
0.77 11.655221325349428
0.78 11.712974360067513
0.79 11.76995629561882
0.8 11.826169368539214
0.81 11.881616740233017
0.82 11.936302439880587
0.83 11.990231307047333
0.84 12.0434089385251
0.85 12.095841635145062
0.86 12.147536350703545
0.87 12.19850064145419
0.88 12.248742617114031
0.89 12.29827089303907
0.9 12.347094543824264
0.91 12.39522305841993
0.92 12.44266629681323
0.93 12.489434448456782
0.94 12.535537992352172
0.95 12.580987658971578
0.96 12.625794393914406
0.97 12.669969323410063
0.98 12.713523721566524
0.99 12.756468979443024
1.0 12.798816575858805
1.01 12.840578049963748
1.02 12.881764975497068
1.03 12.922388936733535
1.04 12.962461506044356
1.05 13.001994223047625
1.06 13.040998575284181
1.07 13.079132218959781
1.08 13.112052585420273
1.09 13.14200693566677
1.1 13.17183910613121
1.11 13.202738373197628
1.12 13.23356630694719
1.13 13.260335329137765
1.14 13.286339811924456
1.15 13.313692933764123
1.16 13.342972704179369
1.17 13.374009791154924
1.18 13.406362452823227
1.19 13.439556225388564
1.2 13.473186251574473
1.21 13.50694508694607
1.22 13.540616178547298
1.23 13.57405561984308
1.24 13.607173558306059
1.25 13.639918020169052
1.26 13.672262352650435
1.27 13.704196137171675
1.28 13.735719091126372
1.29 13.76683694792344
1.3 13.797558834954195
1.31 13.827895525752888
1.32 13.857858402581918
1.33 13.887458852658098
1.34 13.916708006353304
1.35 13.945616619329616
1.36 13.974195065682837
1.37 14.002453347929588
1.38 14.030401112689136
1.39 14.058047649177
1.4 14.085401899495182
1.41 14.112472469522446
1.42 14.13926764467298
1.43 14.165795405716738
1.44 14.192063447112021
1.45 14.218079189108886
1.46 14.24384978611701
1.47 14.26938213397447
1.48 14.294682877870141
1.49 14.319758419557136
1.5 14.344614925394664
1.51 14.369258335157987
1.52 14.393694370320432
1.53 14.417928541372824
1.54 14.441966155048673
1.55 14.465812321490695
1.56 14.489471961045552
1.57 14.514759926651912
1.58 14.546353509027043
1.59 14.580159315809885
1.6 14.618749695778488
1.61 14.658069538058834
1.62 14.694332781095437
1.63 14.72641391342464
1.64 14.754575628570825
1.65 14.779604063484248
1.66 14.80236068110961
1.67 14.823588340579391
1.68 14.843855473067608
1.69 14.863561663195933
1.7 14.882969633758922
1.71 14.902240481121066
1.72 14.921465509593926
1.73 14.940690739071277
1.74 14.959935185528577
1.75 14.979202900380061
1.76 14.998490637974733
1.77 15.017791894925285
1.78 15.037098340940675
1.79 15.056402983931498
1.8 15.075700072477387
1.81 15.09498432585006
1.82 15.11425094244956
1.83 15.133495653540987
1.84 15.152714698906856
1.85 15.171904758737583
1.86 15.19106286014115
1.87 15.210186316490484
1.88 15.229272679756495
1.89 15.248319718036829
1.9 15.26732539513459
1.91 15.286287857522245
1.92 15.305205414718555
1.93 15.3240765240858
1.94 15.342899776883932
1.95 15.361673889470218
1.96 15.380397694837077
1.97 15.399070136520482
1.98 15.417690261868747
1.99 15.436257215210198
2.0 15.454770230614931
