0.0 1.7343558371914263
0.01 2.1612139715666006
0.02 3.0616356498000976
0.03 4.033601866869556
0.04 4.937059747407061
0.05 5.729420837655711
0.06 6.412450141768102
0.07 6.996802687579671
0.08 7.507235493820248
0.09 7.958967337403054
0.1 8.366537238360161
0.11 8.743075493939928
0.12 9.09992621981057
0.13 9.445589585279585
0.14 9.786187583604125
0.15 10.125528277933064
0.16 10.465737162497327
0.17 10.807567534182338
0.18 11.150857545342348
0.19 11.494772820689473
0.2 11.838143426680272
0.21 12.179631562336564
0.22 12.517876509284097
0.23 12.851579531261441
0.24 13.179566260346125
0.25 13.500818614056502
0.26 13.814489535257938
0.27 14.11990429914923
0.28 14.41655233977845
0.29 14.704074682094165
0.3 14.982247497065186
0.31 15.250965846239053
0.32 15.510228543883699
0.33 15.760115628626401
0.34 16.000764131777476
0.35 16.23239492051651
0.36 16.455281889867226
0.37 16.669725868998167
0.38 16.893058056711254
0.39 17.13009025101737
0.4 17.361131478248566
0.41 17.576674949204833
0.42 17.774627460856046
0.43 17.956760075077305
0.44 18.12620703664439
0.45 18.286052679881397
0.46 18.438720091298332
0.47 18.58585071181721
0.48 18.750883718786536
0.49 18.9389917319713
0.5 19.123801701271066
0.51 19.292547162127843
0.52 19.442700134043807
0.53 19.57707760538457
0.54 19.700197079183745
0.55 19.81620672635678
0.56 19.933923358483565
0.57 20.0902109276003
0.58 20.25965866300006
0.59 20.41755077610943
0.6 20.55499229834049
0.61 20.673131162960303
0.62 20.777374596986217
0.63 20.87353300777365
0.64 20.966544009994024
0.65 21.098600917260818
0.66 21.259707427900192
0.67 21.413930573197213
0.68 21.54567804988764
0.69 21.65421761036893
0.7 21.745922987811024
0.71 21.828439055287568
0.72 21.907623505497988
0.73 22.00975152117443
0.74 22.163379088439083
0.75 22.32132176909948
0.76 22.4564834594638
0.77 22.563328779705607
0.78 22.648397919731206
0.79 22.721595226924848
0.8 22.79102009653424
0.81 22.863720496629487
0.82 22.995573967332792
0.83 23.159337021649787
0.84 23.307915227306133
0.85 23.423558377542378
0.86 23.509414862144478
0.87 23.577325084980306
0.88 23.6388438548029
0.89 23.70117562656918
0.9 23.78239673138393
0.91 23.935286519394378
0.92 24.10219340622637
0.93 24.239778557186384
0.94 24.338038541983277
0.95 24.407119753477875
0.96 24.46271823550607
0.97 24.516945351835094
0.98 24.575479098958535
0.99 24.66332281625719
1.0 24.827455525834555
1.01 24.996879612818443
1.02 25.127500347937623
1.03 25.213526264001093
1.04 25.270410318957875
1.05 25.317246140839266
1.06 25.36672241612968
1.07 25.42313844991438
1.08 25.508290325118644
1.09 25.677591645858193
1.1 25.852881972924465
1.11 25.983178500346366
1.12 26.062898246342453
1.13 26.11150681811886
1.14 26.15175538585875
1.15 26.197613177620063
1.16 26.25252614214947
1.17 26.329932565243865
1.18 26.49987255289396
1.19 26.6829372013443
1.2 26.81669727369831
1.21 26.8927553797437
1.22 26.934054810785916
1.23 26.967812115745712
1.24 27.010072106502985
1.25 27.063688338956524
1.26 27.12754897002398
1.27 27.283141457846547
1.28 27.47629322028144
1.29 27.62322444094796
1.3 27.70381168958329
1.31 27.741253896677353
1.32 27.768445573848187
1.33 27.805981737999396
1.34 27.857725145613028
1.35 27.917433084507497
1.36 28.032845371051483
1.37 28.23060059888246
1.38 28.400736945343386
1.39 28.49782584904016
1.4 28.537630773963617
1.41 28.558652438088473
1.42 28.58956370962788
1.43 28.63823633074524
1.44 28.697888710314942
1.45 28.772831602764853
1.46 28.95498981782427
1.47 29.150247547780737
1.48 29.275455633499053
1.49 29.326599076251746
1.5 29.343803823968898
1.51 29.3664046211191
1.52 29.410151915521965
1.53 29.469569387935593
1.54 29.531832901655957
1.55 29.647378639036866
1.56 29.854301633942164
1.57 30.024954122573533
1.58 30.10882335919442
1.59 30.131717733307497
1.6 30.143878765146507
1.61 30.17689378526599
1.62 30.232885713882784
1.63 30.297530892521014
1.64 30.357337853953673
1.65 30.50428623241872
1.66 30.715358728215847
1.67 30.864409958193633
1.68 30.92196335666327
1.69 30.93116114044433
1.7 30.945592635997606
1.71 30.988758779215008
1.72 31.052646563421053
1.73 31.11818246709483
1.74 31.173566084752675
1.75 31.219031321210686
1.76 31.261099355602635
1.77 31.305161958792777
1.78 31.352298538511594
1.79 31.40056506247187
1.8 31.44778238149027
1.81 31.49318312179812
1.82 31.537296069325617
1.83 31.580969380371094
1.84 31.624623001774445
1.85 31.668153637173535
1.86 31.71125661503394
1.87 31.753741196717723
1.88 31.795616578924893
1.89 31.8369935288224
1.9 31.87795845342776
1.91 31.91852399063109
1.92 31.958656478557675
1.93 31.998324535521242
1.94 32.037523363140615
1.95 32.07626822925927
1.96 32.11457629665312
1.97 32.15245567583823
1.98 32.18990647139513
1.99 32.22692746505785
2.0 32.2635208110988
