0.0 1.7343558371914263
0.01 2.286217757036789
0.02 3.4324726871361557
0.03 4.809631715501588
0.04 6.253893997201921
0.05 7.687270604818518
0.06 9.071785966875911
0.07 10.386015359835428
0.08 11.616579429320268
0.09 12.769560639654385
0.1 13.834845643192784
0.11 14.833790970361271
0.12 15.771251911484212
0.13 16.645841319433536
0.14 17.49411185051344
0.15 18.29459740284191
0.16 19.072660720451516
0.17 19.819816838262348
0.18 20.539041109390347
0.19 21.233608077242092
0.2 21.900517178391397
0.21 22.54280558216995
0.22 23.163884411550036
0.23 23.75711627230275
0.24 24.339914111937546
0.25 24.89146654067854
0.26 25.442962242101935
0.27 25.959989692317
0.28 26.484217460621593
0.29 26.97272943420303
0.3 27.47297649817099
0.31 27.93790477720343
0.32 28.413444084425016
0.33 28.853640796703413
0.34 29.30010308240732
0.35 29.71072452532543
0.36 30.12641251016272
0.37 30.44963410800241
0.38 30.670506940237452
0.39 30.843657763136015
0.4 31.02247962369912
0.41 31.222538590977088
0.42 31.428494493922216
0.43 31.62066893229237
0.44 31.79288482135445
0.45 31.95177907508627
0.46 32.1062397028928
0.47 32.25968336916191
0.48 32.410161475478944
0.49 32.554779740308526
0.5 32.69287618418916
0.51 32.825840024437994
0.52 32.95521737560054
0.53 33.081508116673014
0.54 33.20440576680615
0.55 33.32362687673564
0.56 33.43932097114761
0.57 33.55187588781319
0.58 33.66157117873839
0.59 33.76847442534436
0.6 33.87257172790837
0.61 33.97390369019976
0.62 34.07257424349117
0.63 34.168683015117296
0.64 34.26228507394338
0.65 34.353408026311136
0.66 34.442084770280964
0.67 34.52836261895486
0.68 34.61229136424791
0.69 34.69391352452104
0.7 34.77326703741805
0.71 34.85039249476662
0.72 34.9253354596464
0.73 34.99814387146848
0.74 35.068865802163415
0.75 35.13754991608699
0.76 35.2042467752283
0.77 35.2690089363839
0.78 35.33189004604362
0.79 35.3929441684997
0.8 35.452225726644684
0.81 35.50978953069076
0.82 35.56569051010856
0.83 35.619983310287125
0.84 35.672722023159
0.85 35.72396005745225
0.86 35.77375000736927
0.87 35.82214347327805
0.88 35.86919089782706
0.89 35.914941461162
0.9 35.95944301095122
0.91 36.00274199529016
0.92 36.04488340225099
0.93 36.08591072180249
0.94 36.12586592919706
0.95 36.1647894793153
0.96 36.20272030793352
0.97 36.23969584235119
0.98 36.27575202223691
0.99 36.310923327682886
1.0 36.34524281154615
1.01 36.37874213574486
1.02 36.41145161165833
1.03 36.4434002434079
1.04 36.47461577267875
1.05 36.50512472464481
1.06 36.53495245470351
1.07 36.564123195477386
1.08 36.59266010360176
1.09 36.62058530595637
1.1 36.64791994510925
1.11 36.67468422380265
1.12 36.70089744827303
1.13 36.72657807023133
1.14 36.75174372744459
1.15 36.77641128287097
1.16 36.80059686226319
1.17 36.824315890222856
1.18 36.84758312472004
1.19 36.87041269006975
1.2 36.89281810838324
1.21 36.914812329535145
1.22 36.936407759672726
1.23 36.95761628831098
1.24 36.97844931406655
1.25 36.99891776907368
1.26 37.019032142133945
1.27 37.03880250065828
1.28 37.05823851145082
1.29 37.07734946038609
1.3 37.09632275969844
1.31 37.115579985562086
1.32 37.134612053657335
1.33 37.15311034544251
1.34 37.171355838679126
1.35 37.1894680135982
1.36 37.20728958550754
1.37 37.22478398394667
1.38 37.24204161032736
1.39 37.25907425858385
1.4 37.275841290714816
1.41 37.292350759673475
1.42 37.308629510165076
1.43 37.3246764442394
1.44 37.340486049729094
1.45 37.35606786631807
1.46 37.37143064193281
1.47 37.38657557019204
1.48 37.401505767029235
1.49 37.41622763704679
1.5 37.430745718516576
1.51 37.445063182337734
1.52 37.45918432874565
1.53 37.47311370590909
1.54 37.48685506271027
1.55 37.500412073280366
1.56 37.51378867157652
1.57 37.52698858990553
1.58 37.5400153237275
1.59 37.55287237865371
1.6 37.56556321587831
1.61 37.578091147005345
1.62 37.59045939875151
1.63 37.60267114850504
1.64 37.614729483443334
1.65 37.626637400377284
1.66 37.63839783024353
1.67 37.650013633302216
1.68 37.66148759246327
1.69 37.67282242194601
1.7 37.68402084343629
1.71 37.695087943709865
1.72 37.7060270811603
1.73 37.71683854947486
1.74 37.72752476840943
1.75 37.73808873243834
1.76 37.74853189014366
1.77 37.75885598409771
1.78 37.769063360535526
1.79 37.77915594366142
1.8 37.789135510544675
1.81 37.799004080990535
1.82 37.808763583814674
1.83 37.818415817169765
1.84 37.8279626253601
1.85 37.837405833887125
1.86 37.84674718798602
1.87 37.85598841552729
1.88 37.86513122462175
1.89 37.874177273771274
1.9 37.88312818807407
1.91 37.891985566569744
1.92 37.9007509708172
1.93 37.909425928318825
1.94 37.91801193747519
1.95 37.92651046436083
1.96 37.93492294329341
1.97 37.94325077948414
1.98 37.95149534863343
1.99 37.95965799720032
2.0 37.967740043894906
