0.0 1.7343558371914263
0.01 2.400984966270721
0.02 3.8641635834261674
0.03 5.749504967325337
0.04 7.83704930480661
0.05 9.970380894847183
0.06 12.02824708127161
0.07 13.936871522212655
0.08 15.675365596781251
0.09 17.258648693351137
0.1 18.713544561663845
0.11 20.066932473457634
0.12 21.338033882243042
0.13 22.538982239229096
0.14 23.67575086635174
0.15 24.75097555383787
0.16 25.766096013513973
0.17 26.72188426261611
0.18 27.62050187346756
0.19 28.4658575857848
0.2 29.252413278794606
0.21 29.860442516534075
0.22 30.289231356947553
0.23 30.64409389470102
0.24 31.014653480936207
0.25 31.413161990512123
0.26 31.79960045736189
0.27 32.13928205490461
0.28 32.43184557646461
0.29 32.69804274377195
0.3 32.95326393148214
0.31 33.19754420265396
0.32 33.42450298714896
0.33 33.63249444579047
0.34 33.82589725437804
0.35 34.009421903691894
0.36 34.18437626071328
0.37 34.350044766200284
0.38 34.5064905843093
0.39 34.65507363127634
0.4 34.79711547225228
0.41 34.933081180654376
0.42 35.0630285656627
0.43 35.18724452366646
0.44 35.306228271896465
0.45 35.42034899526853
0.46 35.52976836434258
0.47 35.634620854870455
0.48 35.73511280887734
0.49 35.83145560092304
0.5 35.92380480746152
0.51 36.01229083033716
0.52 36.09706125157537
0.53 36.178273294673765
0.54 36.256071753665594
0.55 36.3305917321325
0.56 36.40197120083373
0.57 36.47035036937476
0.58 36.535864632005485
0.59 36.59864424244398
0.6 36.65881754014498
0.61 36.71651053702315
0.62 36.771844675127774
0.63 36.824936666919555
0.64 36.87589929016299
0.65 36.924841087332844
0.66 36.971939202514136
0.67 37.018216445691884
0.68 37.06347059014706
0.69 37.10662204705774
0.7 37.14798509877933
0.71 37.18816374412545
0.72 37.22700296884614
0.73 37.264333091988654
0.74 37.30037806830802
0.75 37.33528523310551
0.76 37.369011930212764
0.77 37.4015952323429
0.78 37.43314460454574
0.79 37.46370426166665
0.8 37.49329509352174
0.81 37.52197362587826
0.82 37.54979249132687
0.83 37.576783000538626
0.84 37.60298154259099
0.85 37.62842944229242
0.86 37.65315969085289
0.87 37.67720228176424
0.88 37.700589092647064
0.89 37.723349380967655
0.9 37.74551327496697
0.91 37.76711012754857
0.92 37.78816054402668
0.93 37.80868601348599
0.94 37.82870986289881
0.95 37.848251332668355
0.96 37.867328549654545
0.97 37.88596027097382
0.98 37.90416363887425
0.99 37.921954609306454
1.0 37.939348927414486
1.01 37.956361437366155
1.02 37.97300607647746
1.03 37.989296305516376
1.04 38.00524492762215
1.05 38.02086406108363
1.06 38.03616531856791
1.07 38.05115977540428
1.08 38.06585796640985
1.09 38.08026996736214
1.1 38.09440540064464
1.11 38.10827344806584
1.12 38.12188289260873
1.13 38.135242133493904
1.14 38.14835920266019
1.15 38.161241790959295
1.16 38.173897263419065
1.17 38.186332675577816
1.18 38.198554791837154
1.19 38.210570099472
1.2 38.22238482284135
1.21 38.23400493758923
1.22 38.24543618274262
1.23 38.256684072774085
1.24 38.267753908998024
1.25 38.278650789917634
1.26 38.28937962129031
1.27 38.29994512553283
1.28 38.31035185047594
1.29 38.32060417777666
1.3 38.330706330768194
1.31 38.340662381858834
1.32 38.3504762595808
1.33 38.36015175519732
1.34 38.369692528956605
1.35 38.379102116028605
1.36 38.3883839320942
1.37 38.39754127864518
1.38 38.4065773480089
1.39 38.41549522809722
1.4 38.424297906912145
1.41 38.432988276820346
1.42 38.44156913860322
1.43 38.4500432053022
1.44 38.45841310587187
1.45 38.466681388647096
1.46 38.47485052463807
1.47 38.48292291066599
1.48 38.490900872342074
1.49 38.49878666690347
1.5 38.5065824859149
1.51 38.514290457838875
1.52 38.52191265048653
1.53 38.52945107335331
1.54 38.53690767984635
1.55 38.54428436941036
1.56 38.55158298955485
1.57 38.55880533779243
1.58 38.56595316348811
1.59 38.5730281696284
1.6 38.58003201451164
1.61 38.58696631336519
1.62 38.59383263989316
1.63 38.60063252775721
1.64 38.607367471996135
1.65 38.614038930383856
1.66 38.620648324733295
1.67 38.62719704214452
1.68 38.63368643620414
1.69 38.64011782813395
1.7 38.64649250789543
1.71 38.65281173525044
1.72 38.659076740778936
1.73 38.66528872685866
1.74 38.67144886860683
1.75 38.67755831478499
1.76 38.683618188672135
1.77 38.68962958890218
1.78 38.69559359027351
1.79 38.70151124452714
1.8 38.707383581097396
1.81 38.71321160783621
1.82 38.7189963117108
1.83 38.72473865947903
1.84 38.730439598338094
1.85 38.73610005655582
1.86 38.74172094407556
1.87 38.747303153105776
1.88 38.75284755868633
1.89 38.75835501923961
1.9 38.763826377101616
1.91 38.76926245903829
1.92 38.7746640767441
1.93 38.78003202732648
1.94 38.78536709377631
1.95 38.79067004542181
1.96 38.79594163837295
1.97 38.80118261594964
1.98 38.806393709100334
1.99 38.8115756368081
2.0 38.816729106485084
