0.0 0.0 0.0 0.0
0.01 -4.466284595336629E-4 -0.001802360163075889 -0.6346331121526205
0.02 -4.280847993030345E-4 -0.010023878268810904 -2.034637545657617
0.03 -1.970497977822412E-4 0.11570491158892082 -3.7035853357939743
0.04 -1.2402473799186296E-4 0.42183523958718894 -5.4116637969158745
0.05 -1.4978301145664668E-4 0.8708834615941328 -7.0517438474386225
0.06 -2.037744079101111E-4 1.4043114381470545 -8.551609942210064
0.07 -2.1013220144031918E-4 1.9639831324971482 -9.875656940392535
0.08 -1.6359220142308603E-4 2.5153967105806174 -11.030059098999615
0.09 -1.0936409264590084E-4 3.0383723414641466 -12.045030496896729
0.1 -7.92508661723067E-5 3.5172353111876618 -12.951619811305378
0.11 -6.678965869502825E-5 3.9458981694030797 -13.77145943314455
0.12 -5.239942621483133E-5 4.326152042824766 -14.516617018735452
0.13 -3.394948262489244E-5 4.662925873833316 -15.193393268747378
0.14 -2.099686439779314E-5 4.961521629256843 -15.806115832780343
0.15 -1.4347160610047443E-5 5.226582516128488 -16.359339499315276
0.16 -8.1213803082608E-6 5.461885868035878 -16.858491305498134
0.17 -1.922058805877745E-6 5.6705012689522505 -17.309547228471175
0.18 1.9950839368936235E-6 5.854912636292035 -17.718420354438795
0.19 4.714451291747846E-6 6.017255336393887 -18.09048016886287
0.2 7.32818140279739E-6 6.159653650142843 -18.430243992257836
0.21 9.160180836881704E-6 6.284183322945864 -18.74136670238885
0.22 1.0381562744042821E-5 6.392785982220126 -19.026848734268803
0.23 1.1468835137759928E-5 6.487224285398817 -19.2892608973005
0.24 1.213108312526435E-5 6.569077464403257 -19.530886718156168
0.25 1.2457938839236346E-5 6.6397573825454685 -19.753783036772546
0.26 1.2683907857511936E-5 6.700528532618883 -19.959798605454644
0.27 1.2650101632445543E-5 6.75252464249553 -20.15058394988727
0.28 1.2430552491240579E-5 6.796761136852112 -20.32760669698352
0.29 1.2162662454338435E-5 6.834145283950875 -20.492172091545434
0.3 1.1760121841479976E-5 6.865485550357299 -20.645443996910878
0.31 1.126839255188875E-5 6.891500758823838 -20.788462988447826
0.32 1.076657416967413E-5 6.912828933565336 -20.922160940410187
0.33 1.0212025273850393E-5 6.930035590522316 -21.047372975754897
0.34 9.625628386722573E-6 6.943621326801484 -21.164847810639962
0.35 9.053670244086861E-6 6.954028714132761 -21.275257041833655
0.36 8.477356718966845E-6 6.961648552282426 -21.379203529734767
0.37 7.901525038076781E-6 6.966825543024072 -21.477228884424814
0.38 7.35402305905502E-6 6.969863424308272 -21.569820094342372
0.39 6.826285802837514E-6 6.971029596770563 -21.657415387958697
0.4 6.315463198699148E-6 6.970559274842287 -21.74040943610231
0.41 5.838204141999141E-6 6.968659199685604 -21.81915798593945
0.42 5.389816622393121E-6 6.965510952330661 -21.89398199488283
0.43 4.964957685734856E-6 6.961273904698338 -21.96517131807134
0.44 4.57293168998314E-6 6.9560878437023135 -22.032987996979806
0.45 4.2107491490151565E-6 6.950075300943212 -22.097669192596868
0.46 3.872741517526414E-6 6.943343618069626 -22.159429802555668
0.47 3.5636630517192777E-6 6.935986775653568 -22.218464797218328
0.48 3.2814216668823145E-6 6.928087010959189 -22.274951305176906
0.49 3.020851158581342E-6 6.919716247654208 -22.329050475010696
0.5 2.7841316251425065E-6 6.910937358313333 -22.3809091373737
0.51 2.5696837705147592E-6 6.901805278399991 -22.43066128881717
0.52 2.3731708303610104E-6 6.892367988474675 -22.478429416426593
0.53 2.1954086085372934E-6 6.882667379648574 -22.524325680400892
0.54 2.035176233777126E-6 6.872740015641192 -22.568452969775915
0.55 1.8890123048325436E-6 6.862617803329854 -22.61090584482826
0.56 1.7570761320458299E-6 6.852328582385169 -22.65177137832159
0.57 1.6384311869967063E-6 6.841896643369488 -22.69112990641056
0.58 1.5304073464359996E-6 6.831343182610048 -22.729055698827636
0.59 1.4328977496674476E-6 6.820686701229889 -22.76561755700218
0.6 1.3451975876507757E-6 6.8099433548581345 -22.80087934780253
0.61 1.2652979493754491E-6 6.799127259789543 -22.834900479753557
0.62 1.1930229977461748E-6 6.788250760714682 -22.86773632789111
0.63 1.1278534191375657E-6 6.777324664544757 -22.899438612744362
0.64 1.0683057879891764E-6 6.76635844433433 -22.930055738345494
0.65 1.0142230189423418E-6 6.755360416859851 -22.959633093684975
0.66 9.65228758014621E-7 6.744337897001465 -22.988213321554667
0.67 9.202430636885021E-7 6.733297331717353 -23.0158365583097
0.68 8.791571386471562E-7 6.722244416095521 -23.042540647734516
0.69 8.4170025553025E-7 6.711184193682342 -23.068361331864807
0.7 8.070946172009101E-7 6.700121143042118 -23.093332421317672
0.71 7.752812255288238E-7 6.689059252287549 -23.117485947436048
0.72 7.46064213291035E-7 6.678002083122173 -23.140852298307962
0.73 7.188879144138768E-7 6.666952825761989 -23.163460340503192
0.74 6.937332702638401E-7 6.655914345950507 -23.18533752818673
0.75 6.704554746997301E-7 6.644889225140304 -23.206510001084332
0.76 6.486600260502035E-7 6.633879794785912 -23.227002672616308
0.77 6.283551408470319E-7 6.622888165585422 -23.246839309372653
0.78 6.094297640002522E-7 6.611916252401656 -23.266042602970693
0.79 5.916053071351937E-7 6.60096579550347 -23.284634235211595
0.8 5.749057278498192E-7 6.590038378687474 -23.302634937349783
0.81 5.592418978300789E-7 6.579135444763786 -23.32006454418866
0.82 5.444181988105852E-7 6.568258308825008 -23.336942043625
0.83 5.30465361836222E-7 6.5574081696587 -23.35328562219102
0.84 5.17308638754788E-7 6.546586119610737 -23.36911270706796
0.85 5.048117209349518E-7 6.535793153160654 -23.384440004983073
0.86 4.930058746389278E-7 6.525030174430306 -23.399283538348346
0.87 4.818263002702568E-7 6.514298003810467 -23.413658678948003
0.88 4.711791122320653E-7 6.503597383859535 -23.427580179439417
0.89 4.6109223614245407E-7 6.492928984602116 -23.441062202896475
0.9 4.5150848298776096E-7 6.482293408331714 -23.454118350589383
0.91 4.4236433223922094E-7 6.47169119400229 -23.46676168816919
0.92 4.336823217556669E-7 6.461122821277925 -23.47900477040032
0.93 4.2541180380521543E-7 6.450588714294646 -23.49085966456441
0.94 4.1751095794854573E-7 6.440089245177717 -23.502337972641055
0.95 4.099961776494897E-7 6.429624737348874 -23.51345085235768
0.96 4.0282297487324766E-7 6.419195468649022 -23.524209037186754
0.97 3.959649187868725E-7 6.408801674296839 -23.534622855360183
0.98 3.894323602819611E-7 6.398443549698783 -23.544702247960924
0.99 3.8318685870732663E-7 6.388121253121639 -23.554456786145817
1.0 3.772127148780765E-7 6.377834908236522 -23.56389568754699
1.01 1.6968245932337707E-6 6.372600186052836 -23.551147517419444
1.02 1.9804393439887443E-6 6.371447238537122 -23.52397547397107
1.03 -2.7132821856404017E-7 6.371650144974488 -23.502154758270642
1.04 -1.0695904024686985E-6 6.37340000052 -23.485433645859995
1.05 -8.984460158240151E-7 6.3769374859757875 -23.468902685484707
1.06 -8.493447525548538E-7 6.381838044340519 -23.452268698548835
1.07 -8.192392324449553E-7 6.387715330991114 -23.436535536434718
1.08 -8.097296324084503E-7 6.394402838916548 -23.4215829502441
1.09 -7.879252881028465E-7 6.401788227464188 -23.406920925916854
1.1 -7.152349875055384E-7 6.409742159926417 -23.392365290345147
1.11 -6.616462627239261E-7 6.418153276212294 -23.377878439053983
1.12 -6.268779128891267E-7 6.426940969282967 -23.363379619836355
1.13 -5.718660740562908E-7 6.436043060102406 -23.3487677280676
1.14 -5.26293068676075E-7 6.44540716036429 -23.333968100247155
1.15 -4.943203791858657E-7 6.454990069448861 -23.318927546389432
1.16 -4.5197174020163106E-7 6.4647574473517295 -23.30359873856689
1.17 -4.196649740068619E-7 6.474681827492887 -23.287937940087332
1.18 -3.9606390996663856E-7 6.484740936336991 -23.271906883485705
1.19 -3.647773690074895E-7 6.494916657558761 -23.255472242302552
1.2 -3.423638915960302E-7 6.505194356138453 -23.238603842611383
1.21 -3.250196755040335E-7 6.5155621905484224 -23.22127368692545
1.22 -3.0196667720306086E-7 6.52601055536546 -23.203455500405216
1.23 -2.859415715340469E-7 6.536531628860885 -23.185124325715883
1.24 -2.723858005053233E-7 6.547119034196768 -23.166256067101926
1.25 -2.5459964133603865E-7 6.557767552858941 -23.146827120322765
1.26 -2.42063200416509E-7 6.568472894561886 -23.126814086749846
1.27 -2.303726055831363E-7 6.579231507776157 -23.10619353934145
1.28 -2.1550345385994662E-7 6.590040428887789 -23.084941814796657
1.29 -2.0436255871636258E-7 6.6008971585342735 -23.06303483160079
1.3 -1.9311336424295776E-7 6.611799561092376 -23.040447930934384
1.31 -1.7940713402024003E-7 6.622745782149423 -23.01715573497849
1.32 -1.6819455027537522E-7 6.633734180896951 -22.993132017123116
1.33 -1.5632519064154894E-7 6.644763274364223 -22.96834958052777
1.34 -1.4245831059255842E-7 6.655831691126821 -22.942780142532413
1.35 -1.3009877864033255E-7 6.6669381325840575 -22.916394222377228
1.36 -1.1675613240020104E-7 6.678081340262452 -22.889161030229097
1.37 -1.0166674370989958E-7 6.689260067928018 -22.861048355582263
1.38 -8.728848105673605E-8 6.700473057439993 -22.832022453427665
1.39 -7.170008363280029E-8 6.71171901756167 -22.80204792675045
1.4 -5.444766323093433E-8 6.722996605027788 -22.77108760400697
1.41 -3.723993701578919E-8 6.734304407317531 -22.739102410239777
1.42 -1.8614184716271987E-8 6.7456409266850414 -22.70605123060411
1.43 1.7339244510183329E-9 6.7570045650727195 -22.671890765031485
1.44 2.2630759062927863E-8 6.768393609587129 -22.636575372716244
1.45 4.5188198474422966E-8 6.779806218292201 -22.600056905102306
1.46 6.96545912731809E-8 6.791240406100215 -22.562284525942246
1.47 9.524288072382043E-8 6.80269403057649 -22.52320451688182
1.48 1.2280951666934567E-7 6.814164777514463 -22.482760066931423
1.49 1.5260145102706334E-7 6.825650146153691 -22.440891044007746
1.5 1.841193764619482E-7 6.83714743393238 -22.397533746534485
1.51 2.1804563699090326E-7 6.848653720696319 -22.352620632898077
1.52 2.546596542060862E-7 6.860165852296483 -22.306080026288953
1.53 2.936884269895153E-7 6.871680423525369 -22.257835792156115
1.54 3.357096397691966E-7 6.883193760368044 -22.207806985182568
1.55 3.8106040877470364E-7 6.894701901561497 -22.155907462287566
1.56 4.2966146347552897E-7 6.906200579476938 -22.102045457703618
1.57 4.820477312615075E-7 6.917685200376077 -22.046123115662407
1.58 5.386390661622296E-7 6.929150824121649 -21.988035975614565
1.59 5.995413375578543E-7 6.940592143464457 -21.927672404196496
1.6 6.653068203292981E-7 6.95200346308323 -21.864912967349056
1.61 7.364698967470466E-7 6.963378678615705 -21.799629735036724
1.62 8.133357080729436E-7 6.974711255995679 -21.731685509896387
1.63 8.965394733096904E-7 6.98599421150918 -21.66093296984924
1.64 9.867759680669894E-7 6.99722009310257 -21.587213713173227
1.65 1.0845892363542657E-6 7.00838096361975 -21.51035719272997
1.66 1.1907783892474289E-6 7.019468386831463 -21.43017952391093
1.67 1.3062684898702245E-6 7.030473417343906 -21.34648214834592
1.68 1.4319157496772406E-6 7.041386595753011 -21.25905033241448
1.69 1.5687941205178609E-6 7.052197950758206 -21.167651476025526
1.7 1.7181687105065409E-6 7.062897010377917 -21.0720332028565
1.71 1.881331372538137E-6 7.073472824942705 -20.97192119810242
1.72 2.0597956235346125E-6 7.083914005201265 -20.86701675360667
1.73 2.2553436906085107E-6 7.094208779700168 -20.756993972767507
1.74 2.4699082979853663E-6 7.104345076618543 -20.641496578549607
1.75 2.705702536197949E-6 7.114310636516265 -20.52013425688973
1.76 2.965320472573711E-6 7.124093164043089 -20.39247845430077
1.77 3.2516831216238552E-6 7.133680528641143 -20.25805753192489
1.78 3.5681356657134714E-6 7.143061026742757 -20.116351157906983
1.79 3.918593322637071E-6 7.152223721044649 -19.966783794734695
1.8 4.307575279084372E-6 7.161158876248756 -19.808717106847894
1.81 4.74031729206626E-6 7.169858515347784 -19.64144107465642
1.82 5.222977691748619E-6 7.178317126225963 -19.464163551907795
1.83 5.762800801757962E-6 7.186532555112983 -19.27599794114364
1.84 6.3683286923969535E-6 7.194507131187777 -19.07594858277924
1.85 7.049738242140475E-6 7.202249074965785 -18.862893351656616
1.86 7.816486587768163E-6 7.209779878011375 -18.63556126862925
1.87 8.674314635354698E-6 7.2171798000098875 -18.392489412670216
1.88 9.647074090545766E-6 7.224596998244699 -18.131983564958276
1.89 1.0777698247957533E-5 7.232125086540037 -17.85214032417167
1.9 1.2077254406841374E-5 7.239818143836111 -17.550826540048988
1.91 1.357578511692353E-5 7.247740243814931 -17.225585390652597
1.92 1.532775099500654E-5 7.255982137386816 -16.873540573010338
1.93 1.7397178381430385E-5 7.2646655562218 -16.49130162278015
1.94 1.986197383106698E-5 7.2739417009089635 -16.074854492210946
1.95 2.282920799869772E-5 7.283982875411795 -15.619421482027633
1.96 2.6454324325714225E-5 7.29496052972749 -15.119275137407605
1.97 3.3743904918033104E-5 7.3029881829728325 -14.57563202083178
1.98 5.1742427919607376E-5 7.3033272800507945 -13.992816530810405
1.99 0.013283860654592862 7.295533537883628 -13.434034416277093
2.0 0.03701489780489341 7.272568747147304 -13.016570535483591
2.01 0.04956579136957709 7.22244258812507 -12.703775098741527
2.02 0.0554903431595975 7.133949833893979 -12.495044487959873
2.03 0.05966768836949098 7.031755502319605 -12.338765190790074
2.04 0.06143702370447287 6.927971983260576 -12.208410555798874
2.05 0.06158692664134363 6.826704304355289 -12.09366063720481
2.06 0.06078018123213107 6.729373383578633 -11.990031143250285
2.07 0.05941461605373584 6.636407795587225 -11.895215409139912
2.08 0.045313953452417996 6.553257636602652 -11.799888280231116
2.09 0.028039420089167162 6.477660875076047 -11.706044861932057
2.1 0.010535748711720992 6.40634542969056 -11.618562127537764
2.11 -0.0013146158403400695 6.343110361448431 -11.530301196552898
2.12 -0.003573782083281533 6.284621218611434 -11.445447541856815
2.13 -0.003050489163730147 6.230643301772062 -11.364637454292971
2.14 -0.002676236659658254 6.180127625556352 -11.28894627538386
2.15 -0.0018441452650265616 6.132842915321653 -11.218044485017604
2.16 -9.503869769155457E-4 6.088202998707615 -11.152208607098466
2.17 -0.0012153690903624575 6.046378702378547 -11.09056930323785
2.18 -0.0010159637922774448 6.007422863665184 -11.032508767164568
2.19 -0.0012520900837434549 5.971381755991963 -10.977470967017574
2.2 -0.0012296636831002998 5.937173327885397 -10.926563470110047
2.21 -2.4183561974497965E-4 5.905438094127497 -10.878353277238777
2.22 -2.4768563547920353E-4 5.875816984231882 -10.833052020464912
2.23 -3.513901834860958E-6 5.848103591198715 -10.790528113145651
2.24 6.861622534693483E-4 5.8213849539504565 -10.751829798258704
2.25 6.802580152605041E-4 5.797204303775288 -10.714259478824985
2.26 -8.435024295303524E-6 5.774116991789072 -10.679733088898892
2.27 1.5959149514997552E-4 5.752534448546875 -10.64721906366649
2.28 1.6960383877518223E-4 5.732584189994526 -10.616322940784649
2.29 1.892500970390619E-4 5.713541462699318 -10.587863422315898
2.3 5.373341992722556E-4 5.695318506487169 -10.561785203608736
2.31 9.835320223394236E-4 5.678026064443941 -10.537403134340252
2.32 6.026387440951767E-4 5.662138339214678 -10.51438223491035
2.33 0.0011845376091434822 5.647078354174447 -10.492592960531379
2.34 0.00116397560604998 5.632428018391877 -10.473268127231556
2.35 0.0026599524601424217 5.618661011837915 -10.45479672033792
2.36 0.003384442478673565 5.605400901481396 -10.438018824553172
2.37 0.004012713511650737 5.592554544455332 -10.422854777336958
2.38 0.004488585052525251 5.58012885651879 -10.409086193137846
2.39 0.004826079954886857 5.5681443376015665 -10.396515743289616
2.4 0.005048894401179341 5.5566157116886075 -10.38497449760477
2.41 0.005178685547251243 5.54554867260719 -10.374322538689718
2.42 0.0052035150073876536 5.534942843088061 -10.364450587274852
2.43 0.005125234037854342 5.524793633649473 -10.355274590640697
2.44 0.004991535096189992 5.515092904847904 -10.34671484927274
2.45 0.004850031054680114 5.505830375345148 -10.338696261179091
2.46 0.004722290451071755 5.496994056717753 -10.331156234691917
2.47 0.004604678822905073 5.48857019919825 -10.324048039420855
2.48 0.004484717132136948 5.480543672929514 -10.317337673806325
2.49 0.004354107389112399 5.472898537856096 -10.310998061745916
2.5 0.004212001767321406 5.465618734175159 -10.305004710757732
