0.0 0.0 0.0 0.0
0.01 -4.465805157278618E-4 -0.001242217691824976 -0.634178891254848
0.02 -1.4991017601186817E-4 -0.010065633961396259 -2.034541514338123
0.03 7.620595244055594E-5 0.11554207507882097 -3.7037684288859083
0.04 1.1359484041504285E-4 0.42033899833327126 -5.413456483369615
0.05 8.18683825774091E-6 0.8735232356061147 -7.0478459951073305
0.06 -5.4159585866734894E-5 1.4031283577987779 -8.552062974578782
0.07 -3.283068705588926E-5 1.9607633841543688 -9.881805336226485
0.08 4.917571552317267E-6 2.5200937896026545 -11.02244753888634
0.09 1.2591023993692465E-5 3.051671911548887 -12.018931758895292
0.1 3.199552364777679E-6 3.5375054570491926 -12.909947198183318
0.11 4.200305751450353E-6 3.971331664004893 -13.719148752658302
0.12 1.3944204384443462E-5 4.345844002568178 -14.474881191412216
0.13 2.1963475234676383E-5 4.655975326591204 -15.21286823038816
0.14 3.56612709115359E-5 4.9461078628420125 -15.86008340415276
0.15 3.8870196471061444E-5 5.22872957494836 -16.377082841887784
0.16 3.291445836629592E-5 5.480548239225946 -16.82681432869566
0.17 3.4684330764895395E-5 5.699013161129642 -17.24415726828809
0.18 3.749995499020502E-5 5.888199111300864 -17.6384525156043
0.19 3.538292913632513E-5 6.053050971559443 -18.00781608687612
0.2 3.392315008621482E-5 6.197533760659368 -18.349047434809794
0.21 2.400588533469172E-5 6.307740888488155 -18.695485027803194
0.22 2.4078556353395427E-5 6.377697469630789 -19.08722567193025
0.23 5.1444647788935534E-5 6.475460707514813 -19.369453055082126
0.24 3.6087274593743646E-5 6.585109932007114 -19.53323913515282
0.25 2.700044961642856E-5 6.672937562488123 -19.686317383391312
0.26 3.3238588807600424E-5 6.739783518355523 -19.862759891308173
0.27 2.621805272083816E-5 6.793324896588565 -20.05209540924853
0.28 1.426186422327662E-5 6.8273578953416205 -20.2596408649661
0.29 1.052202045369044E-5 6.818457308266588 -20.55539169674639
0.3 4.550550072725712E-5 6.8475312045943255 -20.751416918086363
0.31 2.639977024101586E-5 6.908661230529859 -20.793695279530183
0.32 2.0708363077101755E-5 6.949621062657073 -20.839888153121603
0.33 2.414041926550337E-5 6.971941823460689 -20.936442722322365
0.34 1.4107476006797795E-5 6.986306810616654 -21.060235316455334
0.35 1.602996553942372E-5 6.998428820253693 -21.18182800802627
0.36 1.5702284130184146E-5 7.009096793597919 -21.289996219101276
0.37 1.587050811311341E-5 7.017460075733958 -21.38702324914292
0.38 1.565268475572922E-5 7.023080001109761 -21.47783983828342
0.39 1.414478034195287E-5 7.026205750659379 -21.56481872890268
0.4 1.388035384286472E-5 7.027323186430088 -21.648049564292894
0.41 1.2902102287431293E-5 7.026814663818804 -21.727108532748666
0.42 1.2264894789843446E-5 7.024909926464552 -21.801974072923564
0.43 -1.282107736140408E-5 6.981291328881362 -21.967672905684182
0.44 1.8321437063134704E-5 6.92706807249084 -22.19158865770444
0.45 2.550772055547673E-5 6.9583986805826115 -22.170439996606106
0.46 2.901183575047812E-6 6.945267666269231 -22.194073370761224
0.47 0.0011756996096782674 6.954258774294971 -22.18947653181931
0.48 -1.8199178356181786E-5 6.960441532880395 -22.201794121554997
0.49 7.466011982738151E-4 6.962760448810997 -22.227135116836305
0.5 1.5168277635620387E-4 6.95857181037244 -22.274670139489043
0.51 2.6079532516003494E-4 6.952512808735548 -22.328821308665376
0.52 1.2473148997870498E-4 6.946174392325247 -22.379073275749118
0.53 1.3329898176650976E-4 6.939312451966572 -22.424853661916647
0.54 1.069628862521876E-4 6.931658384875632 -22.46866524042087
0.55 9.17313941086624E-5 6.923319860807297 -22.51153835757429
0.56 7.305842760649403E-5 6.914510182258425 -22.55312951384569
0.57 6.801297867074342E-5 6.905358231779843 -22.593033261191085
0.58 5.330310487888116E-5 6.8959114010349225 -22.631253686093416
0.59 4.478239497853298E-5 6.886201340289645 -22.667973109336856
0.6 4.0636942006083396E-5 6.876267160486286 -22.703324809063837
0.61 3.337294443026981E-5 6.866149139353254 -22.737370736957235
0.62 2.7086399638437907E-5 6.855879730740369 -22.77016003822464
0.63 2.6219364189451004E-5 6.845484245721039 -22.801753480331023
0.64 2.1158232974170706E-5 6.834983826170152 -22.832215011453634
0.65 1.791848636870656E-5 6.8243972111999796 -22.861601703030523
0.66 1.7560448584260823E-5 6.813740738584379 -22.889963583583988
0.67 1.4682698971364459E-5 6.803028373152117 -22.91734666558468
0.68 -1.645918706190019E-5 6.742977998299075 -23.0595051682266
0.69 2.8500161435884932E-5 6.67563261378325 -23.267385024408235
0.7 -6.907606500283082E-6 6.687845489584625 -23.202878548715848
0.71 0.0044029153270966365 6.6697634564946355 -23.203929842289533
0.72 0.002137892467446889 6.6598784334288155 -23.200779934485514
0.73 0.0010603012993784823 6.653379366020104 -23.198620048022622
0.74 -1.8132801614321998E-4 6.64973250591548 -23.193527126036336
0.75 -5.366916762550992E-4 6.646986529051794 -23.190112157402268
0.76 -0.0013152489185991587 6.644239266377099 -23.189838384243277
0.77 7.199857132183622E-4 6.642549228855501 -23.189337400331983
0.78 7.245304723742754E-4 6.642575794678713 -23.186277285469927
0.79 -0.0012137048249779947 6.6414411704637715 -23.18831850839796
0.8 -0.0010890449187163924 6.639443014634388 -23.192387297737056
0.81 -4.063801543224254E-4 6.6346591092406015 -23.20490391304073
0.82 -1.4325406771108782E-4 6.627322154058859 -23.224658050507088
0.83 -3.2110297260485004E-4 6.6193477465403205 -23.244209258224664
0.84 -4.205106315803008E-6 6.611069370350698 -23.261539734156983
0.85 -1.0343270285891583E-4 6.602357898266831 -23.27798259478177
0.86 -6.617800677305903E-5 6.5932683785400314 -23.29411957257993
0.87 -3.923843690841337E-5 6.583927821093539 -23.309647782393654
0.88 -4.412698838121139E-5 6.574402384629195 -23.324404280355125
0.89 -2.8655293525534037E-5 6.564719357272956 -23.338500127842288
0.9 -2.3307751843982534E-5 6.554907997269602 -23.352041280102696
0.91 -1.690012816867866E-5 6.545000040328368 -23.365055995448
0.92 -1.4789512699457154E-5 6.535020605914028 -23.377561824510025
0.93 -1.0442636977878466E-5 6.5249881964324885 -23.389591653215852
0.94 -6.920682029316471E-6 6.514918182251336 -23.401177864946632
0.95 -7.3964837096602625E-6 6.504823808693963 -23.41234463691047
0.96 -4.163427455011164E-6 6.494716015727917 -23.423112165621202
0.97 -2.7699568858721063E-6 6.484603635539145 -23.433499585708738
0.98 -3.615592045409427E-6 6.474493911423011 -23.443524416998358
0.99 -1.3135606456758468E-6 6.464392829727942 -23.45320217893826
1.0 -9.996578186635686E-7 6.454305301074761 -23.462546820971998
1.01 -1.727960162711374E-6 6.4442353254843 -23.47157112991726
1.02 -6.251225714557768E-8 6.434186168694879 -23.480286876557035
1.03 -2.84053828974915E-7 6.424160488787436 -23.48870489344614
1.04 -7.642457203426668E-7 6.414160440277598 -23.496835207101377
1.05 4.4521789964142545E-7 6.4041877652095 -23.50468717066859
1.06 -1.9588795187376686E-8 6.394243861775323 -23.512269534258788
1.07 -2.475369993562116E-7 6.3843298456163 -23.519590515770687
1.08 6.08930822003104E-7 6.3744466021906305 -23.526657871944256
1.09 6.81822954774713E-8 6.364594823451924 -23.533478940282826
1.1 4.560073276853043E-8 6.35477504325025 -23.54006068669051
1.11 6.182113413880425E-7 6.34498766667933 -23.546409747237462
1.12 9.845382398446752E-8 6.335232989885419 -23.552532451502866
1.13 2.1875615548044043E-7 6.325511220773876 -23.55843485459738
1.14 5.639560993407092E-7 6.315822495085918 -23.56412276229206
1.15 1.184949137830303E-7 6.306166887048839 -23.56960174502754
1.16 3.209407696668669E-7 6.2965444217004745 -23.574877160155523
1.17 4.90172463420766E-7 6.286955083452341 -23.579954166976854
1.18 1.434163059335903E-7 6.277398821877803 -23.584837736104497
1.19 3.769844492749983E-7 6.267875559162498 -23.589532665435517
1.2 4.1812520720026985E-7 6.258385194462889 -23.594043589208496
1.21 1.748210243987499E-7 6.248927607179489 -23.598374985080415
1.22 4.0126169756344054E-7 6.239502661503245 -23.6025311858428
1.23 3.576023948569628E-7 6.230110208477782 -23.606516385023006
1.24 -2.7973960000246545E-5 6.137133531703746 -23.808713132205046
1.25 1.560568940760155E-5 6.115329975889999 -23.87848216969184
1.26 2.1375004150299744E-5 6.072624364305007 -23.884285196083063
1.27 -1.6179722609067484E-5 6.067287907538024 -23.859863518232714
1.28 -0.0011775982241435461 6.054348086516384 -23.85062331994587
1.29 -0.0014588930737531077 6.044911476694544 -23.836207424446588
1.3 0.0012559887360061258 6.035982863604815 -23.8249227908538
1.31 -0.001133422520285801 6.028246635379915 -23.815227093592412
1.32 5.877732396435706E-4 6.020381298968118 -23.80840739558804
1.33 3.1476699082717157E-4 6.014399969536427 -23.800160482308293
1.34 5.404039239948737E-4 6.008624624142321 -23.79314184103505
1.35 1.1928448728759789E-5 6.003658432999735 -23.78585687455309
1.36 -2.511914571640175E-4 5.998070975890194 -23.780937405988052
1.37 -2.7196775676851793E-4 5.99342508195889 -23.775104540647153
1.38 9.462193339551103E-4 5.988628555596968 -23.769939655659076
1.39 3.028360034920714E-4 5.984440544720982 -23.764209877378775
1.4 -6.053533304581754E-5 5.980417757650983 -23.758396759565343
1.41 2.8700148503792786E-5 5.975991889587036 -23.753922169000685
1.42 -8.347187493192406E-5 5.972272336562938 -23.74814652375128
1.43 7.058898566906482E-4 5.967757860923726 -23.743922278703344
1.44 -8.033144046156295E-5 5.963864095006684 -23.738527785951614
1.45 4.4565310259365434E-4 5.958771363649888 -23.73592583748403
1.46 7.65878565807891E-4 5.9563265611101315 -23.727809670110155
1.47 0.0010142434246974011 5.950026465012989 -23.727137141794454
1.48 -1.0039779032047194E-6 5.9479805699467505 -23.718516609081867
1.49 -0.0011467932022884003 5.942833472042437 -23.71628757426484
1.5 -4.133423190117223E-4 5.937844553915006 -23.712399452868283
1.51 -0.0020179805735809093 5.933397379140132 -23.707731362617196
1.52 -2.1793271648546606E-4 5.930825446005883 -23.699509110975104
1.53 -4.861197114062119E-4 5.926703965429887 -23.69531958987551
1.54 -4.1605861887232244E-4 5.921733785715162 -23.691499947446935
1.55 -0.002491377764139959 5.9186467575415165 -23.685131071359802
1.56 -0.003652878213224392 5.912869501892757 -23.682121985687253
1.57 -0.0011789685171179648 5.907780240754164 -23.678846036173027
1.58 -0.0023437946704226702 5.902902515525234 -23.675443101467124
1.59 -8.096428910675569E-4 5.9013928972280425 -23.66436307523564
1.6 -2.1340554031220438E-4 5.896325582017525 -23.660994968101996
1.61 -1.8258630947103857E-4 5.890866281588366 -23.658856127738233
1.62 -2.6217640221865956E-4 5.883667024679156 -23.660919778588493
1.63 -2.1371769936406364E-4 5.8764870978821975 -23.661759445857015
1.64 -1.488594777981127E-4 5.869208876167306 -23.66177720407037
1.65 -8.757437808794436E-5 5.861694526183911 -23.661956531993695
1.66 -3.9073648101321975E-5 5.85405737941845 -23.661908336325247
1.67 -4.224729504298661E-5 5.8463365768710105 -23.66155827851943
1.68 -2.9509363501452962E-5 5.838539443597135 -23.661070433781845
1.69 -1.2652362848522482E-5 5.830691382557518 -23.660452993068176
1.7 -2.0190257760557115E-5 5.822811515928208 -23.65969834380698
1.71 -7.022213810094962E-6 5.814910584387 -23.658833799334232
1.72 -2.261212720370333E-6 5.806998194495321 -23.657874286889033
1.73 -1.0204698345947992E-5 5.799082447503622 -23.656825366520447
1.74 8.420576498405259E-7 5.791168918080679 -23.655695413408132
1.75 -1.1643696832682423E-6 5.783262010279756 -23.654491183754836
1.76 -5.339040815387255E-6 5.775365138626526 -23.65321724144373
1.77 3.4493982867938294E-6 5.76748090568929 -23.651877557131577
1.78 -1.7775112850013943E-6 5.759611243105944 -23.650475546958706
1.79 -2.2082827709783346E-6 5.751757630283819 -23.64901390013617
1.8 3.4782219797899584E-6 5.7439211699302035 -23.647494933876526
1.81 -2.388491184745604E-6 5.736102669794953 -23.645920610041394
1.82 -5.886053456553739E-8 5.728302713481234 -23.644292626899514
1.83 2.480398844074868E-6 5.720521723393389 -23.642612485426085
1.84 -2.375595191394308E-6 5.712759978102113 -23.640881499635498
1.85 1.2766687925784077E-6 5.705017660711299 -23.639100869401325
1.86 1.2202977317974596E-6 5.697294878895775 -23.637271693683196
1.87 -1.822142285149917E-6 5.689591673639086 -23.63539496953519
1.88 1.8634391424763736E-6 5.681908046581086 -23.63347164687272
1.89 1.4108648434844384E-7 5.674243963760681 -23.631502613230644
1.9 -9.88745208567355E-7 5.666599360614619 -23.629488702468564
1.91 1.85025966807356E-6 5.6589741584804685 -23.62743072679988
1.92 -5.459473567052962E-7 5.651368260360201 -23.625329454245854
1.93 -1.5015446619016557E-7 5.643781556816002 -23.623185625387084
1.94 1.4504842986603153E-6 5.63621393420496 -23.620999966662943
1.95 -8.038174481830431E-7 5.628665268731048 -23.618773170893164
1.96 4.956695998083971E-7 5.621135433173102 -23.616505917368336
1.97 8.909899499228511E-7 5.613624299253203 -23.614198871361893
1.98 -7.132758800905039E-7 5.606131732997589 -23.61185267264276
1.99 8.562281658284634E-7 5.598657601232482 -23.60946795375956
2.0 3.605881424020141E-7 5.5912017701981895 -23.607045331524297
2.01 -5.075245401777608E-7 5.5872773706866425 -23.596413073179896
2.02 -3.2073599252096303E-9 5.585899620802138 -23.58699903504083
2.03 -1.3792900771120677E-6 5.586216050876132 -23.582305624466017
2.04 -1.2344699847849983E-6 5.588358136361904 -23.57867959544157
2.05 -2.1430775106519026E-7 5.591801623020068 -23.576195780755842
2.06 -1.1472411270282185E-6 5.596166884770902 -23.575016573883772
2.07 -6.336238122768044E-7 5.6012748299559405 -23.574535135554065
2.08 -1.988769013628957E-7 5.606938289770717 -23.574572460126745
2.09 -9.382354847180993E-7 5.61301784839786 -23.575047642027066
2.1 -2.614668710853403E-7 5.619420042140582 -23.575816992999062
2.11 -2.7525967573725565E-7 5.626071316168755 -23.57679266284223
2.12 -7.233956393933504E-7 5.632915007889622 -23.577920693307384
2.13 -8.827150902084297E-8 5.639910297170118 -23.5791506183147
2.14 -3.7491932835235413E-7 5.647026011306778 -23.58044552290545
2.15 -5.272189675905045E-7 5.65423856748653 -23.58177908581564
2.16 -5.50689050500009E-8 5.6615302822239855 -23.583130367941298
2.17 -4.4275975766096405E-7 5.6688878127501 -23.584483219283825
2.18 -3.6705567217877655E-7 5.676301008759744 -23.585825435041293
2.19 -1.0000984471432752E-7 5.683762191074571 -23.58714743288735
2.2 -4.613586112844821E-7 5.691265516636761 -23.588441651478167
2.21 -2.552302849085999E-7 5.698806528747781 -23.58970210460493
2.22 -1.748309693987487E-7 5.70638182241855 -23.590923960101343
2.23 -4.381396856905993E-7 5.713988790258298 -23.592103251121145
2.24 -1.9340289840124501E-7 5.721625431276749 -23.59323667235512
2.25 -2.470997494820245E-7 5.729290207479636 -23.594321414091446
2.26 -3.907330760859254E-7 5.736981935446458 -23.595355037105783
2.27 -1.7371699706946799E-7 5.744699704904988 -23.596335384048903
2.28 -2.996192032068688E-7 5.7524428164340335 -23.597260506789254
2.29 -3.3710515275052537E-7 5.760210734258166 -23.598128613390067
2.3 -1.8302590327262214E-7 5.768003051074793 -23.598938028529886
2.31 -3.2734381513918343E-7 5.775819460052986 -23.599687160685868
2.32 -2.9035206511113345E-7 5.783659734204846 -23.600374478879665
2.33 -2.0738052844076474E-7 5.791523710498545 -23.60099849454759
2.34 -3.3318564715967277E-7 5.799411276991023 -23.6015577456882
2.35 -2.5721262224952055E-7 5.807322363546518 -23.60205078660247
2.36 -2.352481360448319E-7 5.815256934346763 -23.602476178631818
2.37 -3.239143641710563E-7 5.8232149817043535 -23.60283248215593
2.38 -2.389085990199704E-7 5.831196521790922 -23.60311825173452
2.39 -2.5901865950598906E-7 5.839201590807299 -23.603332030705747
2.4 -3.0696339929597394E-7 5.8472302419136355 -23.60347234687235
2.41 -1.0461015323493095E-6 5.853959600993036 -23.60642318447976
2.42 -4.355401346338707E-4 5.857708256114904 -23.61774750758618
2.43 -0.0017864005219631277 5.863211691983096 -23.622584093138514
2.44 -0.0019613517517368026 5.8699573601171195 -23.62389172044365
2.45 -0.0010663560126418687 5.873112930412333 -23.63252286750609
2.46 0.0010650086054984035 5.877585110819062 -23.639148436445364
2.47 6.377026141514377E-4 5.882114017519882 -23.642907777203476
2.48 0.00207105434107666 5.886166616696769 -23.64891591693837
2.49 -3.74053224516782E-4 5.890476741015277 -23.653988825089655
2.5 -2.8508997808799583E-4 5.895846326053196 -23.65635085589352
2.51 -0.0014395447261393362 5.898912350343991 -23.6634795709505
2.52 -4.905759388392789E-4 5.903168322989018 -23.668696960263873
2.53 -0.0012228181613201197 5.907442550985699 -23.67241493598468
2.54 4.528766048555696E-4 5.910975134229837 -23.678107026303902
2.55 -0.0020195830839964 5.914657291047895 -23.683611791752398
2.56 -0.0015631823171524894 5.920038306849946 -23.685519309989225
2.57 1.7427533490054902E-6 5.923800265422273 -23.690703943200383
2.58 -7.070571639491928E-5 5.9276358138234215 -23.694884798138794
2.59 2.587945945969821E-4 5.931416788465086 -23.69976134756204
2.6 1.4094154372185378E-5 5.935117011819855 -23.704464036268718
2.61 4.7965071016037953E-4 5.938467836689831 -23.70979161786824
2.62 -5.01964133401328E-4 5.943449304366183 -23.71199004783601
2.63 -2.1190984858427948E-4 5.9466612070892495 -23.71744584301477
2.64 0.0017065051160667713 5.9504149408800515 -23.721594868521343
2.65 0.001200408188207656 5.954164097847574 -23.725993925523625
2.66 3.781151449845542E-5 5.957288410752426 -23.731174042262758
2.67 -1.924530096237278E-4 5.9613006938007445 -23.734752791962386
2.68 2.1446197512370194E-4 5.964450475738772 -23.73975497252152
2.69 -2.2911759282918985E-4 5.967618864436993 -23.744682231970486
2.7 -6.464047085589326E-4 5.972730360292651 -23.745605277235597
2.71 -4.1579700664697017E-4 5.975014800940983 -23.752093342505347
2.72 5.796110069519265E-4 5.97843078589618 -23.756178866341685
2.73 -0.001123855082198213 5.982586757466478 -23.758623776385726
2.74 -0.0019253404824428344 5.986422586218481 -23.761653815693023
2.75 -1.8213201765191665E-4 5.988396774598485 -23.768101648259176
2.76 -2.502366591985543E-4 5.991867649357928 -23.771783638134416
2.77 5.03709890734042E-4 5.9958660873963225 -23.773970297260405
2.78 -5.92342523524074E-4 5.99867830215922 -23.778645884422097
2.79 -0.0010479423812499405 6.0023602497890565 -23.781326632411435
2.8 -0.0017327806997634561 6.005148831746119 -23.784598493430963
2.81 8.129076522801904E-4 6.00818633335097 -23.789141085295626
2.82 5.727616211066863E-4 6.010499995112575 -23.79414847943108
2.83 -4.4457884145953443E-4 6.0132228654519295 -23.79712687489027
2.84 -0.0012418707125575648 6.017491829384042 -23.7979675897596
2.85 5.564474922272635E-5 6.021442237092536 -23.799094942680718
2.86 -1.9925853042361175E-5 6.02878446022423 -23.790745074124892
2.87 -1.9258378532318866E-4 6.0367192070384235 -23.781233416338395
2.88 -4.411408502508113E-5 6.044692484767012 -23.77372796020341
2.89 -2.3155540734003517E-5 6.053028486074837 -23.76629434674332
2.9 -5.4270996937785804E-5 6.061708421380317 -23.758328226001
2.91 -2.7307745784792322E-5 6.070598687077748 -23.750339493005754
2.92 -2.1630288497543476E-5 6.079659771166845 -23.74241285421533
2.93 -1.8838043022312256E-5 6.088882613952151 -23.73436738312413
2.94 -8.693750621858884E-6 6.098243145947841 -23.726143955848293
2.95 -1.3414704685119272E-5 6.107716426700584 -23.717754211415105
2.96 -7.773542502098039E-6 6.1172876895073784 -23.70918074528518
2.97 -2.4630348760180285E-6 6.1269461798141265 -23.700393662850317
2.98 -8.019090026122318E-6 6.136682291817728 -23.69137389500879
2.99 -2.8633840965547586E-6 6.146488010904932 -23.68210850829201
3.0 -6.105836109411901E-7 6.156357376144797 -23.67258372898459
3.01 -5.028730446889408E-6 6.166285691822289 -23.662785862183842
3.02 -6.504531752847981E-7 6.176269202174204 -23.652702634271424
3.03 -2.1545776505594366E-7 6.1863049147078115 -23.64232265844754
3.04 -3.2839224642956105E-6 6.196390497255415 -23.63163477376188
3.05 2.6412032347535803E-7 6.206524137772703 -23.62062803085886
3.06 -2.556999473660188E-7 6.216704420934654 -23.60929163971253
3.07 1.0930553531803186E-5 6.244785288316699 -23.560225084182818
3.08 2.172039509206576E-6 6.352750635573159 -23.284351579380868
3.09 -1.4456179404676323E-6 6.39666190140381 -23.1823621204364
3.1 -1.61213140962741E-5 6.412024740963631 -23.222249348768628
3.11 -4.743605908694491E-6 6.4319537157842746 -23.240222472883204
3.12 7.52215172338584E-7 6.453745861918442 -23.223913463190218
3.13 -1.0043861753969273E-6 6.472185180818656 -23.210526287340976
3.14 2.7724547479755264E-7 6.488128621145165 -23.20513672426498
3.15 -7.984832502121393E-7 6.503245547990915 -23.198261112005596
3.16 -6.681840904618645E-7 6.517782764027558 -23.187577707192705
3.17 6.900143512877187E-7 6.531547076996844 -23.175432868607395
3.18 -2.8565514562024654E-7 6.544648808327629 -23.162813344132907
3.19 -3.192178089247274E-7 6.5572890932230266 -23.149352007617424
3.2 4.920830497899643E-7 6.569586542987537 -23.13483572514135
3.21 -2.2264376556369467E-7 6.581593819283668 -23.119413464801646
3.22 -0.001683380465622897 6.585117235475579 -23.124008889294835
3.23 -1.1642347476170092E-4 6.589770319511061 -23.126664507304696
3.24 -9.891780972927392E-4 6.593113660076973 -23.12719421390055
3.25 -0.001021303875705433 6.594704250945966 -23.12846467402919
3.26 5.53110772718412E-4 6.59673348745001 -23.127395953235926
3.27 6.760309158858464E-5 6.596257789929069 -23.128627566172092
3.28 -3.884386221661428E-4 6.595600110498289 -23.128269795091263
3.29 3.8579774689688484E-4 6.595093732352979 -23.12638425217817
3.3 9.573441354433071E-5 6.593356074690334 -23.12502327791819
3.31 4.05241745184101E-4 6.591557539775842 -23.12227393257454
3.32 -2.0732525471982795E-4 6.5896267936513055 -23.1186961128463
3.33 -3.349234919721852E-4 6.587635592815282 -23.113671215004064
3.34 -0.0014260093747470407 6.584295444612138 -23.110544929532097
3.35 -0.001547946138057145 6.583469719675243 -23.099643441649427
3.36 4.339545772616116E-4 6.582349636814264 -23.089013155429086
3.37 -6.82417353762104E-4 6.5871914509650225 -23.061039178239675
3.38 5.438374462160203E-5 6.594277470504018 -23.024662368809302
3.39 -2.2736209059706197E-4 6.60179898178221 -22.988996983075882
3.4 -2.348160800254363E-5 6.6098226229830175 -22.954809351333825
3.41 -1.0236109160442151E-4 6.618554626040165 -22.920092505543053
3.42 -4.729475333943513E-5 6.627899738765308 -22.88407287689472
3.43 -5.508556511597618E-5 6.637678913061208 -22.847019180030216
3.44 -3.6535860926172354E-5 6.647786010344177 -22.809161577047604
3.45 -4.001961617422021E-5 6.658176994683991 -22.770421877460407
3.46 -6.241871207263967E-6 6.6963762896826395 -22.669276742147655
3.47 -2.3672168085690474E-5 6.772961117482112 -22.437684055314087
3.48 -2.227304133510771E-5 6.81117639194521 -22.310772245782847
3.49 -2.4030384931816824E-5 6.830354115204727 -22.282268818730195
3.5 -2.0111647465446987E-5 6.849112628697696 -22.268232848373078
3.51 -1.532091047064222E-5 6.869747223692777 -22.234542718173344
3.52 -8.85180635548473E-6 6.889517254290375 -22.18859040550472
3.53 -7.835209301901804E-6 6.907211217812403 -22.141703229619097
3.54 -0.001569853322822445 6.907105541365198 -22.13542196648457
3.55 -2.804072959439398E-4 6.909332295734494 -22.129562183027396
3.56 -4.549128825964298E-5 6.907256003954593 -22.124076284338763
3.57 -7.159472498916216E-4 6.901879410149803 -22.11644938208098
3.58 2.0854364915182146E-4 6.893861306572504 -22.10701929253414
3.59 3.761234628764591E-4 6.887214030033498 -22.08763641557455
3.6 -1.6617026733245168E-4 6.883786628868862 -22.053042201987495
3.61 1.826904288047512E-4 6.887209145066862 -21.991792993616745
3.62 -6.733357276810538E-5 6.893275126186069 -21.916396620183512
3.63 -4.579260170695532E-6 6.899868666746393 -21.83790896377458
3.64 -1.0219439075779658E-5 6.906836335987656 -21.759094106725115
3.65 -3.859013111470909E-5 6.914441426835438 -21.6785205206335
3.66 -5.792389836444462E-4 6.961783854575536 -21.50171437843334
3.67 -5.80256036956466E-5 7.014392761914635 -21.278510127858084
3.68 -5.497705974546238E-4 7.04300684855216 -21.126543074820752
3.69 -1.0896521970640892E-4 7.0599530554436285 -21.03336938040765
3.7 -1.562958793587298E-4 7.075279071925863 -20.955305034681356
3.71 4.382057794547684E-4 7.064306735306545 -20.930312280455098
3.72 -0.0017460650480958773 7.059084367483024 -20.901609790456753
3.73 4.404701385794693E-4 7.045003342512842 -20.87410860265266
3.74 -5.621881488920296E-4 7.041219500969987 -20.805367416771162
3.75 -4.837035072931834E-4 7.045523500689228 -20.693214833281708
3.76 1.5750649933028786E-5 7.052214576711705 -20.55755675329499
3.77 -2.2163461323543624E-4 7.062543264224388 -20.405793828270514
3.78 -1.7441465098227805E-4 7.106019280161874 -20.163633932382528
3.79 -1.0257317748563016E-4 7.129971148207254 -19.94116018287484
3.8 -1.4377748985342417E-4 7.114763068586768 -19.834207924269926
3.81 -1.0753434157205073E-4 7.103296561010318 -19.738375254108426
3.82 -8.87349934564491E-5 7.1025459407489535 -19.60177321605314
3.83 -7.924253338629109E-5 7.1262013453827535 -19.38331263479067
3.84 -6.249849394700341E-5 7.165512955190309 -19.08833232737485
3.85 -7.02273798599399E-5 7.193821251652622 -18.800785275424083
3.86 -7.498298147449938E-5 7.19730516585836 -18.569753206588807
3.87 -5.940557932309077E-5 7.1809693467909455 -18.39741681480621
3.88 -3.845330760380162E-5 7.171699518760029 -18.202427267901133
3.89 -2.852395313242992E-5 7.19143730591891 -17.91092695958158
3.9 -3.051464009755833E-5 7.218386914770079 -17.55699862285365
3.91 -3.454474035670586E-5 7.236698445451722 -17.193209243525313
3.92 -3.81726540087477E-5 7.2341009530795475 -16.862561658712664
3.93 -1.9079788520663618E-5 7.242939881315024 -16.49168938485635
3.94 -3.611146751107507E-6 7.260394868451833 -16.06062709429869
3.95 -6.062426958336589E-6 7.27237664390875 -15.598881995744279
3.96 -1.3391549575355608E-5 7.280100657714755 -15.111001254105325
3.97 6.111871738491515E-7 7.292047192605452 -14.562927542880018
3.98 2.6285714474394253E-5 7.2918094382799055 -13.982984566420704
3.99 0.013579967201520944 7.28571007696965 -13.424661658151376
4.0 0.03597484386580518 7.264852498450402 -13.005148214638236
4.01 0.052487577139406605 7.207438558804554 -12.706166687071825
4.02 0.059051868659679624 7.128433929549182 -12.482485284118003
4.03 0.05167731877190211 7.036495340167114 -12.310516877688087
4.04 0.03813497566017551 6.941438524271739 -12.168143097734749
4.05 0.023447269567301955 6.847509663216243 -12.04452934060809
4.06 0.009457721576086112 6.756416096371034 -11.934378721722272
4.07 0.007996115013020968 6.673975923857206 -11.826006005234543
4.08 0.011902797443962153 6.598091161011979 -11.721785162358607
4.09 0.016548138853572814 6.525675205818999 -11.62615984996184
4.1 0.02043832607359638 6.455975587064692 -11.539556065406568
4.11 0.023370638803339887 6.388876559720899 -11.461156501012898
4.12 0.025445101701319927 6.32441862139293 -11.389903063197558
4.13 0.026813959453555258 6.2626463445058675 -11.324807396541495
4.14 0.027629146591109034 6.203576402384357 -11.265028942109584
4.15 0.028015917252428794 6.147191867633289 -11.209871524586461
4.16 0.028068119513379 6.093448693165918 -11.158764440724017
4.17 0.027862628214133933 6.042282120363758 -11.111238017519835
4.18 0.02746398904751398 5.993612661150358 -11.066903707701375
4.19 0.026920199354377713 5.947351387329498 -11.025437329630691
4.2 0.026267466271336366 5.903403216492968 -10.986566331872847
4.21 0.02553689434694453 5.86167024572741 -10.950059150467396
4.22 0.024753337524125604 5.822053414509433 -10.915717135817427
4.23 0.02393878856119013 5.7844519478098775 -10.883372130352221
4.24 0.018824165069066263 5.749737752000911 -10.851640292429764
4.25 0.013007647434287613 5.718270041169653 -10.819825709948166
4.26 0.005248993242737078 5.690878386713202 -10.7857301404445
4.27 0.003079065483532586 5.667904630501788 -10.748790458482553
4.28 0.0024182806772885656 5.6450924361362524 -10.715937691938247
4.29 0.0018223595554315837 5.624508388997974 -10.683770020244236
4.3 0.0020389973902788685 5.604900148136991 -10.654110927600257
4.31 0.0014998224192047894 5.586581750273517 -10.626161460910737
4.32 0.0013240298898844506 5.569570125921281 -10.59969152829862
4.33 9.237726610133081E-4 5.5533294117884395 -10.575272522863443
4.34 7.110464483116074E-4 5.5382888429441905 -10.552101725523023
4.35 0.0010897269170286519 5.524036663810392 -10.53058515036098
4.36 7.435561238378279E-4 5.5107985401373725 -10.510215969717986
4.37 7.717902733101132E-4 5.498282850590925 -10.49123566027302
4.38 8.851612900976442E-4 5.486671202469189 -10.473218206278773
4.39 7.213262938593755E-4 5.475679604810189 -10.456457799076162
4.4 6.841052109637882E-4 5.4651623298481695 -10.441033315759828
4.41 3.7594670914624335E-4 5.4556763390528715 -10.425986621161222
4.42 3.835252585817392E-4 5.446611132364438 -10.41211011917882
4.43 3.1276802602058624E-4 5.438030138514662 -10.399198198501836
4.44 5.034217877698965E-4 5.430156069289502 -10.38681511382206
4.45 3.4952041568269673E-4 5.422678514900809 -10.375344492893984
4.46 2.8914491909643006E-4 5.415653299792368 -10.364579377370614
4.47 5.929381115199063E-4 5.409056426052288 -10.354487148577405
4.48 2.721045764946924E-4 5.40297165972261 -10.34487480561154
4.49 1.759209911489184E-4 5.397168740154129 -10.335959031620284
4.5 3.919295722586793E-4 5.39167259922052 -10.32768324814477
4.51 1.4353010186414473E-5 5.386397568842035 -10.320091272882681
4.52 4.053180903636192E-5 5.381819555722018 -10.312405695460509
4.53 3.6310604788766695E-4 5.377198800358109 -10.305685877179712
4.54 -8.469671531833815E-5 5.372796923746783 -10.299463690885972
4.55 1.4191592522785248E-4 5.369098705833707 -10.292987859259103
4.56 2.748619066254605E-4 5.365398294470644 -10.287247512123287
4.57 2.366562079273056E-4 5.361996077247895 -10.281768133256215
4.58 9.488436300256369E-5 5.358627295410486 -10.276889074492903
4.59 2.143513898701242E-4 5.355650691583776 -10.272017780373432
4.6 3.2633538688571945E-4 5.352716367670233 -10.267658347451864
4.61 1.2586265078590433E-4 5.349889178418373 -10.263685200825435
4.62 -9.710433741522285E-5 5.3473479492287055 -10.259790084788442
4.63 2.4991370343155887E-4 5.345146151720321 -10.255856290930929
4.64 3.9609946814487976E-4 5.34272222764065 -10.252696721106311
4.65 -1.1921535677089334E-4 5.340654367214874 -10.249442236358348
4.66 1.1227236582518508E-4 5.3388928002061675 -10.246105372711067
4.67 1.945950864784483E-4 5.3370557022288025 -10.243239067050649
4.68 -2.8972600622627364E-6 5.335211102042976 -10.240744211535272
4.69 6.760004619102311E-6 5.333689773131894 -10.23810458704909
4.7 4.91418803303897E-5 5.332197977941576 -10.23569542126421
4.71 1.9110675547893293E-4 5.33071338942694 -10.233575272370516
4.72 -7.959791307235479E-5 5.3292811991573075 -10.23165180387679
4.73 -1.6449234131241058E-5 5.3280980128862865 -10.22960849726488
4.74 8.118511847433671E-5 5.327049971896187 -10.227636934869942
4.75 -5.708810450043853E-5 5.325706282933666 -10.226316089736173
4.76 7.666694126704464E-5 5.324864062189249 -10.224422788306502
4.77 6.554080561068907E-5 5.323859119448812 -10.222940793733589
4.78 3.334796662542817E-5 5.322895302145078 -10.221587429304336
4.79 1.1987021610702674E-4 5.3220276400280895 -10.220276604401445
4.8 2.895215365731131E-4 5.321403931857802 -10.218820031689802
4.81 -1.221822252226107E-4 5.320483380093648 -10.217971635387006
4.82 -2.3609881888214882E-4 5.319886900346042 -10.216868753583924
4.83 1.3344857194431416E-4 5.319129859568349 -10.216036588081202
4.84 7.676157635979476E-5 5.318490748583827 -10.21512743534868
4.85 6.360181784611249E-5 5.318041519629787 -10.214045517688753
4.86 1.3388887056242623E-5 5.317389786182993 -10.213345841142363
4.87 8.79882141876364E-5 5.316759998708548 -10.212772843104677
4.88 7.826920287354501E-5 5.3162976066191945 -10.212058939037998
4.89 8.350664113486463E-6 5.315867185803832 -10.211457395145978
4.9 -1.894438412081645E-4 5.315535888159012 -10.2107581456644
4.91 1.4933297429052533E-4 5.315342819135367 -10.209925420035773
4.92 8.159571602521916E-5 5.3149631888950495 -10.209344224164258
4.93 1.5495581819909574E-4 5.314605080962153 -10.208820345194958
4.94 2.7767241557554175E-5 5.314281728766801 -10.208299126966857
4.95 1.6714920507149536E-4 5.313939097380278 -10.207854156011422
4.96 6.0547941340615335E-5 5.313549188233075 -10.207580744379872
4.97 1.1361591879364491E-4 5.313421250284776 -10.206997441765129
4.98 -5.633223267634334E-5 5.313145539891373 -10.206663499558434
4.99 2.4364864980084942E-4 5.312944482756791 -10.206294446822017
5.0 -1.018123864361403E-5 5.31278501580362 -10.205877773068291
