0.0 0.0 0.0 0.0
0.01 -0.0020885190167942744 -0.07251516784315015 -0.7406787127465293
0.02 -0.004141798594360292 -0.29187902719419867 -2.4307093431124827
0.03 -0.004869418884155969 -0.5367076652120204 -4.665635989571129
0.04 -0.0039041686096710757 -0.700451006026583 -7.176595507061343
0.05 -0.0017361232281088296 -0.713224465149267 -9.714546375643131
0.06 3.149199066975819E-4 -0.555024767244916 -12.06479114589813
0.07 0.0012231195802162283 -0.24576326087357359 -14.093298691454262
0.08 0.001027290447493603 0.177241002735677 -15.770199681860309
0.09 5.084464110078543E-4 0.6618142221048728 -17.148824266292877
0.1 2.7035978855909673E-4 1.1512497028470108 -18.320025186719235
0.11 3.0904207716455105E-4 1.607129476032199 -19.366876853073975
0.12 3.506048875278979E-4 2.0152817945619574 -20.339186844963688
0.13 2.996719632091779E-4 2.378771200660033 -21.25196097728407
0.14 2.5959352532780786E-4 2.707778206378336 -22.099241761609598
0.15 2.9496837646440354E-4 3.0118374212013492 -22.870938970249014
0.16 3.464638438643015E-4 3.2961898064184822 -23.564060678338265
0.17 3.4432606754742723E-4 3.5620669893686596 -24.185304281386337
0.18 2.945474746025845E-4 3.8089587345724425 -24.74713061139273
0.19 2.427506436956567E-4 4.0367236092249 -25.26206540263563
0.2 2.1170384225448858E-4 4.246442019137412 -25.739072065840528
0.21 1.944246057734149E-4 4.440079976445226 -26.18313910135529
0.22 1.8087372655472368E-4 4.619677145125472 -26.59687502060862
0.23 1.690929032089545E-4 4.78668378809094 -26.982294904363812
0.24 -1.6851490504931612E-5 4.927977247044289 -27.38126998442273
0.25 -4.8755234229923896E-4 5.003880969173096 -27.93998245345385
0.26 1.0379442549092563E-5 5.092352467628714 -28.446681355263436
0.27 0.0017625265761062599 5.213717708393361 -28.79419437001132
0.28 0.0032593508643856376 5.233557601861264 -29.396979997896658
0.29 8.338177707269578E-4 5.23780853314036 -30.07223289922348
0.3 -9.515507106593737E-4 5.206977755447014 -30.79959147416913
0.31 -5.213203291295475E-4 5.199656789572998 -31.378518881197692
0.32 6.65137652072195E-4 5.202437720231913 -31.861330569853298
0.33 0.0028600543897182116 5.311411633677537 -31.91937516169239
0.34 0.0031809167009472254 5.46909423444027 -31.70312048462516
0.35 9.93012709935695E-4 5.58557398630591 -31.507989828794557
0.36 -0.001400809777600493 5.635847026883553 -31.448871938371106
0.37 -0.0018897971334471415 5.653870240197421 -31.449410364505166
0.38 -5.647873732166049E-4 5.6767479397756375 -31.40055216321033
0.39 0.0021436673219672104 5.7825497980343314 -31.01862199920015
0.4 0.005154695409911877 5.974550420387274 -30.239031566611878
0.41 0.0068685493531515235 6.190021983936539 -29.235184721896672
0.42 0.0052432994394469475 6.383696497345667 -28.171574068855612
0.43 0.0011500462119729653 6.5009470451601885 -27.28960939820125
0.44 -0.0019680347051359856 6.515498610050756 -26.747980309771794
0.45 -0.002014180966144278 6.468157672599062 -26.451803047153618
0.46 -3.793568213091279E-4 6.411529308417926 -26.221942239796967
0.47 9.185523081346005E-4 6.373667446298562 -25.935478802062676
0.48 0.0011791217564404973 6.3574213315383545 -25.552895388818428
0.49 8.196450577893203E-4 6.3538306339223425 -25.085678904092656
0.5 4.3193205429857963E-4 6.353564788241414 -24.55742363932744
0.51 2.824594068358827E-4 6.351840758661247 -23.982056319675145
0.52 3.4168589828508194E-4 6.348472127977288 -23.35926449566027
0.53 4.815575985531432E-4 6.346087195649979 -22.678440750924654
0.54 6.147051608227719E-4 6.348558709332295 -21.923681960031303
0.55 7.276007034285002E-4 6.360352442252761 -21.076546375770096
0.56 8.468655903931906E-4 6.386646904165815 -20.11633912849498
0.57 0.0010038523423638065 6.433927145316105 -19.01887866827159
0.58 6.675024016139825E-4 6.482756455748493 -17.91738625226137
0.59 -2.712841658889961E-4 6.498234893367226 -16.9741572007976
0.6 -0.0012545794361942802 6.467329145765454 -16.232805197523923
0.61 -0.0017961654363578645 6.393180020624698 -15.67848098324594
0.62 -0.001767983220870033 6.286174772572579 -15.27407300664078
0.63 -0.0013424293772617702 6.157970526614818 -14.979588196168514
0.64 -7.985094696478092E-4 6.01883251154571 -14.760695815522645
0.65 -3.5721381081775224E-4 5.876523979204457 -14.591197147626257
0.66 -1.1304018001354967E-4 5.7363690105067064 -14.452699101409195
0.67 -4.746462512075673E-5 5.601610905995933 -14.333148509089305
0.68 -8.372555862134467E-5 5.473990334847336 -14.225185220137316
0.69 0.0020474171663941772 5.3544836784528655 -14.138901293932943
0.7 0.006991123742350421 5.240947975743239 -14.074065829397632
0.71 0.011119505358678566 5.134237241599841 -14.013235760725582
0.72 0.013091741722403868 5.035445880809299 -13.95205369899174
0.73 0.013181954256366294 4.94448276654861 -13.889822168464974
0.74 0.01235018268407334 4.860730289940427 -13.826953006885326
0.75 0.011477217755114696 4.783431352772233 -13.76412848758213
0.76 0.011015247107428405 4.711859462829182 -13.7020178266864
0.77 0.010994977654287232 4.645369554376273 -13.641183152602288
0.78 0.011202271375383831 4.583409318673944 -13.582059830693058
0.79 0.011383091670959434 4.525511149028226 -13.524959535427886
0.8 0.011382954676498906 4.47128142646811 -13.470085471371483
0.81 0.011177279943049071 4.420387991480844 -13.417550997714418
0.82 0.010825726663431148 4.372548968580858 -13.367401160077883
0.83 0.010413087584454321 4.327522715936617 -13.319631947154466
0.84 0.010007089118982791 4.285099481873317 -13.274206330904875
0.85 0.00963825495280804 4.245094949515142 -13.231065716384002
0.86 0.009303714729435761 4.2073451669070465 -13.190137824041862
0.87 0.00898587585212524 4.1717029646242025 -13.151341480398624
0.88 0.008668488525869614 4.138035112314881 -13.11458978503909
0.89 0.008343179742350795 4.106220304171785 -13.0797924729093
0.9 0.00801028136158074 4.076147383142796 -13.046857914101743
0.91 0.007676192717550927 4.047714014993339 -13.015694761685872
0.92 0.007348317632199073 4.020825479250341 -12.986213294357743
0.93 0.007031355932891711 3.9953937666163313 -12.958326417803463
0.94 0.00672696489061274 3.97133677046471 -12.931950264436665
0.95 0.006434808695813113 3.9485777008487446 -12.907004484421417
0.96 0.0061534811086801635 3.9270445637902043 -12.883412348043116
0.97 0.005881575954282389 3.9066697666469565 -12.861100752455531
0.98 0.0056185166747722195 3.887389752152629 -12.840000159425482
0.99 0.005364441659731295 3.8691447032655333 -12.82004452440355
1.0 0.005119692977231629 3.8518781818208936 -12.80117125508125
1.01 0.004884619849137666 3.835536177860348 -12.78332149080764
1.02 0.004659265470812645 3.820068164339446 -12.766439665868319
1.03 0.004443442447175856 3.8054269808355343 -12.750472782825042
1.04 0.0042368024957482615 3.79156803003567 -12.735370531262308
1.05 0.004038982045033008 3.7784492087561006 -12.721085345235288
1.06 0.0038496787419207553 3.7660307415938803 -12.70757229513
1.07 0.003668606179598201 3.754275060342259 -12.69478895944308
1.08 0.003495490128400373 3.7431466385710337 -12.682695289044936
1.09 0.003330084885188913 3.732611886457647 -12.671253483022461
1.1 0.003172140072367269 3.7226390233830955 -12.660427860568209
1.11 0.003021376081535827 3.713197986336823 -12.650184745222845
1.12 0.0028775067407825847 3.7042603258094076 -12.640492347225667
1.13 0.0027402549989657696 3.695799123547374 -12.631320655921545
1.14 0.002609344841281435 3.687788904511109 -12.6226413348375
1.15 0.0024845047742258694 3.680205562165625 -12.614427626149546
1.16 0.0023654792632132483 3.673026281998972 -12.606654258002774
1.17 0.0022520244684304884 3.6662294737539725 -12.59929735956932
1.18 0.0021439003202848596 3.6597947041533345 -12.592334380120839
1.19 0.002040873626090163 3.653702635547475 -12.585744013987256
1.2 0.0019427208815266303 3.6479349663046037 -12.579506128966926
1.21 0.0018492248042425048 3.642474375573663 -12.573601699848822
1.22 0.001760174024633777 3.637304470233019 -12.568012745465218
1.23 0.0016753663988966693 3.6324097352301266 -12.562722269741514
1.24 0.0015946087720855606 3.6277754862627916 -12.557714205991726
1.25 0.0015177149284349714 3.6233878252281 -12.55297336481891
1.26 0.001444506137530502 3.619233597920612 -12.548485384919225
1.27 0.0013748118694021877 3.6153003540966324 -12.544236686824199
1.28 0.0013084686059326187 3.611576309650637 -12.5402144293061
1.29 0.0012453192044519534 3.6080503108436375 -12.536406468388869
1.3 0.0011852134804273948 3.6047118004546874 -12.532801318656308
1.31 0.001128008079579634 3.6015507857563804 -12.529388116805592
1.32 0.0010735657490442006 3.598557808224861 -12.5261565873009
1.33 0.0010217552675275032 3.595723914867719 -12.523097009996842
1.34 9.724515420739092E-4 3.5930406311094387 -12.520200189583733
1.35 9.255351716621536E-4 3.590499935127653 -12.517457426778435
1.36 8.808920567467387E-4 3.5880942335802786 -12.514860491151278
1.37 8.384133674219058E-4 3.585816338630302 -12.512401595477087
1.38 7.979953798301419E-4 3.5836594462163234 -12.510073371523482
1.39 7.595391253317614E-4 3.5816171154865515 -12.50786884720241
1.4 7.229502051016326E-4 3.5796832493438515 -12.505781424998773
1.41 6.881386923739986E-4 3.577852076033757 -12.503804861596226
1.42 6.550189022095736E-4 3.5761181317264814 -12.501933248637695
1.43 6.23509152700785E-4 3.5744762440327236 -12.500160994555511
1.44 5.935316302820653E-4 3.572921516407334 -12.498482807405704
1.45 5.650122392741462E-4 3.5714493133900405 -12.496893678648657
1.46 5.378803975801177E-4 3.570055246640358 -12.495388867825493
1.47 5.120688737488008E-4 3.5687351617215057 -12.4939638880779
1.48 4.8751366095592917E-4 3.5674851255946862 -12.492614492461513
1.49 4.6415382338246727E-4 3.5663014147845757 -12.49133666100975
1.5 4.419313381998566E-4 3.565180504179807 -12.490126588506698
1.51 4.207909697144476E-4 3.5641190564344356 -12.488980672927216
1.52 4.00680147675415E-4 3.5631139119378332 -12.487895504507712
1.53 3.815488333423808E-4 3.5621620793224764 -12.486867855412576
1.54 3.633493976174002E-4 3.561260726480498 -12.485894669963137
1.55 3.460365144867096E-4 3.5604071720617583 -12.484973055397067
1.56 3.29567051690924E-4 3.5595988774273195 -12.484100273129421
1.57 3.13899961830038E-4 3.5588334390339966 -12.483273730487838
1.58 2.989961849403914E-4 3.558108581226705 -12.482490972894901
1.59 2.848185564249966E-4 3.5574221494166522 -12.481749676473282
1.6 2.7133171433998135E-4 3.556772103624553 -12.481047641051092
1.61 2.58502011822195E-4 3.556156512369455 -12.4803827835443
1.62 2.4629743659759226E-4 3.5555735468844247 -12.479753131696537
1.63 2.3468753263953862E-4 3.555021475641553 -12.479156818155936
1.64 2.2364332390050626E-4 3.554498659169724 -12.478592074871415
1.65 2.1313724321663272E-4 3.554003545149314 -12.478057227790174
1.66 2.0314306513243496E-4 3.553534663769355 -12.477550691840289
1.67 1.9363584061027008E-4 3.553090623332224 -12.477070966183238
1.68 1.8459183484435503E-4 3.5526701060937143 -12.476616629720937
1.69 1.7598846890672125E-4 3.5522718643248226 -12.476186336844382
1.7 1.6780426387858762E-4 3.5518947165841297 -12.475778813409754
1.71 1.6001878713734868E-4 3.551537544188939 -12.475392852930757
1.72 1.526126015775704E-4 3.551199287875015 -12.475027312974383
1.73 1.4556721750151787E-4 3.5508789446343343 -12.47468111175019
1.74 1.3886504649386654E-4 3.55057556472169 -12.474353224881725
1.75 1.3248935745795265E-4 3.550288248820891 -12.474042682350973
1.76 1.264242350135797E-4 3.550016145362342 -12.473748565605575
1.77 1.2065453986240512E-4 3.5497584479830806 -12.47347000482171
1.78 1.1516587091400903E-4 3.5495143931230047 -12.473206176311876
1.79 1.0994452931979045E-4 3.5492832577487547 -12.472956300072006
1.8 1.049774843293773E-4 3.5490643571986453 -12.472719637459686
1.81 1.00252340723733E-4 3.548857043143194 -12.472495488995161
1.82 9.575730779747286E-5 3.5486607016537306 -12.472283192280724
1.83 9.148116990840856E-5 3.5484747513739947 -12.47208212003057
1.84 8.741325846141915E-5 3.5482986417893443 -12.471891678205505
1.85 8.354342520706693E-5 3.5481318515876126 -12.471711304247801
1.86 7.986201685374888E-5 3.5479738871079363 -12.471540465409124
1.87 7.63598509426455E-5 3.5478242808715663 -12.471378657168184
1.88 7.302819287754188E-5 3.547682590191286 -12.471225401732287
1.89 6.985873406101248E-5 3.5475483958546192 -12.471080246618786
1.9 6.684357111306721E-5 3.5474213008771613 -12.470942763312053
1.91 6.39751861050479E-5 3.547300929322212 -12.470812545991823
1.92 6.124642774546179E-5 3.5471869251832686 -12.470689210329297
1.93 5.865049348373189E-5 3.5470789513259433 -12.470572392347083
1.94 5.618091249650731E-5 3.546976688486062 -12.470461747339918
1.95 5.383152950021157E-5 3.546879834321146 -12.47035694885274
1.96 5.159648934822956E-5 3.5467881025124868 -12.470257687712724
1.97 4.947022238400387E-5 3.5467012219143967 -12.47016367111355
1.98 4.744743051053574E-5 3.5466189357494216 -12.470074621747358
1.99 4.552307393688872E-5 3.5465410008457567 -12.469990276983577
2.0 4.369235857146311E-5 3.546467186915521 -12.469910388090838
2.01 4.195072403327407E-5 3.5463972758711435 -12.469834719500632
2.02 4.0293832247971793E-5 3.5463310611783214 -12.469763048109723
2.03 3.8717556598518085E-5 3.546268347243064 -12.469695162619836
2.04 3.721797160773123E-5 3.546208948831733 -12.469630862911945
2.05 3.579134312538347E-5 3.5461526905212963 -12.469569959454567
2.06 3.443411899211255E-5 3.5460994061792945 -12.469512272742733
2.07 3.31429201607749E-5 3.546048938471138 -12.469457632766915
2.08 3.1914532251101184E-5 3.5460011383937626 -12.469405878510301
2.09 3.0745897516407844E-5 3.5459558648338287 -12.469356857472505
2.1 2.9634107203105528E-5 3.54591298414951 -12.469310425218772
2.11 2.8576394282873815E-5 3.5458723697745143 -12.469266444952794
2.12 2.7570126540432777E-5 3.545833901842961 -12.46922478711253
2.13 2.66127999981026E-5 3.5457974668344363 -12.46918532898697
2.14 2.570203266100834E-5 3.5457629572374927 -12.469147954353822
2.15 2.4835558568869135E-5 3.54573027123147 -12.469112553135833
2.16 2.401122213772111E-5 3.5456993123848406 -12.469079021075633
2.17 2.322697277755158E-5 3.545669989369628 -12.469047259427857
2.18 2.248085977301583E-5 3.5456422156911174 -12.469017174667396
2.19 2.177102741416094E-5 3.54561590943176 -12.468988678213119
2.2 2.1095710364760437E-5 3.545590993008787 -12.468961686166388
2.21 2.0453229256121078E-5 3.5455673929445055 -12.468936119063233
2.22 1.9841986496892657E-5 3.5455450396489567 -12.468911901639828
2.23 1.9260462286637893E-5 3.5455238672140013 -12.46888896261018
2.24 1.8707210824289994E-5 3.545503813218282 -12.468867234455924
2.25 1.818085670147902E-5 3.5454848185426755 -12.468846653226855
2.26 1.768009147203658E-5 3.545466827195362 -12.468827158352237
2.27 1.7203670388823418E-5 3.54544978614625 -12.468808692462204
2.28 1.6750409299491483E-5 3.545433645170192 -12.468791201218373
2.29 1.6319181694269104E-5 3.5454183566985193 -12.468774633153544
2.3 1.5908915897497734E-5 3.5454038756783675 -12.468758939519855
2.31 1.551859239598575E-5 3.5453901594395205 -12.468744074145057
2.32 1.5147241297546528E-5 3.5453771675682546 -12.468729993296336
2.33 1.4793939913726073E-5 3.5453648617880162 -12.468716655551237
2.34 1.445781046022638E-5 3.5453532058462116 -12.468704021675613
2.35 1.4138017869674083E-5 3.5453421654070993 -12.468692054507954
2.36 1.3833767711438557E-5 3.5453317079503535 -12.468680718849804
2.37 1.3544304212195654E-5 3.5453218026751188 -12.468669981361888
2.38 1.326890837333387E-5 3.545312420408827 -12.468659810466047
2.39 1.3006896180007595E-5 3.5453035335212064 -12.46865017625197
2.4 1.2757616897752533E-5 3.5452951158425634 -12.468641050389099
2.41 1.2520451451503949E-5 3.545287142586652 -12.468632406043255
2.42 1.2294810884429107E-5 3.54527959027736 -12.468624217797284
2.43 1.208013489134141E-5 3.545272436679454 -12.468616461576516
2.44 1.1875890423432294E-5 3.545265660732909 -12.468609114577582
2.45 1.1681570362100244E-5 3.545259242490779 -12.468602155201303
2.46 1.1496692256282526E-5 3.5452531630603943 -12.468595562989066
2.47 1.1320797121503793E-5 3.545247404547389 -12.468589318562607
2.48 1.1153448297878223E-5 3.5452419500032235 -12.468583403566786
2.49 1.0994230363227212E-5 3.545236783374847 -12.46857780061574
2.5 1.084274809942193E-5 3.54523188945749 -12.468572493241528
