0.0 0.0 0.0 0.0
0.01 -0.0021716220065064688 -0.07336522206961149 -0.7408687262487064
0.02 -0.004392127741461809 -0.2918334285099391 -2.4299333831127186
0.03 -0.004082586886191528 -0.5371236345140247 -4.665320500232895
0.04 -0.0022131765994164456 -0.698649930992076 -7.172476445558274
0.05 0.0010675513506998963 -0.7108019826424865 -9.709586951299947
0.06 0.002409589155880915 -0.5518990853351298 -12.057982166051918
0.07 -1.3239469602672175E-4 -0.24287765950574425 -14.087168130439611
0.08 -0.0023779031614213296 0.17755182762412147 -15.768116424653147
0.09 -0.0020638119967834206 0.6641347453449313 -17.142629780854563
0.1 0.0020660179208434023 1.1494463066198861 -18.32222135632251
0.11 -7.690147448794244E-4 1.6041917492979252 -19.37495238108766
0.12 -0.003802572724884923 2.0344209013569383 -20.295751258633665
0.13 4.94564563789217E-4 2.3865808974647393 -21.228551449878907
0.14 0.008332469279979184 2.732558268486855 -22.03461473939885
0.15 -2.3528750871972285E-4 3.0174062075384853 -22.848141284384564
0.16 -0.003928073276225381 3.278549460339569 -23.60440480057897
0.17 0.01334069132850465 3.5675580117950503 -24.177987211862742
0.18 0.008688066596719203 3.856132717632491 -24.616620543835346
0.19 -9.107007476060153E-4 4.089328604053449 -25.085766595317768
0.2 0.005813041438631726 4.2501048071653855 -25.69517772106677
0.21 0.00154149069769775 4.405744514595156 -26.270835039270626
0.22 -0.012902126785456356 4.620515490226019 -26.609351806161193
0.23 -0.004028219054563223 4.840003779560703 -26.820014861615633
0.24 0.002169627405194106 5.01806364196883 -27.06831929388732
0.25 9.20726435409693E-4 5.1649944909455385 -27.28703241944789
0.26 -1.5011047988605826E-4 5.308972052998541 -27.363795240146878
0.27 4.0276816429284687E-4 5.449280409469438 -27.313457236371114
0.28 -0.0011827033951782003 5.55516816614918 -27.250863619552725
0.29 0.005191742815818161 5.585445129192664 -27.35651512765338
0.3 -0.025157129921456807 5.643576196531811 -27.328129842412107
0.31 -0.026237643142453474 5.6794963949525865 -27.294968449635434
0.32 -0.007375628538333946 5.721972370880422 -27.17996875324537
0.33 -0.002862288473242557 5.817709779745279 -26.82676732753161
0.34 -0.0028333628322405663 5.904803163331152 -26.411025176753427
0.35 -5.201183967603954E-4 5.9620740219029145 -26.010452221221158
0.36 -0.0013631944073133804 5.986455514042973 -25.671129488256057
0.37 -0.006967963938905303 5.968678242842444 -25.428187670138225
0.38 -0.008080810861601876 5.995381606825617 -25.023754032341785
0.39 0.005504355838934116 6.010844598695087 -24.585775772377097
0.4 0.006844104315986668 6.035914205289529 -24.071042883312103
0.41 -0.003983889896635172 6.042489593062683 -23.551681642569925
0.42 -0.007825752696630573 6.043345203288183 -22.996504167626526
0.43 -0.0025874398383397374 6.058783432164958 -22.339634666917465
0.44 0.0033066247414748257 6.074430804027344 -21.616232629357143
0.45 0.004362050365156194 6.104162322676572 -20.782881035769456
0.46 0.003586296697834652 6.1450211892876325 -19.8415653490699
0.47 0.0020244767567422807 6.205157222112113 -18.76346017807105
0.48 0.0011093964258648698 6.266458668951778 -17.679699716383176
0.49 2.4841092035079873E-4 6.293456985084177 -16.755001107636165
0.5 -0.0017237150650624212 6.274319131736043 -16.02869674183497
0.51 -0.0021109795874767485 6.211616322719493 -15.484626136988002
0.52 -0.003440084085675615 6.113658044087941 -15.097548533732052
0.53 2.0163405366855632E-5 6.0015504320465425 -14.80032334496919
0.54 0.0042567088822780715 5.856384181224051 -14.622362419719817
0.55 -0.007140442709971904 5.708015600009922 -14.497540974689986
0.56 -0.015296819376603626 5.5845427975665345 -14.354072725116449
0.57 -0.013928108389226247 5.475092301773387 -14.2051887273957
0.58 -0.0030720765600759778 5.3740332492739356 -14.089156471761097
0.59 0.010555016204398856 5.275643438852917 -13.999637578163544
0.6 0.019186597588813786 5.181144250864222 -13.919541307994653
0.61 0.021178399979919202 5.091984697578113 -13.84404628918373
0.62 0.01863199651605355 5.00852809155225 -13.771556250556994
0.63 0.037968286759633256 4.925412336118825 -13.70996252128267
0.64 0.07535468590476778 4.836503484089249 -13.668116442007989
0.65 0.11024318402741906 4.749159602536018 -13.633852544624823
0.66 0.06920999511253323 4.664659038471143 -13.605087466765962
0.67 0.03150472402993914 4.581426543352677 -13.58356297728417
0.68 0.03754832190560232 4.521749308859157 -13.52953052715998
0.69 0.0437960564026554 4.478441796520549 -13.456713875399824
0.7 0.029553433597014744 4.438315706972503 -13.387584366563019
0.71 0.021858841138094123 4.402698121205667 -13.318907495544451
0.72 0.0155863976161129 4.367811090316273 -13.256274885390646
0.73 0.0144985480737856 4.330899991684127 -13.20378653744547
0.74 0.011828432751207091 4.2962133296601195 -13.153977151864868
0.75 0.010520850969543404 4.264096059830138 -13.10592004085164
0.76 0.009077295543371043 4.2336179525018025 -13.06093675281592
0.77 0.007419629952231964 4.204180876455268 -13.019558516008878
0.78 0.006613916030200334 4.176199886692871 -12.980859529877485
0.79 0.009402585445770877 4.149939956031908 -12.94394060923755
0.8 0.008113666498596649 4.124000991685051 -12.911036161896913
0.81 0.008754343704895024 4.099767629098338 -12.879520308093603
0.82 0.010024800831698513 4.0767853501035916 -12.849871315708853
0.83 0.01084157585038649 4.05485560031174 -12.822231503204897
0.84 0.010749452232191736 4.033895771396729 -12.79654375250249
0.85 0.009913577881760961 4.013870183855403 -12.772659162842228
0.86 0.008805547847992316 3.994760512767158 -12.75039587323451
0.87 0.007811680773157039 3.9765514482339483 -12.729579323396145
0.88 0.007095772625101004 3.9592244222666224 -12.71006234977089
0.89 0.006659950417626083 3.9427549493238345 -12.691727455919278
0.9 0.0064041313806822014 3.927113783432283 -12.674480788135106
0.91 0.00619079065866787 3.9122682425219963 -12.658245097244098
0.92 0.005933651970918207 3.8981842577515096 -12.642952466924477
0.93 0.00562326506730604 3.8848275383284943 -12.628539357578894
0.94 0.005284069959745967 3.872164631702155 -12.614945843784348
0.95 0.0049446223590219615 3.8601629117078886 -12.60211660154102
0.96 0.004632623511610613 3.848790680814652 -12.59000125266936
0.97 0.0043619197574884935 3.8380170665904174 -12.578554311527562
0.98 0.004125351707204039 3.827812151388173 -12.567735095155939
0.99 0.003909167218627954 3.818146960083496 -12.557506887632847
1.0 0.0037051957330340264 3.80899364975366 -12.547835795047618
1.01 0.003508607294893901 3.8003255936878944 -12.538690107775075
1.02 0.003316603360435907 3.792117443733858 -12.530040096596892
1.03 0.0031310054315977177 3.7843450819923845 -12.521857770404615
1.04 0.00295543591806967 3.776985606407024 -12.514116759752056
1.05 0.0027908170960277328 3.77001726342899 -12.506792365606046
1.06 0.0026362944701120647 3.763419389448053 -12.499861516514699
1.07 0.0024913051688852297 3.7571723558030072 -12.493302573267371
1.08 0.002354834048844871 3.7512575408222304 -12.487095191464423
1.09 0.002225265248884504 3.7456572860764936 -12.481220235672271
1.1 0.0021017966066328494 3.740354855612111 -12.47565965939381
1.11 0.001984464559568221 3.7353343961879872 -12.470396398965192
1.12 0.001873101047184229 3.730580897248913 -12.465414336675671
1.13 0.001767366953162047 3.726080143687618 -12.460698264501566
1.14 0.001667172128258222 3.721818673476321 -12.456233820240776
1.15 0.0015723674863507107 3.717783693941776 -12.4520074570678
1.16 0.0014825450965370815 3.7139630579657563 -12.448006425394588
1.17 0.0013973079523411434 3.7103452993167423 -12.444218670324773
1.18 0.0013164026616663902 3.706919542569338 -12.440632792520066
1.19 0.0012395715739981267 3.703675571747837 -12.437237970241725
1.2 0.0011665398099874856 3.7006037148415274 -12.434023940533297
1.21 0.0010971460339083356 3.6976948210940748 -12.430980992834229
1.22 0.0010312665064085708 3.6949402290090774 -12.428099940618871
1.23 9.68709747141548E-4 3.6923317434421676 -12.425372100453476
1.24 9.092826455099054E-4 3.68986160472236 -12.422789262968859
1.25 8.528380649331398E-4 3.6875224669435624 -12.420343665687277
1.26 7.992208592948507E-4 3.6853073740298967 -12.418027967213192
1.27 7.482617808925295E-4 3.6832097398298345 -12.415835225756389
1.28 6.998227645053209E-4 3.681223327586295 -12.413758875142847
1.29 6.537879510468629E-4 3.679342231991072 -12.41179270356389
1.3 6.100329042176057E-4 3.6775608613882937 -12.409930834473027
1.31 5.684367386682007E-4 3.6758739211829763 -12.408167708587623
1.32 5.288960013316289E-4 3.6742763980292494 -12.406498065609398
1.33 4.913098849152002E-4 3.672763545008415 -12.404916927928003
1.34 4.5557475457009796E-4 3.6713308674871072 -12.403419585449782
1.35 4.215961749576895E-4 3.6699741096675353 -12.40200158080675
1.36 3.892890064785897E-4 3.6686892419783987 -12.40065869525699
1.37 3.5856899013310916E-4 3.667472449043416 -12.399386935900054
1.38 3.2935490376852824E-4 3.666320118304533 -12.39818252351068
1.39 3.0157296423043644E-4 3.6652288292025617 -12.397041880802469
1.4 2.751531899852829E-4 3.6641953430109524 -12.395961621487594
1.41 2.5002689581262285E-4 3.6632165931343295 -12.394938540088791
1.42 2.2612950600457086E-4 3.6622896759549093 -12.39396960216369
1.43 2.034010083033221E-4 3.661411842150841 -12.393051935011783
1.44 1.8178356701599083E-4 3.660580488503811 -12.3921828190146
1.45 1.6122168637837581E-4 3.65979315010631 -12.391359679445692
1.46 1.4166350122498663E-4 3.6590474930059784 -12.390580078651926
1.47 1.230599392596486E-4 3.6583413072346573 -12.389841708687264
1.48 1.053637895247645E-4 3.6576725002143675 -12.389142384397307
1.49 8.853028144666499E-5 3.6570390905022165 -12.388480036843415
1.5 7.251726794234954E-5 3.65643920188036 -12.38785270706299
1.51 5.7284520310457265E-5 3.655871057756741 -12.387258540196736
1.52 4.2793600876178954E-5 3.6553329758643827 -12.38669577993917
1.53 2.9008177122493285E-5 3.6548233632410785 -12.386162763265485
1.54 1.589380725670257E-5 3.654340711481197 -12.385657915446934
1.55 3.417599744175246E-6 3.6538835922376833 -12.385179745349102
1.56 -8.451714651400155E-6 3.653450652963862 -12.384726840976128
1.57 -1.9743747312395577E-5 3.6530406128822435 -12.384297865246825
1.58 -3.0486678994387224E-5 3.65265225916972 -12.383891552004805
1.59 -4.0707368159243504E-5 3.652284443344314 -12.38350670224574
1.6 -5.0431307420336345E-5 3.651936077844759 -12.383142180540808
1.61 -5.968270223333195E-5 3.651606132792878 -12.382796911651802
1.62 -6.848460755136626E-5 3.6512936329284855 -12.382469877331236
1.63 -7.685895499247178E-5 3.650997654706593 -12.382160113293018
1.64 -8.482656888702709E-5 3.650717323550296 -12.38186670634186
1.65 -9.240725526348621E-5 3.650451811249276 -12.381588791658558
1.66 -9.961986935418869E-5 3.6502003334971462 -12.381325550230876
1.67 -1.0648233424023518E-4 3.649962147559748 -12.381076206420104
1.68 -1.1301168467425695E-4 3.649736550067402 -12.380840025657562
1.69 -1.1922413149676196E-4 3.649522874925104 -12.380616312264713
1.7 -1.2513509744543926E-4 3.6493204913335404 -12.380404407389285
1.71 -1.3075924355711072E-4 3.6491288019155093 -12.380203687050795
1.72 -1.3611051413222415E-4 3.6489472409420927 -12.380013560290518
1.73 -1.4120217830658574E-4 3.648775272653026 -12.37983346742045
1.74 -1.4604685621132367E-4 3.6486123896664253 -12.379662878364893
1.75 -1.506565488694129E-4 3.6484581114731043 -12.379501291090392
1.76 -1.550426741514237E-4 3.6483119830110837 -12.379348230119135
1.77 -1.5921609503374303E-4 3.648173573315752 -12.379203245121552
1.78 -1.631871431344897E-4 3.648042474241599 -12.379065909583808
1.79 -1.669656462055186E-4 3.6479182992521544 -12.37893581954581
1.8 -1.7056095489591488E-4 3.64780068227423 -12.378812592406472
1.81 -1.739819644581798E-4 3.6476892766126596 -12.37869586579265
1.82 -1.7723713613637107E-4 3.6475837539231293 -12.378585296487582
1.83 -1.8033451982239388E-4 3.647483803239467 -12.378480559416712
1.84 -1.8328177432662851E-4 3.6473891300523107 -12.3783813466871
1.85 -1.8608618545241657E-4 3.6472994554370928 -12.37828736667791
1.86 -1.8875468443523035E-4 3.6472145152280504 -12.378198343179157
1.87 -1.9129386589409128E-4 3.6471340592362296 -12.378114014575974
1.88 -1.9371000390119256E-4 3.6470578505088085 -12.378034133076568
1.89 -1.960090672912531E-4 3.6469856646280476 -12.37795846398048
1.9 -1.9819673489706224E-4 3.646917289047174 -12.377886784986238
1.91 -2.0027840980013385E-4 3.6468525224615718 -12.377818885535351
1.92 -2.0225923249167109E-4 3.6467911742134547 -12.377754566191175
1.93 -2.0414409367602816E-4 3.646733063727936 -12.377693638050683
1.94 -2.059376466252528E-4 3.646678019979177 -12.377635922187451
1.95 -2.076443186722765E-4 3.6466258809846295 -12.377581249124187
1.96 -2.092683221024508E-4 3.6465764933264495 -12.377529458332965
1.97 -2.108136647008327E-4 3.6465297116978874 -12.377480397762255
1.98 -2.1228415975078235E-4 3.6464853984740344 -12.377433923388779
1.99 -2.1368343542475614E-4 3.646443423305236 -12.377389898793048
2.0 -2.150149437777656E-4 3.6464036627319842 -12.37734819475757
