0.0 0.0 -79.4085 -37.8728 0.0 0.0 0.0 0.0 -0.0 0.0 -934.5875 -113.6184 238.2255
0.01 -0.0016837158291199068 -79.31082358865075 -39.10880248479852 0.0023346970753408414 -0.3561249803890725 -0.2988243397271191 0.6781338971484405 0.0017323571302272894 -0.0020645428345834682 -952.3470073023439 -117.32023754209753 237.96095900477312
0.02 -0.005612187160227287 -78.97698023181805 -42.34073271474256 0.0062098460471275985 -1.2786705141727026 -1.0729319573677003 2.4758818999054646 0.005059966367533897 -0.00603023312120738 -996.6544938018361 -126.99891034714594 237.0196073628173
0.03 -0.009923115921162722 -78.2167504943155 -46.985683275851876 0.005385413309703324 -2.534822002128852 -2.126968209072743 5.158191735461397 0.006494595382752207 -0.007739957423568135 -1054.0086634690545 -140.90513308795366 234.78642682478466
0.04 -0.01232605526224019 -76.9544189831577 -51.892925343074445 -0.0032130293924197417 -3.7282263474033925 -3.1283533556760545 8.163236728086241 0.003838342034979784 -0.004574357901351745 -1104.5841039008167 -155.59295807898087 230.99836388670755
0.05 -0.01338122596209399 -75.35336425686842 -55.85625866718042 -0.010795814336901799 -4.467268388940518 -3.748483258815682 10.821123712963967 0.0010845371782285135 -0.0012925010689898906 -1134.7877670287808 -167.456849256659 226.18095290183348
0.06 -0.014539902704779584 -73.76179561807837 -58.25509138070039 -0.008866570334220114 -4.609305717176479 -3.8676667274870056 12.686363155160933 0.002376152315388216 -0.002831788059683589 -1144.488597816966 -174.64592671366034 221.41992397449422
0.07 -0.013799007891179223 -72.55044453810419 -59.281141646919764 -0.00461209160393139 -4.376365210440007 -3.672206433989089 13.705620514050652 0.003846180769088078 -0.004583699761016041 -1142.8939681787533 -177.73645405051144 217.7864527605205
0.08 -0.01099167037528212 -71.93221361359994 -59.629307334223135 -0.005209794896700259 -4.17986077436629 -3.5073196341433857 14.138142690221827 0.0024204464639431098 -0.002884575772015267 -1140.2466844432192 -178.7988486491777 215.8993750915421
0.09 -0.010390213046106666 -71.84549313151206 -59.946213625076 -0.005413714643175638 -4.283953402206599 -3.594663719772228 14.332548923858733 0.0020832613774025063 -0.0024827342327047907 -1142.0409488416865 -179.75316957682531 215.63198703108716
0.1 -0.012278531247502528 -71.99678938836001 -60.46017453334055 -0.003923192123217234 -4.625525896298459 -3.8812770735851103 14.525623499726386 0.0034976964566396243 -0.0041683923268676535 -1147.5653456244254 -181.2846727372078 216.1092805338847
0.11 -0.013052468574757718 -72.06850606052657 -61.020553192633926 -0.005134255070665006 -4.944304684368387 -4.148764237081849 14.775169748199898 0.003314745180995257 -0.003950359485521707 -1152.6811384507782 -182.95738397829135 216.3289249234046
0.12 -0.012689310563995741 -71.94379078168299 -61.4273201472339 -0.005859496081605187 -5.073512301218301 -4.2571823007258445 15.030316118156941 0.002859205562221164 -0.003407468505576182 -1154.6920045280203 -184.17833920017088 215.94854074036132
0.13 -0.012078149344288174 -71.73199258125385 -61.688955646613884 -0.004652840738458508 -5.080925830190424 -4.263402990151974 15.249519623864932 0.0031086332364549745 -0.003704724833826805 -1154.6983058604353 -184.96998550798187 215.30940356465624
0.14 -0.011171337677647799 -71.58021868692222 -61.96051838921807 -0.004735106475607154 -5.129041438956019 -4.303776779721062 15.448556639493567 0.002694690702744813 -0.0032114073299772347 -1155.309321494172 -185.79075228361535 214.844055135245
0.15 -0.011087260944682724 -71.50784249282734 -62.31544629840708 -0.004871091489640378 -5.265809580017827 -4.418538876442852 15.655959446508756 0.0026027290386323944 -0.003101811685986457 -1157.2693965944895 -186.8556062420253 214.62531366291006
0.16 -0.011381060796281203 -71.43870559989315 -62.67333941437973 -0.0047882457314898375 -5.406825523269134 -4.536865302415123 15.86350068153334 0.0027606512685701503 -0.0032900160715627963 -1159.2388497953048 -187.92712334952353 214.4207398647891
0.17 -0.011172749357065265 -71.33489394908983 -62.94062879275937 -0.005033948480473782 -5.482785275037109 -4.600603102107868 16.04036273545446 0.0025707399011086138 -0.0030636885162883664 -1160.168025577921 -188.72973588091702 214.10618576815165
0.18 -0.010864611052683958 -71.23396021171558 -63.131463354337434 -0.004817779802223754 -5.522059499828469 -4.633558089645078 16.177874944780186 0.0025323964048704663 -0.003017992516740724 -1160.5460989679862 -189.30479851963412 213.80051483760045
0.19 -0.010631199586781616 -71.1698020599149 -63.31450173590651 -0.004775167863158458 -5.578749640838481 -4.681126766057972 16.29610289314319 0.0024526433935202507 -0.002922946578633312 -1161.2162380936104 -189.8555719672459 213.60554419085912
0.2 -0.01057861540434336 -71.12371517323172 -63.50898241432397 -0.004833679499668619 -5.651892906021072 -4.742501252895792 16.412480933345115 0.00240627193246762 -0.00286768322316066 -1162.1337526382501 -190.4391392465477 213.46638456872444
0.21 -0.010511754249647556 -71.06716524955348 -63.68766790316566 -0.004834558946527068 -5.7112512356007095 -4.792308805353343 16.52536463159904 0.0023780596288448205 -0.0028340611088584398 -1162.821714519961 -190.9755587976728 213.29584421985084
0.22 -0.010312503578980795 -71.00439216496056 -63.84099310186675 -0.004844144785323579 -5.754292115663937 -4.828424391939961 16.62820237783487 0.0022907312953505572 -0.0027299872533854876 -1163.2579615457767 -191.43685072027193 213.10528963029407
0.23 -0.01014327179596729 -70.95160755685563 -63.984789986130345 -0.0048119806904551865 -5.798311683823535 -4.865361195347262 16.722105302246167 0.0022334516523636735 -0.002661724032895194 -1163.7190224228161 -191.86944863714626 212.9451349788773
0.24 -0.010031435305010336 -70.90753551064532 -64.12450597259826 -0.0048351983455177105 -5.845345898796108 -4.904827587783444 16.810326412664253 0.0021770056086685917 -0.0025944542573590797 -1164.2318525870533 -192.28926760007377 212.81157305147704
0.25 -0.009927894041202805 -70.8636618865327 -64.25184906881343 -0.004846472703150084 -5.8862564308138765 -4.939155600110809 16.892291766517644 0.002129027632452033 -0.00253727633170362 -1164.6545341079793 -192.6719422999643 212.67873437136856
0.26 -0.009792042217256656 -70.82094944147491 -64.36619446828445 -0.004851573278827459 -5.921232776940229 -4.968504239245362 16.967285032892967 0.0020700858982067947 -0.0024670323080021074 -1164.994315990191 -193.01588201769664 212.54908431852581
0.27 -0.00966300302767863 -70.7830239882762 -64.47418205608244 -0.004855926074576189 -5.95573336538822 -4.99745367028747 17.037101676493773 0.002014301040190292 -0.0024005505029114724 -1165.3347338837657 -193.34070734354464 212.43387852452904
0.28 -0.009551458936897527 -70.74797162110355 -64.5770052138829 -0.004870223783292715 -5.989275027096195 -5.025598466255701 17.103138976618073 0.001961671184407305 -0.002337828683059206 -1165.665170958841 -193.64989367373147 212.32745215824497
0.29 -0.009438576087523697 -70.71374530463535 -64.6724737012649 -0.004883811972831609 -6.019549740907401 -5.051001967448684 17.165160418223685 0.0019087684977628237 -0.0022747817160750626 -1165.9506478425897 -193.9370322535962 212.2235014732886
0.3 -0.009320999666823468 -70.6815146067924 -64.76152697466291 -0.004895674025590324 -6.047689902821702 -5.074614366932252 17.22314453402131 0.0018546128751389182 -0.0022102415581417255 -1166.2102736209347 -194.2049684688699 212.1255041822994
0.31 -0.00920890745451691 -70.65177261119487 -64.84575056312818 -0.00490984440899922 -6.07478448893092 -5.0973494241434025 17.277676084143774 0.001801779719808191 -0.0021472774553602868 -1166.4603561219717 -194.45837448234013 212.0350302423037
0.32 -0.009101031916377995 -70.62356561505058 -64.92494716838239 -0.004926071936274923 -6.100182556049081 -5.118660932894869 17.329055818737984 0.0017498436866287112 -0.0020853825011265914 -1166.690257227925 -194.69666769635177 211.94920552902482
0.33 -0.008992805102253696 -70.59672818871161 -64.99927164700999 -0.0049422890491896965 -6.123861947955799 -5.138530301910279 17.377430057335143 0.0016977571135481449 -0.0020233081404368723 -1166.8997677630045 -194.92035069969862 211.86749282003393
0.34 -0.00888574124037465 -70.57149749774335 -65.06957387094123 -0.004959305107838929 -6.1463908431574446 -5.157434289564833 17.423123588377948 0.0016458159796533109 -0.0019614071074318964 -1167.0973628529725 -195.13195978698656 211.79061606180412
0.35 -0.008781088383144588 -70.54759853904244 -65.13612236521438 -0.004977571241184364 -6.167747704418794 -5.175354823972327 17.4663855357194 0.0015943547977726198 -0.0019000780589637375 -1167.2822910293341 -195.33228998858297 211.7177609601875
0.36 -0.008677604232084895 -70.52484656944495 -65.1990019731603 -0.004996524057844454 -6.187866799578476 -5.192236749300434 17.507335470083326 0.0015430892915015467 -0.0018389822076024466 -1167.453491502138 -195.52160605929336 211.64836193937938
0.37 -0.008575127489440598 -70.50328827909287 -65.25858157654326 -0.005016088769401961 -6.206961616629325 -5.2082592032452055 17.546137872364543 0.0014919835541124318 -0.0017780767613947731 -1167.614132133888 -195.70101580163788 211.58255726751406
0.38 -0.008474022229859305 -70.48282150733681 -65.31512407188069 -0.005036457156613494 -6.225107528650895 -5.223485431329877 17.582966704274124 0.0014411101856748728 -0.0017174482417182102 -1167.7650920662059 -195.87130456187234 211.52004319840023
0.39 -0.008374037295379584 -70.46332461524975 -65.36878865781085 -0.005057495697847969 -6.242315408313932 -5.23792455680848 17.617952313263146 0.0013904201854353785 -0.0016570382517699356 -1167.9063395924586 -196.03295191396776 211.4604523208206
0.4 -0.00827501250764448 -70.44476465608557 -65.4198036457995 -0.005079145956649711 -6.258682629834791 -5.251658286350008 17.651222417108183 0.0013398712051119709 -0.001596796322800023 -1168.039191280292 -196.18664394581074 211.4036840469049
0.41 -0.008176972712341904 -70.42707926787071 -65.46835728164356 -0.005101424252266895 -6.274269616003437 -5.264737320695303 17.682897068438212 0.0012894671092066276 -0.0015367270603694116 -1168.1643699963333 -196.33294502223805 211.349551213381
0.42 -0.008079844859657521 -70.41020036020639 -65.51459181721341 -0.005124287140674255 -6.2891099023243555 -5.277189799473746 17.71307575892719 0.0012391957445828613 -0.0014768159809247115 -1168.282220617144 -196.47228240773592 211.2978486880149
0.43 -0.007983561622435872 -70.39408767531691 -65.55866428708939 -0.005147704036282619 -6.303260742794357 -5.28906376449298 17.74185371293567 0.0011890419553290334 -0.0014170450223624175 -1168.3934570036151 -196.60512765339732 211.24845487952857
0.44 -0.007888076830085732 -70.37869296151754 -65.60071476136201 -0.0051716600975453275 -6.316766355490891 -5.30039631912544 17.769321044011022 0.0011389928420208126 -0.0013573988117204297 -1168.4985830652531 -196.73190123167515 211.2012244000597
0.45 -0.007793340279067379 -70.36396926228443 -65.64086464870843 -0.005196130487448158 -6.329662177222186 -5.311217198383915 17.795558010446793 0.0010890379869442155 -0.0012978649336818358 -1168.597982374481 -196.85296769584536 211.15601575395658
0.46 -0.007699312466414866 -70.34987974856256 -65.67923234917784 -0.005221096201331932 -6.341987985605641 -5.3215597796524605 17.820639131869857 0.0010391690006782072 -0.0012384333900919194 -1168.6921133696494 -196.9686824895427 211.11271793516272
0.47 -0.007605950670517706 -70.33638709179868 -65.7159241033061 -0.005246538914775556 -6.353777115154571 -5.331452033908846 17.84463307108491 9.893758459132472E-4 -0.0011790922189964983 -1168.7813404227188 -197.07936460751398 211.0712184196751
0.48 -0.007513217669235345 -70.32345690077264 -65.75103697373241 -0.0052724403286674715 -6.365059914646697 -5.340919426801321 17.867602681694937 9.396507681882765E-4 -0.0011198321789435653 -1168.8659906831213 -197.185305477788 211.03141356371864
0.49 -0.007421081610264796 -70.31105847852172 -65.78466270296518 -0.005298785274220563 -6.375866174816778 -5.349986955724461 17.889606617502917 8.899869415502716E-4 -0.0010606451350991068 -1168.9463878149593 -197.28678052701494 210.993210862668
0.5 -0.007329508291155836 -70.29916222735477 -65.81688517560319 -0.005325558159988475 -6.3862223214024105 -5.358676794504873 17.910699151537496 8.403767212689204E-4 -0.0010015219768288422 -1169.0228095254488 -197.38404163209768 210.95652109813634
0.51 -0.007238468612543788 -70.28774108247364 -65.84778219219571 -0.005352744669565368 -6.3961531295459935 -5.367009731955449 17.930930460531723 7.908140580488852E-4 -9.424554948590093E-4 -1169.0955149704666 -197.4773223825138 210.92126270759317
0.52 -0.007147935945337754 -70.27677000836859 -65.87742620545367 -0.005380331712643738 -6.40568181370617 -5.375005247319862 17.95034720331264 7.412934153920791E-4 -8.834390910449449E-4 -1169.1647449009283 -197.56684030774508 210.88736024637637
0.53 -0.007057883852148971 -70.2662254504505 -65.90588425827616 -0.005408306400568108 -6.414829674126462 -5.382681213624579 17.968992719148464 6.918092442036294E-4 -8.244661522400858E-4 -1169.2307161921483 -197.65279671021034 210.854742721973
0.54 -0.006968288861362535 -70.25608559306895 -65.93321891026233 -0.005436656920963401 -6.423616716128574 -5.39005441732769 17.986907382028004 6.423567799656683E-4 -7.655310003092441E-4 -1169.2936310645807 -197.73537942186096 210.82334439251377
0.55 -0.0068791287847426415 -70.24633001434162 -65.95948843434354 -0.005465372072968933 -6.432061549910149 -5.3971404742391655 18.004128843186155 5.929315326794302E-4 -7.066282842830917E-4 -1169.3536752187783 -197.81476340722506 210.79310371516164
0.56 -0.006790382643673281 -70.23693962243823 -65.98474713754219 -0.005494441137855688 -6.440181514060914 -5.403953933163237 18.020692217687998 5.435293106230559E-4 -6.477530086570761E-4 -1169.4110196764457 -197.8911117262597 210.7639631540434
0.57 -0.006702031186198536 -70.22789658968563 -66.0090457736255 -0.00552385407664957 -6.447992847668321 -5.410508420312226 18.03663031790914 4.941463547995312E-4 -5.889006936261548E-4 -1169.4658231091275 -197.96457676773068 210.73586898662296
0.58 -0.006614056191341052 -70.2191841940188 -66.03243177434231 -0.005553601310687384 -6.455510716140477 -5.4168166609744475 18.051973835247168 4.4477913964549527E-4 -5.300671376115398E-4 -1169.5182319899188 -198.03530094832314 210.7087708212758
0.59 -0.006526440608847675 -70.21078676580655 -66.05494954493687 -0.005583673748716933 -6.462749330615466 -5.422890579710668 18.066751509806554 3.954244206641567E-4 -4.712484739437057E-4 -1169.568382222654 -198.10341759786192 210.68262143865772
0.6 -0.006439168499208204 -70.2026895973734 -66.07664069342452 -0.005614062764486505 -6.469722012450454 -5.428741354466723 18.08099028265751 3.4607921903736594E-4 -4.1244115262226464E-4 -1169.6163999179648 -198.16905164743085 210.65737651935635
0.61 -0.006352224848106282 -70.19487887055826 -66.09754423963825 -0.005644760129136728 -6.476441257788601 -5.434379470751736 18.094715430450165 2.967407724861385E-4 -3.536418816827784E-4 -1169.6624021998296 -198.23232025786035 210.63299442456812
0.62 -0.006265595573081666 -70.18734159470904 -66.11769682094257 -0.005675758011207677 -6.482918806821335 -5.439814779756048 18.107950694014242 2.4740653838577144E-4 -2.94847630956427E-4 -1169.7064980705397 -198.29333343665198 210.60943600983458
0.63 -0.0061792674223584455 -70.18006554116184 -66.1371328668778 -0.005707048940450932 -6.4891656952347425 -5.445056541519705 18.12071839292825 1.9807416681046576E-4 -2.3605559989135942E-4 -1169.748789016767 -198.35219456259233 210.58666442729063
0.64 -0.0060932279153038844 -70.17303919082414 -66.1558847643641 -0.0057386257844740385 -6.495192308451458 -5.450113470447121 18.133039529895477 1.4874148559589016E-4 -1.7726319982855348E-4 -1169.7893696723722 -198.40900088172447 210.56464496763087
0.65 -0.00600746529762629 -70.16625168293129 -66.173983005614 -0.005770481730280608 -6.501008427818782 -5.454993774063141 18.144933886004797 9.940648957133125E-5 -1.184680410712479E-4 -1169.8283283645846 -198.46384395133504 210.54334490574965
0.66 -0.005921968481334173 -70.15969276891266 -66.19145632405343 -0.005802610261845587 -6.506623273682077 -5.459705189156125 18.156420107871064 5.006732500525157E-5 -5.9667914445507336E-5 -1169.8657476212486 -198.51681004810197 210.52273336159308
0.67 -0.005836727001696773 -70.15335277006425 -66.20833181951494 -0.005835005143282501 -6.512045545242124 -5.464255015222321 18.167515787832535 7.222788100478385E-7 -8.60778368759234E-7 -1169.9017046352415 -198.56798054392797 210.50278117259947
0.68 -0.00575173097359193 -70.1472225383375 -66.22463507206909 -0.005867660401840169 -6.517283456436182 -5.468650144573388 18.1782375371753 -4.863023240670575E-5 5.7955254173730745E-5 -1169.9362716768096 -198.61743224770387 210.48346077550198
0.69 -0.005666971051719559 -70.14129342076751 -66.24039024686354 -0.00590057031205049 -6.522344769351907 -5.472897090374246 18.18860105334878 -9.799167222017977E-5 1.167819274090797E-4 -1169.9695164758389 -198.66523772007125 210.4647460990981
0.7 -0.005582438395019938 -70.13555722644975 -66.25562019021268 -0.005933729381567332 -6.5272368246659305 -5.477002012183945 18.19862118174958 -1.473633931839052E-4 1.7562085324109684E-4 -1170.001502565416 -198.7114655619098 210.44661246471713
0.71 -0.0054981246329714704 -70.13000619621187 -66.2703465181264 -0.005967132337531211 -6.531966569790242 -5.4809707395733085 18.208311972605213 -1.9674664509919092E-4 2.344735211263181E-4 -1170.03228959694 -198.7561806801325 210.4290364948006
0.72 -0.005414021834986302 -70.12463297459942 -66.28458969777827 -0.0060007741141063775 -6.536540584755748 -5.484808793843854 18.21768673336672 -2.461425824667875E-4 2.933413069469773E-4 -1170.0619336269885 -198.79944453228023 210.41199602846464
0.73 -0.005330122482223936 -70.11943058403435 -66.29836912256445 -0.0060346498407639615 -6.540965106078243 -5.488521408053714 18.226758076994038 -2.9555227125682595E-4 3.522254810666837E-4 -1170.0904873794843 -198.84131535187387 210.3954700436117
0.74 -0.005246419441456686 -70.11439240093483 -66.31170318138153 -0.006068754831204615 -6.545246048803783 -5.492113545515792 18.235537966535688 -3.449766950840499E-4 4.111272157412565E-4 -1170.1180004857008 -198.88184835641124 210.3794385849544
0.75 -0.005162905941106979 -70.10951213360713 -66.324609322615 -0.006103084573133799 -6.549389026871822 -5.4955899168846685 18.244037756327643 -3.944167608863709E-4 4.7004759177750446E-4 -1170.1445197039181 -198.92109593948376 210.3638826973839
0.76 -0.0050795755489530334 -70.10478380177724 -66.33710411331344 -0.0061376347183923485 -6.553399371960609 -5.498954995969555 18.252268230103592 -4.4387330399047446E-4 5.28987604688945E-4 -1170.170089120962 -198.95910784843855 210.34878436427877
0.77 -0.004996422151638367 -70.10020171761559 -66.34920329394876 -0.0061724010739681034 -6.557282150931684 -5.502213034372133 18.26023963627739 -4.933470927973454E-4 5.879481702566974E-4 -1170.1947503371541 -198.99593134878918 210.33412645031717
0.78 -0.004913439935694627 -70.09576046813265 -66.36092182915196 -0.0062073795931851805 -6.561042182001454 -5.5053680750559835 18.267961720643594 -5.428388330452008E-4 6.4693012951673E-4 -1170.2185426363305 -199.03161137654422 210.31989264842235
0.79 -0.004830623369935274 -70.09145489882746 -66.37227395476394 -0.006242566367554048 -6.564684049743459 -5.508423964935119 18.275443756714218 -5.923491716000582E-4 7.059342533717377E-4 -1170.241503142256 -199.0661906794716 210.30606743048367
0.8 -0.004747967189167923 -70.08728009848863 -66.3832732215083 -0.006277957619047925 -6.568212119019755 -5.511384366563604 18.28269457388769 -6.41878699983572E-4 7.649612467731938E-4 -1170.263666962686 -199.09970994822166 210.29263600155275
0.81 -0.004665466379102075 -70.08323138505389 -66.39393253556503 -0.006313549692620768 -6.571630547928567 -5.514252769000194 18.289722583627483 -6.91427957501433E-4 8.240117524451905E-4 -1170.2850673221885 -199.1322079381452 210.2795842572309
0.82 -0.004583116162326105 -70.07930429244354 -66.40426419629864 -0.006349339049336322 -6.5749432998489254 -5.517032497914741 18.29653580381326 -7.409974341376045E-4 8.830863543240744E-4 -1170.3057356847262 -199.16372158256934 210.26689874399264
0.83 -0.0045009119852901045 -70.0754945582901 -66.41427993137087 -0.006385322259603754 -6.578154154654364 -5.519726724997781 18.30314188141117 -7.905875731324917E-4 9.421855806468308E-4 -1170.3257018668999 -199.1942860982198 210.2545666222098
0.84 -0.004418849506185053 -70.07179811249387 -66.42399092944677 -0.0064214959968964536 -6.581266719161928 -5.522338476728066 18.309548113597465 -8.401987733589902E-4 0.0010013099067712453 -1170.3449941426625 -199.22393508341872 210.2425756316664
0.85 -0.004336924583714512 -70.0682110665405 -66.43340787068416 -0.006457857031776371 -6.584284436876491 -5.5248706425493594 18.31576146745633 -8.898313914441963E-4 0.0010604597577099457 -1170.36363934024 -199.25270060962666 210.23091405936984
0.86 -0.004255133266548252 -70.0647297035222 -66.44254095517903 -0.006494402226103091 -6.587210597084976 -5.5273259825010825 18.321788598363185 -9.394857437384961E-4 0.001119635510469704 -1170.3816629319158 -199.2806133068484 210.21957070948278
0.87 -0.004173471783589625 -70.06135046880902 -66.4513999295259 -0.006531128527619501 -6.5900483433508334 -5.5297071343461255 18.327635867154754 -9.891621080472229E-4 0.001178837496127041 -1170.3990891172887 -199.30770244337856 210.2085348752152
0.88 -0.004091936534799161 -70.05806996132108 -66.4599941116362 -0.006568032964864301 -6.592800681453941 -5.532016620233321 18.33330935617781 -0.001038860725279348 0.0012380660017867263 -1170.4159409005315 -199.33399600031788 210.197796312527
0.89 -0.0040105240826787715 -70.05488492535773 -66.46833241394677 -0.006605112642127153 -6.595470486817934 -5.534256852929559 18.33881488430133 -0.0010885818008970166 0.001297321272319112 -1170.4322401621614 -199.35952074125527 210.1873452155087
0.9 -0.003929231144270609 -70.05179224294221 -66.47642336513883 -0.006642364734915418 -6.598060511463025 -5.5364301416539945 18.344158020969164 -0.0011383255062961957 0.001356603511975733 -1170.44800772575 -199.38430227747907 210.17717219331752
0.91 -0.0038480545836701747 -70.04878892664424 -66.4842751304777 -0.006679786485548789 -6.600573390519209 -5.538538697543245 18.349344099363922 -0.001188091980048047 0.001415912885899412 -1170.4632634199943 -199.40836512904602 210.16726824855095
0.92 -0.0037669914049952512 -70.04587211284667 -66.49189553087416 -0.006717375198924458 -6.603011648332032 -5.540584638774689 18.354378228746903 -0.0012378813290613603 0.0014752495215082768 -1170.4780261365115 -199.43173278201277 210.1576247569605
0.93 -0.0036860387457832034 -70.04303905542363 -66.49929206076015 -0.006755128238708608 -6.605377704190154 -5.542569995372588 18.35926530603366 -0.0012876936296857529 0.0015346135097748812 -1170.4923138836916 -199.45442774210818 210.14823344840474
0.94 -0.0036051938707768153 -70.04028711980209 -66.50647190486426 -0.006793043023584744 -6.607673877701927 -5.54449671371944 18.36401002665979 -0.0013375289287041396 0.001594004906476642 -1170.5061438369248 -199.4764715851009 210.13908638895649
0.95 -0.0035244541660617826 -70.03761377737922 -66.51344195396426 -0.0068311170237720376 -6.609902393845566 -5.5463666607936375 18.36861689478701 -0.0013873872443411505 0.0016534237333185732 -1170.519532385469 -199.49788500409795 210.13017596408403
0.96 -0.0034438171335443657 -70.03501660027149 -66.5202088196896 -0.006869347757834987 -6.612065387715958 -5.54818162815252 18.373090232895898 -0.0014372685671736466 0.0017128699790678681 -1170.5324951762268 -199.51868785398864 210.12149486282925
0.97 -0.0033632803857192913 -70.03249325637242 -66.5267788484397 -0.006907732789677823 -6.614164908989139 -5.549943335678478 18.37743419080806 -0.0014871728610157725 0.0017723436006000803 -1170.545047154664 -199.53889919323544 210.11303606291727
0.98 -0.0032828416406949453 -70.0300415046982 -66.53315813447838 -0.006946269725666809 -6.616202926123599 -5.551653435104356 18.38165275417622 -0.0015371000638072815 0.0018318445239699154 -1170.5572026030686 -199.55853732319073 210.10479281673176
0.99 -0.003202498717554433 -70.02765919100182 -66.53935253226162 -0.00698495621205808 -6.618181330316592 -5.553313513332995 18.385749752479235 -0.0015870500884488782 0.0018913726453639026 -1170.5689751763691 -199.5776198251117 210.09675863810065
1.0 -0.0031222495318304682 -70.0253442436377 -66.54536766805006 -0.007023789932596003 -6.620101939231759 -5.554925095565352 18.38972886655482 -0.0016370228236409245 0.0019509278321427415 -1170.5803779356781 -199.5961635950283 210.08892728983437
1.01 -0.00314596014132644 -70.02494165889036 -66.54467452293224 -0.007033451555614079 -6.619510214084421 -5.55442857921247 18.38955118421515 -0.0016311277539067758 0.0019439023616050239 -1170.5718101841348 -199.59388569852175 210.0879277567107
1.02 -0.00313891139075292 -70.02624366734454 -66.54309422503601 -0.007028423946628948 -6.619389547690158 -5.554327328085563 18.388214671185022 -0.0016319732052352417 0.0019449099312547746 -1170.5763760783918 -199.58920978887576 210.09177791298623
1.03 -0.0031421822030063547 -70.02592342425817 -66.54347560716342 -0.00702968989448749 -6.619415332915953 -5.554348964459024 18.38853974594934 -0.001631132627010869 0.0019439081691340204 -1170.5752071966967 -199.5903265084993 210.0908459218686
1.04 -0.0031396920528376487 -70.0256159820492 -66.54405546288221 -0.007029456590395 -6.619553846894469 -5.554465191487282 18.38895869446204 -0.0016320803723731707 0.0019450376480756168 -1170.5753812417995 -199.5920848106239 210.08989958577365
1.05 -0.0031408073173904406 -70.02575397201349 -66.54374881997614 -0.007029442194166791 -6.619466987339035 -5.554392307666376 18.38874746251334 -0.0016316059768268039 0.001944472285476673 -1170.5750227711974 -199.5911567922012 210.0903246214546
1.06 -0.0031409170865687995 -70.02585366250472 -66.54363013758413 -0.007029336207452275 -6.619458981333537 -5.554385589830119 18.38864628814238 -0.0016315152535299597 0.0019443641656657347 -1170.5753858814835 -199.59080024476202 210.09062507782355
1.07 -0.0031405985642952534 -70.02577413785704 -66.54375390717772 -0.007029426023578367 -6.61948085427446 -5.554403943406754 18.388741545064264 -0.0016316867697657557 0.0019445685707575348 -1170.5752722895897 -199.5911736391977 210.0903831137763
1.08 -0.0031406618990346413 -70.02575978291256 -66.54377495271484 -0.007029436828418056 -6.619484112713934 -5.5544066775621275 18.388758091765588 -0.0016316647611209964 0.001944542341869502 -1170.575243798656 -199.59123627145857 210.09034063549908
1.09 -0.0031407011541045135 -70.02578923066523 -66.54372394387276 -0.007029396511192942 -6.619473257442941 -5.554397568908229 18.38872022953175 -0.0016316313006555774 0.0019445024652508544 -1170.5752546729263 -199.59108307370624 210.09042948189463
1.1 -0.00314072127292119 -70.02578896600801 -66.54372844810597 -0.007029409328609404 -6.61947550847891 -5.5543994577516855 18.388722592873474 -0.0016316282416861164 0.0019444988197084465 -1170.5752790078175 -199.59109640519603 210.09042885156626
1.11 -0.003140668068588445 -70.02577812157693 -66.5437451347494 -0.007029414476548368 -6.619478389393496 -5.554401875126061 18.38873548699994 -0.0016316527502654979 0.0019445280278990293 -1170.5752623650098 -199.5911468389149 210.09039577817228
1.12 -0.0031406937495805426 -70.02578071016356 -66.54374022139515 -0.0070294131482739886 -6.619477206580086 -5.55440088262776 18.388731944000074 -0.0016316414107779777 0.0019445145140170458 -1170.5752607016927 -199.59113191411856 210.0904038006144
1.13 -0.0031406948698953397 -70.02578394078928 -66.54373520765955 -0.007029408963788342 -6.619476325621427 -5.554400143415677 18.388728081416417 -0.0016316391774991866 0.001944511852503579 -1170.5752654167552 -199.5911168769348 210.09041351569306
1.14 -0.003140692226860941 -70.02578236659522 -66.54373807918088 -0.007029411827247145 -6.619476982950534 -5.554400694980302 18.38873017779672 -0.0016316414919905213 0.0019445146107954676 -1170.5752657114037 -199.59112550293526 210.0904087590506
1.15 -0.0031406888688410425 -70.02578153466703 -66.54373923016506 -0.0070294118974345565 -6.619477135227651 -5.554400822755952 18.388731102397706 -0.001631642932195903 0.0019445163271699895 -1170.57526365324 -199.59112898003093 210.0904062297795
1.16 -0.003140692290965707 -70.02578227984696 -66.54373797248908 -0.007029411282310605 -6.619476878157403 -5.554400607048407 18.388730160844705 -0.0016316412364137177 0.0019445143062169997 -1170.575264125948 -199.5911251837131 210.0904085008298
1.17 -0.0031406919096379137 -70.02578241458022 -66.54373782540782 -0.007029411179196643 -6.619476874426905 -5.55440060391814 18.388730030766393 -0.0016316413528949946 0.0019445144450370377 -1170.5752646978756 -199.59112474561246 210.09040890160387
1.18 -0.003140691161899374 -70.02578212156598 -66.54373830709604 -0.0070294115202642615 -6.619476968672572 -5.554400682999656 18.388730394573525 -0.0016316418104433252 0.001944514990319613 -1170.5752644337776 -199.59112619517694 210.09040801421247
1.19 -0.003140691286744498 -70.02578213547339 -66.54373825592896 -0.007029411438757904 -6.619476949133549 -5.554400666604465 18.38873036315263 -0.0016316417238005523 0.0019445148870627766 -1170.5752642751213 -199.5911260409671 210.0904080573794
1.2 -0.0031406915958385306 -70.02578223712806 -66.5437380955927 -0.007029411354274373 -6.619476920043084 -5.554400642194679 18.388730240325533 -0.001631641558423312 0.0019445146899776788 -1170.5752644076526 -199.5911255579461 210.0904083656396
1.21 -0.0031406914602827777 -70.02578221043962 -66.54373814780803 -0.007029411393432383 -6.61947693306745 -5.554400653123409 18.388730277633297 -0.0016316416317989013 0.0019445147774225374 -1170.575264434089 -199.59112571547888 210.09040828412998
1.22 -0.003140691386393042 -70.02578217992576 -66.54373819389583 -0.00702941141798874 -6.619476940713422 -5.554400659539141 18.388730313482135 -0.0016316416731761087 0.0019445148267400907 -1170.5752643819542 -199.59112585420905 210.09040819178668
1.23 -0.0031406914495253806 -70.02578219593008 -66.54373816543836 -0.007029411398029595 -6.619476934422515 -5.554400654260448 18.38873029253713 -0.0016316416382756286 0.0019445147851396758 -1170.575264383374 -199.59112576842983 210.09040824047815
1.24 -0.003140691461455731 -70.02578220339541 -66.54373815508988 -0.007029411393581597 -6.619476933045345 -5.554400653104864 18.38873028423015 -0.0016316416313836353 0.0019445147769345263 -1170.5752644017393 -199.59112573731156 210.09040826300574
1.25 -0.0031406914375803493 -70.02578219610214 -66.543738167431 -0.00702941140178126 -6.619476935578351 -5.55440065523031 18.388730293461318 -0.0016316416448638959 0.0019445147929912669 -1170.5752643972965 -199.59112577448656 210.09040824086725
1.26 -0.0031406914375116724 -70.02578219499487 -66.54373816849115 -0.0070294114014686215 -6.619476935529928 -5.554400655189667 18.388730294456032 -0.0016316416447640144 0.0019445147928729958 -1170.575264391701 -199.59112577766766 210.09040823754518
1.27 -0.0031406914466311064 -70.02578219783044 -66.54373816386689 -0.007029411398725927 -6.619476934637646 -5.554400654440968 18.38873029095397 -0.001631641639775708 0.0019445147869327519 -1170.5752643944797 -199.59112576373602 210.09040824614965
1.28 -0.0031406914443554137 -70.02578219762049 -66.54373816447442 -0.007029411399351204 -6.619476934844844 -5.554400654614824 18.388730291345844 -0.0016316416410031523 0.001944514788380272 -1170.575264395878 -199.59112576557388 210.0904082454959
1.29 -0.003140691441790942 -70.025782196655 -66.54373816599288 -0.007029411400232277 -6.619476935118815 -5.554400654844699 18.388730292510246 -0.001631641642443634 0.0019445147901145552 -1170.5752643945925 -199.59112577014525 210.09040824257139
1.3 -0.0031406914430410237 -70.02578219693535 -66.54373816545285 -0.0070294113998059515 -6.619476934986512 -5.5544006547336835 18.388730292122574 -0.0016316416417356274 0.0019445147892700207 -1170.5752643943663 -199.59112576851717 210.09040824342597
1.31 -0.003140691443739828 -70.02578219721977 -66.54373816502681 -0.007029411399592789 -6.619476934917117 -5.554400654675476 18.388730291790196 -0.0016316416413517264 0.0019445147888155641 -1170.5752643948736 -199.59112576723456 210.09040824428672
1.32 -0.003140691443119006 -70.02578219705921 -66.54373816530999 -0.007029411399791741 -6.619476934979019 -5.554400654727402 18.388730291999174 -0.0016316416417049844 0.0019445147892220352 -1170.5752643948454 -199.59112576808823 210.09040824379852
1.33 -0.003140691443017051 -70.02578219699211 -66.5437381654015 -0.007029411399820162 -6.61947693499059 -5.554400654737108 18.388730292073095 -0.0016316416417563634 0.001944514789290145 -1170.5752643946712 -199.59112576836336 210.09040824359602
1.34 -0.003140691443252326 -70.02578219706359 -66.54373816528108 -0.007029411399749108 -6.619476934966045 -5.554400654716517 18.388730291982878 -0.001631641641629833 0.0019445147891324695 -1170.575264394718 -199.59112576800064 210.09040824381304
1.35 -0.0031406914432424034 -70.02578219707229 -66.54373816527414 -0.007029411399749108 -6.61947693496716 -5.554400654717455 18.388730291975754 -0.001631641641632753 0.0019445147891413003 -1170.5752643947706 -199.5911257679798 210.090408243839
1.36 -0.0031406914431605084 -70.02578219704495 -66.54373816531852 -0.007029411399791741 -6.619476934975655 -5.5544006547245885 18.38873029200941 -0.0016316416416865653 0.0019445147891924352 -1170.5752643947424 -199.59112576811359 210.0904082437562
1.37 -0.003140691443183549 -70.02578219704768 -66.54373816531155 -0.007029411399770424 -6.619476934973463 -5.554400654722741 18.38873029200479 -0.0016316416416641195 0.0019445147891779164 -1170.5752643947299 -199.59112576809247 210.09040824376456
1.38 -0.0031406914432059287 -70.02578219705683 -66.54373816529721 -0.007029411399763319 -6.619476934970891 -5.554400654720581 18.38873029199378 -0.0016316416416543161 0.0019445147891677648 -1170.5752643947421 -199.59112576804927 210.0904082437922
1.39 -0.0031406914431934647 -70.02578219705393 -66.54373816530276 -0.007029411399763319 -6.61947693497223 -5.554400654721704 18.388730291997774 -0.0016316416416608647 0.0019445147891717478 -1170.5752643947444 -199.591125768066 210.09040824378343
1.4 -0.0031406914431879682 -70.02578219705129 -66.54373816530668 -0.007029411399770424 -6.619476934972852 -5.5544006547222295 18.388730292000844 -0.00163164164166297 0.0019445147891765497 -1170.5752643947394 -199.5911257680778 210.0904082437754
1.41 -0.003140691443194255 -70.02578219705288 -66.54373816530389 -0.007029411399763319 -6.619476934972262 -5.554400654721718 18.38873029199878 -0.001631641641654239 0.0019445147891730262 -1170.5752643947399 -199.59112576806936 210.0904082437802
1.42 -0.0031406914431955277 -70.02578219705345 -66.54373816530307 -0.007029411399763319 -6.619476934972145 -5.554400654721633 18.388730291998126 -0.0016316416416562853 0.0019445147891708806 -1170.575264394741 -199.59112576806692 210.09040824378195
