0.0 10.0 1.0
Linear 1 explicit
 0.000000 1.1099349445092626
 0.010000 1.3556426683962668
 0.020000 1.855236559124774
 0.030000 2.4074243292033013
 0.040000 2.9293762216430674
 0.050000 3.408438761565414
 0.060000 3.845667230093228
 0.070000 4.2486899536532485
 0.080000 4.625853583273733
 0.090000 4.986776259637577
 0.100000 5.3379895542849205
 0.110000 5.685405722647543
 0.120000 6.034137877744958
 0.130000 6.384996171094911
 0.140000 6.743734860197452
 0.150000 7.110678871865779
 0.160000 7.486945856214268
 0.170000 7.876202076359584
 0.180000 8.275325640747104
 0.190000 8.688952888668227
 0.200000 9.11463757146616
 0.210000 9.55425207478964
 0.220000 10.008171354273074
 0.230000 10.476189098956894
 0.240000 10.959546279574232
 0.250000 11.458971507170476
 0.260000 11.97387149164471
 0.270000 12.5077891254596
 0.280000 13.058855035989488
 0.290000 13.629633286747854
 0.300000 14.22241399577397
 0.310000 14.838896242733595
 0.320000 15.481043238357195
 0.330000 16.151863417015033
 0.340000 16.854604397415564
 0.350000 17.572413615000848
 0.360000 18.276542744067235
 0.370000 18.950501718417502
 0.380000 19.58843383807608
 0.390000 20.191988306104314
 0.400000 20.767149633256814
 0.410000 21.32150371177656
 0.420000 21.862198897694636
 0.430000 22.394839890293046
 0.440000 22.928397153543877
 0.450000 23.473283704190337
 0.460000 24.03308296313796
 0.470000 24.606281910318422
 0.480000 25.188126524168766
 0.490000 25.77205916387783
 0.500000 26.35081667289625
 0.510000 26.91724024709896
 0.520000 27.464880378193325
 0.530000 27.98844962596836
 0.540000 28.48401900548747
 0.550000 28.948978109698693
 0.560000 29.381838525657354
 0.570000 29.781955573063097
 0.580000 30.149231552560398
 0.590000 30.483847990782763
 0.600000 30.786053460928724
 0.610000 31.05601531849125
 0.620000 31.29373066296335
 0.630000 31.49898432303573
 0.640000 31.67133924911343
 0.650000 31.8101456082156
 0.660000 31.914557771809637
 0.670000 31.983551859535353
 0.680000 32.01593984302144
 0.690000 32.01037889530732
 0.700000 31.96537662744048
 0.710000 31.87929410165271
 0.720000 31.75034924279443
 0.730000 31.576623634166637
 0.740000 31.356075827558755
 0.750000 31.08656426760672
 0.760000 30.765886263352662
 0.770000 30.399531002449134
 0.780000 30.009378427634427
 0.790000 29.606135665867512
 0.800000 29.1894887180515
 0.810000 28.753452289720997
 0.820000 28.290493809630764
 0.830000 27.790565508943377
 0.840000 27.191194527135195
 0.850000 26.45169080372395
 0.860000 25.55638396358573
 0.870000 24.51205261292197
 0.880000 23.35279173495142
 0.890000 22.129489695574847
 0.900000 20.897998078477382
 0.910000 19.70630298096483
 0.920000 18.588098007135102
 0.930000 17.561424704230213
 0.940000 16.631937592946972
 0.950000 15.85711595773535
 0.960000 15.432999296501022
 0.970000 15.041415168953392
 0.980000 14.654898741758752
 0.990000 14.26886563126118
 1.000000 13.882896993945128
 1.010000 13.501410885557153
 1.020000 13.135644184541409
 1.030000 12.788143827088824
 1.040000 12.458461459918103
 1.050000 12.145694578665434
 1.060000 11.848941122092825
 1.070000 11.572869967079262
 1.080000 11.390645011594774
 1.090000 11.308967520599648
