0.0 10.0 1.0
Linear 1 explicit
 0.000000 1.1099349445092626
 0.010000 1.5162876865827692
 0.020000 2.3615141876480026
 0.030000 3.3410083573238794
 0.040000 4.3387297003370895
 0.050000 5.303193237051798
 0.060000 6.211265605358503
 0.070000 7.054424402933236
 0.080000 7.829862069272679
 0.090000 8.546023718473764
 0.100000 9.219702561290779
 0.110000 9.859588108037494
 0.120000 10.472886342846152
 0.130000 11.065356541367745
 0.140000 11.638889007948714
 0.150000 12.199681166986483
 0.160000 12.7520308449084
 0.170000 13.278833341440212
 0.180000 13.771147137889617
 0.190000 14.253997299063277
 0.200000 14.732145312693882
 0.210000 15.173143861188699
 0.220000 15.589533318401969
 0.230000 16.018559377498917
 0.240000 16.442676892437056
 0.250000 16.875099516616533
 0.260000 17.315192926310136
 0.270000 17.753482091126628
 0.280000 18.172110032453716
 0.290000 18.554348248609948
 0.300000 18.874581468751245
 0.310000 19.093260826180174
 0.320000 19.183590549626313
 0.330000 19.141871672371703
 0.340000 18.97059866317238
 0.350000 18.698110830886574
 0.360000 18.366863071956793
 0.370000 18.01033784923963
 0.380000 17.621936609064633
 0.390000 17.20111969252437
 0.400000 16.766038536167716
 0.410000 16.322363913378297
 0.420000 15.871569783709282
 0.430000 15.414616896151879
 0.440000 14.928250302911701
 0.450000 14.269661437077213
 0.460000 13.22752140357926
 0.470000 11.992856783312236
 0.480000 10.74417799908142
 0.490000 9.602161562457573
 0.500000 8.667451575484236
 0.510000 7.7881958945137155
