0.0 0.0 0.0 0.0
0.001 5.905754836358833E-4 -2.6903523282584274E-4 -0.006482355249673333
0.002 0.0021797450120448966 -0.0010073367485929907 -0.024323581064564337
0.003 0.0056032972515164875 -0.002649701903109758 -0.05349665245022095
0.004 0.011175731705363632 -0.005605609573933634 -0.09334392184644003
0.005 0.018647488949107068 -0.010037924304661772 -0.14288081938756392
0.006 0.026776194667994774 -0.015575031728211286 -0.20050997812645477
0.007 0.03412444146588673 -0.021763684793583593 -0.2648193261266911
0.008 0.04138298878257451 -0.028961386101073572 -0.3356852891525577
0.009 0.04851007354766039 -0.03721860559426915 -0.412393537968029
0.01 0.05517137714671129 -0.04654706036735945 -0.4942162146219502
0.011 0.06117767935696228 -0.05696319696141927 -0.580523072954719
0.012 0.06635747368086164 -0.06845929113858062 -0.6707601317262473
0.013 0.07055463812610704 -0.08099970115237909 -0.76444832265625
0.014 0.07362844181711248 -0.09452578443243453 -0.8611717715999632
0.015 0.07545501329513993 -0.10896645272003269 -0.9605606679514764
0.016 0.07592901033783694 -0.12424967564636091 -1.0622748857738458
0.017 0.07496440416539707 -0.14031066726489172 -1.1659931815267726
0.018 0.07249384475305592 -0.15709446412768102 -1.2714098820409774
0.019 0.06846672272694031 -0.17455308272111125 -1.3782378995250895
0.02 0.0672790817526575 -0.19108077102056598 -1.4835068191248126
0.021 0.06811967343155564 -0.20693980328110229 -1.5881380616534742
0.022 0.0696327006168653 -0.22279840858734445 -1.6931754056626431
0.023 0.07099889581831288 -0.23868777411124853 -1.7985031277429826
0.024 0.07258824599640468 -0.2543845535556528 -1.9036326708080509
0.025 0.07432720930556505 -0.2698391176172308 -2.0084561748590914
0.026 0.07618424404461502 -0.2849860645176605 -2.1128380645607834
0.027 0.07813260746049783 -0.29976958875472803 -2.216651909636653
0.028 0.08014947513104143 -0.31414504941673016 -2.319778438429516
0.029 0.08221524240837776 -0.32807780660630215 -2.422106050747878
0.03 0.08431301679383782 -0.34154024174702613 -2.5235327512477213
0.031 0.08642825258496749 -0.35450832652106357 -2.62396817446227
0.032 0.08854846988550279 -0.3669589725740465 -2.723334651075575
0.033 0.09066301511179473 -0.378868849030205 -2.8215668609061595
0.034 0.09276284100450194 -0.39021467194682913 -2.9186102549024824
0.035 0.09484030039307448 -0.4009744209065005 -3.0144188686634052
0.036 0.09688895628726828 -0.411128698103127 -3.108953271110316
0.037 0.09929238888193727 -0.42079507893967616 -3.202401017081449
0.038 0.10178375930504066 -0.4299495989200608 -3.294671783454575
0.039 0.10412014191456641 -0.43862677326639243 -3.385792771777659
0.04 0.10641221075833301 -0.44674763640055914 -3.475623635501883
0.041 0.10867750743113211 -0.45428908743577523 -3.5641492485930755
0.042 0.11093241500022687 -0.4612295759841558 -3.65135926775433
0.043 0.1131921133516681 -0.46754869065757987 -3.737247857207848
0.044 0.11547052060887879 -0.473227530373741 -3.8218128341622375
0.045 0.11773486848691911 -0.47827103268161864 -3.9050944344457648
0.046 0.12007314665601784 -0.4826274465867044 -3.987015674921942
0.047 0.12246586252140153 -0.4863030372775228 -4.067618849037821
0.048 0.12492154371372031 -0.48929216586326163 -4.146907193929351
0.049 0.12744747270668336 -0.49159272770203444 -4.224884684437221
0.05 0.1300496591535406 -0.49320559082786275 -4.301556324024368
0.051 0.13273283985435277 -0.49413389316092093 -4.376928498870086
0.052 0.13550048442936624 -0.494382405053166 -4.451009234124271
0.053 0.1383548071754258 -0.49395706689071517 -4.523808284135427
0.054 0.14129678716761068 -0.4928647121818983 -4.595337073387945
0.055 0.1443261973177162 -0.4911129114570869 -4.665608559915867
0.056 0.1474416417435956 -0.4887098426181353 -4.734637105464458
0.057 0.15088260501902578 -0.4857598698528065 -4.802600400956905
0.058 0.15465644677611404 -0.48224539203917516 -4.86942931207291
0.059 0.15871952961406022 -0.4781589409246578 -4.935125396745377
0.06 0.16274839648312237 -0.4734967248676867 -4.999694848549069
0.061 0.16404941974528975 -0.46828166099125923 -5.063194487678224
0.062 0.16534921861512114 -0.46249510737897737 -5.125615564773341
0.063 0.16663990750991156 -0.4561392208918633 -5.186978021773967
0.064 0.16791474972845608 -0.4492164089615258 -5.247302523853982
0.065 0.1691539296843763 -0.44173433466569634 -5.306619603293697
0.066 0.1701760147161574 -0.43377064690725575 -5.36506394104498
0.067 0.17106227453668332 -0.4253101843191942 -5.422600921599077
0.068 0.1718241617901346 -0.416350785413762 -5.479248369322519
0.069 0.17247196625095224 -0.4068926332153069 -5.535023410155198
0.07 0.1730149692888901 -0.3969379110461091 -5.589942687087564
0.071 0.17346155174490518 -0.3864904981070083 -5.644022537342778
0.072 0.17381929752711786 -0.3755556659539536 -5.697279152708944
0.073 0.1740950920233581 -0.3641397932099153 -5.749728711823437
0.074 0.17429521225633207 -0.35225011139156237 -5.801387479770568
0.075 0.17442540777057905 -0.3398944801945589 -5.852271881465967
0.076 0.17449097172090033 -0.3270811811331811 -5.902398559888255
0.077 0.17449680081007557 -0.3138187184716372 -5.951784426835339
0.078 0.17444744790366704 -0.3001156282152664 -6.000446710680464
0.079 0.17434716622544683 -0.2859803040808586 -6.04840299486105
0.08 0.17419994398421856 -0.2714208560258271 -6.095671235442225
0.081 0.1740095355235843 -0.2564450200645254 -6.142269745398316
0.082 0.17377948925778336 -0.24106013298007412 -6.188217138538263
0.083 0.1735131701124651 -0.225273174826647 -6.233532234725558
0.084 0.173213776355951 -0.20909086911343167 -6.278233936870983
0.085 0.17288435365172888 -0.19251981901174986 -6.322341096711128
0.086 0.17252779029516038 -0.1755666435971861 -6.365872376289936
0.087 0.1721467895915112 -0.1582380885879715 -6.40884611578069
0.088 0.17174387169763855 -0.1405411234737528 -6.451280250425924
0.089 0.17132138770855282 -0.12248300419924618 -6.493192265240474
0.09 0.1708815375815962 -0.10407129579075303 -6.534599178148717
0.091 0.17042638972936294 -0.08531385973438432 -6.575517545392728
0.092 0.169957899489383 -0.06621881314304545 -6.6159634826766265
0.093 0.169477924295092 -0.04679446659417863 -6.655952696628411
0.094 0.16898823455112522 -0.027049246324800436 -6.695500522695049
0.095 0.16849052035142803 -0.006991605534921064 -6.734621966627053
0.096 0.16798639494229792 0.013370070384389976 -6.773331746857558
0.097 0.16747739635336256 0.03402763726506919 -6.811644382746437
0.098 0.16696498823795924 0.054973424871889165 -6.849574312657104
0.099 0.16645055325790648 0.07620025524502694 -6.887135876817084
0.1 0.1659353980442895 0.09770133979830575 -6.924343228382618
0.101 0.1654207602788101 0.11947020267236041 -6.961210268737339
0.102 0.1649078106948429 0.1415007112390967 -6.997750651600761
0.103 0.16439765534332318 0.16378706477257055 -7.033977763482966
0.104 0.16389133637697087 0.18632381172881196 -7.069904724168701
0.105 0.16338983367075116 0.20910588102401562 -7.105544397410647
0.106 0.16289406975702592 0.2321286072709583 -7.140909399844489
0.107 0.16240491400023155 0.25538761141166333 -7.1760120278715505
0.108 0.16192318571485959 0.2788786708349349 -7.210864186631952
0.109 0.16144965718788934 0.30259763119948246 -7.245477350152221
0.11 0.16098505671487365 0.3265403527173447 -7.279862545121304
0.111 0.1605300714800448 0.3507026853989288 -7.314030352161552
0.112 0.16008535011606406 0.3750804652643893 -7.347990917766182
0.113 0.15965150484971616 0.39966952302831515 -7.381753970838908
0.114 0.15922911319842425 0.42446569878348583 -7.415328839941651
0.115 0.15881871920863558 0.44946485931685487 -7.448724469816234
0.116 0.15842083423271414 0.47466291724986576 -7.481949437448989
0.117 0.15803593724925072 0.5000558521869891 -7.515011968396209
0.118 0.1576644747603521 0.5256397333802241 -7.547919953426643
0.119 0.15730686035132643 0.551410741753223 -7.580680964367083
0.12 0.15696347406067623 0.5773651875248902 -7.613302267085075
0.121 0.15663466175985233 0.6034995190546866 -7.6457908293493375
0.122 0.1563207347615881 0.6298103193418996 -7.678153322030305
0.123 0.15602196985057912 0.6562942886809182 -7.710396113501034
0.124 0.15573860986206964 0.6829482146582748 -7.742525258680146
0.125 0.1554708648369749 0.7097689331357628 -7.7745464853914115
0.126 0.15521891367912274 0.7367532853931493 -7.8064651812295764
0.127 0.15498290615465454 0.7638980768634056 -7.8382863838240695
0.128 0.15476296502334205 0.7912000419700433 -7.870014776457097
0.129 0.15455918808401425 0.818655817900499 -7.901654689767405
0.13 0.15437164994793146 0.846261928288861 -7.933210109131316
0.131 0.15420040341282001 0.8740147762359598 -7.964684686533374
0.132 0.1540454803805542 0.9019106451466214 -7.9960817554225585
0.133 0.1539068923282343 0.9299457055331004 -8.027404347131899
0.134 0.15378463039514767 0.9581160260368478 -8.05865520774828
0.135 0.15367866518205825 0.9864175871919016 -8.089836814662988
0.136 0.15358894637485593 1.0148462966648921 -8.12095139227766
0.137 0.15351540230536725 1.0433980047556588 -8.152000926441872
0.138 0.15345793955260256 1.072068518864711 -8.182987177203358
0.139 0.1534164426716661 1.1008536155574546 -8.213911689450306
0.14 0.15339077411732152 1.1297490489311741 -8.24477580110674
0.141 0.15338077440593936 1.1587505543089307 -8.275580648744352
0.142 0.15338626253406096 1.1878538468423443 -8.306327170778971
0.143 0.15340703664532526 1.2170546153006612 -8.337016108753332
0.144 0.15344287491212338 1.2463485119994218 -8.367648007480163
0.145 0.15349353657683984 1.2757311403245382 -8.39822321495457
0.146 0.15355876308270228 1.3051980415321864 -8.428741882910224
0.147 0.1536382792181295 1.3347446824312357 -8.459203968707158
0.148 0.15373179351738048 1.364366444809896 -8.489609239496957
0.149 0.15383319796861789 1.3940645150705038 -8.51995761609814
0.15 0.15406196333006175 1.423903594020949 -8.55014403823705
0.151 0.15444593630235795 1.45388682892726 -8.580140811270617
0.152 0.15496568018489462 1.4839995312144367 -8.609957027154863
0.153 0.15560389604233188 1.514228013975071 -8.639601576106195
0.154 0.15634537230009085 1.5445598354013015 -8.669083215899583
0.155 0.15717684231816703 1.574983716320375 -8.698410496713812
0.156 0.158086491634181 1.605488848680487 -8.727591487987766
0.157 0.15906375891025715 1.6360648790996848 -8.756633794672439
0.158 0.1600991665643936 1.6667018955894903 -8.785544570520528
0.159 0.16118418335438772 1.697390406239542 -8.814330526074087
0.16 0.1623111145354901 1.7281213150922454 -8.842997934039808
0.161 0.16347301014993254 1.7588860350901783 -8.871552697710428
0.162 0.16466358467053666 1.789676690282505 -8.900000455024298
0.163 0.1658771428260724 1.8204860133918999 -8.928346538517793
0.164 0.16710851148773606 1.8513072351996769 -8.956595939124512
0.165 0.1683529842226626 1.8821340952650019 -8.9847533311858
0.166 0.16960626198905898 1.9129610703566087 -9.01282319301339
0.167 0.17086437463461032 1.9437834194435766 -9.040809835492048
0.168 0.17212363395834046 1.974597108661797 -9.068717380745042
0.169 0.17338059888603174 2.0053987525793033 -9.096549752453683
0.17 0.17463203725891635 2.036185565561638 -9.124310675622496
0.171 0.1758833374514598 2.066961282825474 -9.152004346807693
0.172 0.17700486035598428 2.0977970763151887 -9.17952152052328
0.173 0.17796048542960258 2.128699925462449 -9.206835490795754
0.174 0.17876624214276288 2.1596582782271128 -9.233959348988705
0.175 0.1794360498667837 2.1906622894957053 -9.260905997981858
0.176 0.17998197881859412 2.2217035627720065 -9.287688034254955
0.177 0.1804144846995574 2.2527749405566198 -9.31431766688953
0.178 0.1807426101231087 2.283870336752017 -9.340806666501585
0.179 0.1809741208919901 2.3149845977525416 -9.367166321119235
0.18 0.18111558150595325 2.3461133842238695 -9.393407389874106
0.181 0.18117248806305394 2.3772530892801598 -9.419540102853006
0.182 0.18114940257832068 2.4084007575151247 -9.445574169491017
0.183 0.18105007057953326 2.4395539928769523 -9.471518781964058
0.184 0.18087752424703604 2.470710856351708 -9.497382615087815
0.185 0.1806341728958746 2.5018697596675707 -9.523173826220926
0.186 0.18032188262732868 2.533029363788671 -9.548900059004588
0.187 0.17994204675277733 2.5641884897027936 -9.574568453344668
0.188 0.1794956482509839 2.595346044966327 -9.600185661696358
0.189 0.17898331522056735 2.6265009647106083 -9.625757869556338
0.19 0.1784053700923906 2.6576521623490663 -9.651290816951565
0.191 0.17776187272273425 2.6887984837377417 -9.676789817865206
0.192 0.17705264450108524 2.719938645996109 -9.702259773850102
0.193 0.17627728524895317 2.7510709854300615 -9.727705253311655
0.194 0.17543540027907042 2.7821923442654466 -9.75313091842375
0.195 0.17452701444732438 2.813297975762694 -9.77854140762705
0.196 0.17355238515986782 2.844380932119435 -9.803941505886893
0.197 0.1725113912274337 2.8754324339575845 -9.829336041337125
0.198 0.17140341371188716 2.9064427071142944 -9.854729758221264
0.199 0.17022752040729844 2.937401565843345 -9.880127504903012
0.2 0.16898262992496943 2.968298973670386 -9.905534418452064
0.201 0.1676676111448323 2.999125404566378 -9.930955993889079
0.202 0.16628132317280225 3.029871924443526 -9.956398026172266
0.203 0.16482261968654463 3.0605300382085048 -9.981866467443275
0.204 0.1632903436070839 3.091091423609363 -10.007367264736725
0.205 0.16168332741790736 3.121547689760213 -10.032906237210529
0.206 0.16000040224814197 3.15189026089606 -10.05848902510176
0.207 0.15823934080302834 3.1821104099704414 -10.084121123343994
0.208 0.15639450644886296 3.212199404241666 -10.109807973179848
0.209 0.1544600100864027 3.2421487292525697 -10.135554978967392
0.21 0.15243052324388842 3.2719502502539015 -10.161367525592283
0.211 0.15030129308455886 3.301596266354764 -10.187250958639726
0.212 0.14806815103047286 3.3310794533649215 -10.213210522574268
0.213 0.14572751751035581 3.360392729546767 -10.239251279113265
0.214 0.14327640418050006 3.38952910293051 -10.265378032932496
0.215 0.14071241350626182 3.4184815573218756 -10.29159528560377
0.216 0.1380337344713375 3.4472430110854475 -10.317907225351775
0.217 0.13523913270962762 3.475806350292551 -10.344317746029759
0.218 0.1323279335342303 3.5041645097953165 -10.370830479235487
0.219 0.12929999698455003 3.5323105623350983 -10.39744882163669
0.22 0.12615568487465575 3.560237779877994 -10.424175944881274
0.221 0.12289582067769045 3.5879396487210613 -10.45101478477628
0.222 0.11952164376405852 3.615409841746313 -10.477968015508075
0.223 0.11603475994011515 3.64264216829136 -10.50503802004883
0.224 0.1124370903830037 3.669630528444806 -10.532226868025344
0.225 0.10873082095190352 3.6963688932439 -10.55953630796012
0.226 0.10491835352133105 3.7228513190454464 -10.586967774316644
0.227 0.10100226049449099 3.7490719896033653 -10.6145224040485
0.228 0.09698524309454995 3.7750252691514277 -10.64220105450896
0.229 0.0928700934856509 3.8007057474666723 -10.670004315324878
0.23 0.08865966032515153 3.8261082632926744 -10.697932510367647
0.231 0.08435681705799757 3.8512279024414156 -10.725985690482485
0.232 0.0799644321676015 3.8760599768466406 -10.754163621248978
0.233 0.0755958245711274 3.900590719135593 -10.782524892298976
0.234 0.07185673707361716 3.9250051869371063 -10.81066602451066
0.235 0.06858098346624432 3.949231469346053 -10.838741886831691
0.236 0.0657189208444775 3.9732504186668223 -10.86676519681259
0.237 0.06322164991194716 3.997045154105578 -10.894748320238428
0.238 0.061041110796460234 4.020600698748133 -10.92270309472941
0.239 0.0591301840306096 4.043903722457827 -10.950640709330703
0.24 0.05686028260776899 4.066940104531064 -10.978575219830105
0.241 0.05327839130008315 4.089698082540217 -11.006520980794505
0.242 0.0496540082220626 4.112174152836637 -11.034478049440125
0.243 0.04597704746463588 4.13435968961722 -11.062454084219148
0.244 0.042238290391173765 4.1562471029473045 -11.090455976949382
0.245 0.03842931487381998 4.177829850678414 -11.118489873544316
0.246 0.0345425344825287 4.199102345420464 -11.146561155943129
0.247 0.030571209416111744 4.220059853958155 -11.174674424649108
0.248 0.026509394401739377 4.240698449966011 -11.20283350127734
0.249 0.02235184484480735 4.261015078645173 -11.231041479126851
0.25 0.018093914292732195 4.281007527448608 -11.259300743953165
0.251 0.013731460197108686 4.3006743654379775 -11.287612983573077
0.252 0.0092607672616139 4.320014907465108 -11.31597920759156
0.253 0.004678490381506932 4.339029187264401 -11.344399770676311
0.254 -1.838593029271189E-5 4.357717930705832 -11.372874395788784
0.255 -0.004832576555514091 4.376082525027371 -11.401402195970011
0.256 -0.009766517871447973 4.394124983924783 -11.429981695031891
0.257 -0.014822394111703927 4.411847919699525 -11.458610856020336
0.258 -0.020075458707850245 4.429293786938338 -11.487229440765802
0.259 -0.025701098661035846 4.446559204914536 -11.515682405476145
0.26 -0.031673609149015 4.46363629840171 -11.543972361260707
0.261 -0.03796903695564213 4.480514528116714 -11.572111059383197
0.262 -0.0448803453750632 4.497109557718403 -11.60023708312692
0.263 -0.052697250578438125 4.513349877720515 -11.628463306493337
0.264 -0.06133532493572082 4.529249544977091 -11.65678109665508
0.265 -0.07071479482980916 4.544820967223544 -11.685182959427038
0.266 -0.08075857980162257 4.560076185350184 -11.71366048815415
0.267 -0.09139226897128944 4.575027185862673 -11.742204541410025
0.268 -0.1025441574227273 4.5896860714361125 -11.770805400344099
0.269 -0.11414530427368348 4.604065102915804 -11.79945285951069
0.27 -0.12612961846654477 4.618176624098723 -11.828136261239305
0.271 -0.13843397212657432 4.632032916801776 -11.856844500788856
0.272 -0.15099833325032438 4.645646050533593 -11.885566031717545
0.273 -0.16376590566926408 4.659027779389618 -11.9142888909812
0.274 -0.17668326420821118 4.672189507000304 -11.943000746793778
0.275 -0.18970047526367642 4.685142304100857 -11.97168895718439
0.276 -0.2016669275606878 4.697887899892493 -12.000341771415393
0.277 -0.2129893421985024 4.710442275056714 -12.028946413162675
0.278 -0.2243991477182689 4.722821193239689 -12.057488907849702
0.279 -0.23587501608057154 4.735033131488869 -12.085955681111148
0.28 -0.2473968069700177 4.747085889450872 -12.114332900603593
0.281 -0.25894572466115756 4.758986504152304 -12.142606362486823
0.282 -0.27050453732449575 4.7707411916857865 -12.170761423280549
0.283 -0.2820577443210244 4.782355280274331 -12.198782990804705
0.284 -0.2935916237718596 4.793833193302248 -12.226655538242934
0.285 -0.30509419141758065 4.805178430324986 -12.254363111282299
0.286 -0.3165551216392687 4.816393540609816 -12.281889327660554
0.287 -0.3279656975937222 4.827480133643377 -12.309217386515265
0.288 -0.3393187760204187 4.838438905776229 -12.336330084308354
0.289 -0.3506087832771104 4.849269691104254 -12.363209832360972
0.29 -0.36183177298603486 4.859971544699398 -12.389838659537233
0.291 -0.3729854078802055 4.870542875750921 -12.416198269501901
0.292 -0.38406889411504647 4.880981612571013 -12.44227013263269
0.293 -0.39508290367259385 4.891285377319065 -12.468035582389604
0.294 -0.40602948951986845 4.901451655313963 -12.493475904315702
0.295 -0.41691198841243365 4.911477939930947 -12.518572419629628
0.296 -0.4277349098095433 4.921361845233918 -12.54330656482584
0.297 -0.4402263066495295 4.931101436867991 -12.567682960626378
0.298 -0.45396357041422475 4.940693610501064 -12.59167609243039
0.299 -0.4678294611138737 4.950136809754781 -12.615252868786413
0.3 -0.4818174361041797 4.959430364399836 -12.638395823294228
0.301 -0.4959217882356306 4.968573965468657 -12.661087920507377
0.302 -0.5101374297357756 4.9775677022356035 -12.683312635664656
0.303 -0.5244596442932459 4.986412085396154 -12.705054021183383
0.304 -0.538883933971178 4.995108042214177 -12.726296755547523
0.305 -0.5534059615693498 5.0036568884026025 -12.747026179128909
0.306 -0.568021550318728 5.01206028797732 -12.767228323769292
0.307 -0.582726700912164 5.020320212859318 -12.786889941886447
0.308 -0.5975175998538498 5.028438910541283 -12.80599853801479
0.309 -0.6123906093147253 5.036418882560525 -12.824542402390747
0.31 -0.6273422401310694 5.044262871047096 -12.842510643643124
0.311 -0.6423691134045999 5.051973847404398 -12.859893216904311
0.312 -0.6574679212095352 5.059554996864215 -12.876680944157165
0.313 -0.6726353973970278 5.067009694017635 -12.89286552446232
0.314 -0.6878682976229906 5.074341466978012 -12.908439533855859
0.315 -0.7031633856618693 5.081553951008878 -12.923396416438472
0.316 -0.7185174242793243 5.088650835343337 -12.937730469296909
0.317 -0.7339271701777533 5.095635808183516 -12.951436824100494
0.318 -0.7493893729951541 5.102512504261881 -12.96451142754594
0.319 -0.764900778112332 5.109284457479816 -12.976951021701897
0.32 -0.7804581325664497 5.115955059005579 -12.988753124258228
0.321 -0.7960581930456522 5.122527519732337 -12.999916008113534
0.322 -0.8116977348885025 5.129004835651038 -13.01043867976805
0.323 -0.8273735611920905 5.135389755405413 -13.020320856479358
0.324 -0.8430825114230258 5.1416847505484355 -13.029562942766436
0.325 -0.8588214692090281 5.147891990134568 -13.038166007279404
0.326 -0.8745873691953745 5.154013321720271 -13.046131761088432
0.327 -0.890377202962125 5.160050260419567 -13.053462538072083
0.328 -0.9061880110586432 5.166003974997054 -13.060161276047925
0.329 -0.9220166638739167 5.171875059500486 -13.066231472629937
0.33 -0.9378596422190146 5.177663142031534 -13.071677131675468
0.331 -0.9537132700295814 5.1833668982479395 -13.076502780020558
0.332 -0.969573910106274 5.188984219478222 -13.080713510319761
0.333 -0.9854381415050464 5.194512347322927 -13.084315093718107
0.334 -1.0013028330565732 5.199947588109417 -13.087313926854648
0.335 -1.0171649618971128 5.20528514613401 -13.089716932254596
0.336 -1.0330215536933116 5.210519366016975 -13.091531645836035
0.337 -1.0488699370965229 5.21564387245585 -13.09276618255982
0.338 -1.0647078197681727 5.2206516273313355 -13.093429171241695
0.339 -1.080533211527713 5.225535056274175 -13.093529754353263
0.34 -1.0963443452800954 5.230286199662395 -13.093077600722776
0.341 -1.1121396200457854 5.234896865429064 -13.092082915125218
0.342 -1.1279175647010056 5.239358766272204 -13.0905564359615
0.343 -1.1436768166219973 5.243663624094864 -13.088509414726701
0.344 -1.1594439027030363 5.247792012918865 -13.085974629417187
0.345 -1.1754493252148932 5.251625392668579 -13.083150577865844
0.346 -1.191702779224254 5.255145800649224 -13.0800729614961
0.347 -1.2081687480632812 5.258362784089989 -13.076737414068837
0.348 -1.224815567795708 5.261283627780244 -13.07313974481302
0.349 -1.241615009475646 5.263913788540478 -13.069276151872096
0.35 -1.2585419010807073 5.266257236628114 -13.065143376273738
0.351 -1.275573814771843 5.268316446226542 -13.06073897080654
0.352 -1.2926906530268805 5.270090997454005 -13.056062174932244
0.353 -1.3098737961345503 5.271578652026378 -13.051113198700737
0.354 -1.3271061429082565 5.272776676389945 -13.045892536221718
0.355 -1.3443724797430954 5.273682471792405 -13.040401093764636
0.356 -1.361659606982555 5.274294166239805 -13.034640399950085
0.357 -1.3789562264570736 5.274610999756696 -13.028612700982421
0.358 -1.396252708535405 5.274633400793306 -13.02232090466022
0.359 -1.4135408293001839 5.2743628417204675 -13.015768383495796
0.36 -1.4308135053537137 5.273801586322719 -13.008958722206728
0.361 -1.4480645695939405 5.272952358884524 -13.001895541370086
0.362 -1.46528861185945 5.271818094013604 -12.99458240702765
0.363 -1.4824808663081739 5.270401838992115 -12.987022815633125
0.364 -1.4996371220417448 5.26870679346716 -12.979220230837484
0.365 -1.516753644301518 5.2667364221167645 -12.971178135149401
0.366 -1.533827104588906 5.264494560540292 -12.962900061076606
0.367 -1.5508545233263356 5.261985452644545 -12.954389581348192
0.368 -1.5678332280661187 5.259213696948123 -12.945650258427591
0.369 -1.5847608264319828 5.256184121128101 -12.936685570927093
0.37 -1.6016351890088114 5.252901632282345 -12.927498842542548
0.371 -1.618454435365259 5.249371096085774 -12.918093196100713
0.372 -1.6352169169498663 5.245597282451051 -12.908471544039564
0.373 -1.6519211931774762 5.241584887517135 -12.898636612595133
0.374 -1.668566000401987 5.237338614070666 -12.888590985827271
0.375 -1.6851502163940035 5.232863275241407 -12.878337151102937
0.376 -1.7016728245503792 5.22816388436739 -12.86787753045163
0.377 -1.7181328820925035 5.22324570566586 -12.857214490158281
0.378 -1.73452111338566 5.2181137418821635 -12.8463551740921
0.379 -1.750913857475516 5.21283011054264 -12.83521850372924
0.38 -1.767394569902965 5.207431598201012 -12.823731615857646
0.381 -1.7839409175931507 5.201912394447945 -12.81190946811699
0.382 -1.8005332029749477 5.196268425302456 -12.799766588900674
0.383 -1.8171540566010322 5.190497109493101 -12.787316987260642
0.384 -1.833788149790134 5.184597176630675 -12.774574097976686
0.385 -1.8504219377830262 5.178568524293944 -12.76155074914713
0.386 -1.8670434345344153 5.1724121021247385 -12.748259144807594
0.387 -1.8836420155021878 5.166129811349769 -12.734710856267878
0.388 -1.900208243781892 5.159724410053265 -12.720916817665614
0.389 -1.9167337158407594 5.153199419319286 -12.706887323899828
0.39 -1.933210924398653 5.146559031080827 -12.692632031659144
0.391 -1.9496330979304763 5.139807984501509 -12.67815996089259
0.392 -1.9659937921943138 5.132951130590158 -12.663479462302842
0.393 -1.9822866928748903 5.125993008241274 -12.64859820258544
0.394 -1.998505785703622 5.11893784865876 -12.633523229157493
0.395 -2.0146454141410675 5.111789664826148 -12.618261046764754
0.396 -2.0307002116188073 5.104552306517192 -12.602817678356633
0.397 -2.0466650020790635 5.09722949619826 -12.587198717493532
0.398 -2.0625347226751396 5.089824874652777 -12.571409383040507
0.399 -2.0783043859125208 5.0823420613726 -12.555454576888117
0.4 -2.09396910013561 5.074784685268405 -12.539338927590993
0.401 -2.109524082293965 5.067156442158414 -12.523066838597671
0.402 -2.124964642390207 5.059461166298981 -12.506642534093281
0.403 -2.1402861644992384 5.051702861482013 -12.490070083831355
0.404 -2.15548408607259 5.043885695314096 -12.473353411164982
0.405 -2.170553893816432 5.0360139591791295 -12.45649629125376
0.406 -2.185491355327467 5.028091828274043 -12.439502335470916
0.407 -2.200292780345082 5.0201229875160465 -12.422374990634122
0.408 -2.2149548165434148 5.0121105974135105 -12.405117588464101
0.409 -2.2294742708645074 5.004057380661209 -12.387733392759497
0.41 -2.243848085085807 4.995965688445665 -12.37022562827152
0.411 -2.258073382436079 4.987837550314552 -12.352597498381709
0.412 -2.2721475261606936 4.979674731764618 -12.334852190971468
0.413 -2.286068141611167 4.971478788135428 -12.3169928938897
0.414 -2.2998331549363225 4.963251147380731 -12.299022775512064
0.415 -2.313440832439084 4.954993212092766 -12.280944949650412
0.416 -2.3268897523841185 4.946706402372335 -12.26276248454289
0.417 -2.3401791638538807 4.938393155433253 -12.244478730143449
0.418 -2.353309559027606 4.930058085509515 -12.226097620307598
0.419 -2.3662816650176413 4.92170511760861 -12.207622683309861
0.42 -2.3790962530791884 4.913337498847504 -12.189057116899185
0.421 -2.3917540458131556 4.904958015595412 -12.170403909334556
0.422 -2.404255664764557 4.896569109797902 -12.15166591402842
0.423 -2.4166015268921477 4.888172914738483 -12.132845986267924
0.424 -2.4287918928876158 4.879771343359899 -12.113946992454522
0.425 -2.440826976794268 4.871366176482653 -12.094971738942402
0.426 -2.452706944954013 4.862959057364719 -12.075922966668685
0.427 -2.4644319003479227 4.854551467554629 -12.056803344529136
0.428 -2.476001859931765 4.846144706005688 -12.037615467654629
0.429 -2.487416730109013 4.837739886183918 -12.018361865431167
0.43 -2.498676284669634 4.8293379556571665 -11.999045018735664
0.431 -2.5097801561708453 4.820939696766217 -11.979667402415249
0.432 -2.5207279069119735 4.812545571438434 -11.960231597489617
0.433 -2.531529971522516 4.8041581860931615 -11.94063676720986
0.434 -2.5422261394095536 4.795790603276409 -11.920490386865666
0.435 -2.552850102206693 4.7874646675487895 -11.899351193542778
0.436 -2.5634158374643508 4.779209951704409 -11.876721595699607
0.437 -2.5739649181417548 4.771074014175795 -11.852097673825508
0.438 -2.5846263364175135 4.763140352219445 -11.824906894063929
0.439 -2.5955973639646923 4.755505734741213 -11.794470836845935
0.44 -2.6070293913925098 4.748261092757609 -11.760213630895148
0.441 -2.619113080179147 4.7414848865881964 -11.721401242383589
0.442 -2.6319916660948275 4.735206811123412 -11.677143092503755
0.443 -2.6460784254065834 4.72958503802176 -11.62631917749038
0.444 -2.6616946037742633 4.7247350019895435 -11.567940329771012
0.445 -2.679018466333266 4.720728143250639 -11.501224651396733
0.446 -2.687910913865784 4.7115791113617504 -11.434465844008656
0.447 -2.67217618351913 4.687776213055486 -11.38270778422823
0.448 -2.6543240111233617 4.662548923329268 -11.32660118764963
0.449 -2.634239216178063 4.635806723647576 -11.265873783323151
0.45 -2.6118157757026945 4.607490746627391 -11.20030730141655
0.451 -2.5869598881119478 4.577562244271384 -11.129723101933592
0.452 -2.5595903192544793 4.54599832700702 -11.053976117262216
0.453 -2.5296377896229507 4.512788326347895 -10.972948780871384
0.454 -2.497044405424164 4.4779297940510645 -10.886544425602203
0.455 -2.4617632444167588 4.441424786096448 -10.794681239712936
0.456 -2.423757822644532 4.40327726253291 -10.697287778883588
0.457 -2.3830011772186213 4.363492002812144 -10.594300395538347
0.458 -2.339474550380649 4.32207481259411 -10.485662246872408
0.459 -2.2931655768367 4.279031852302282 -10.371320426777483
0.46 -2.243987414774749 4.234327820510551 -10.25107751636856
0.461 -2.1912237631624714 4.18808637514676 -10.12432960115293
0.462 -2.1348955903726012 4.14021819498052 -9.99089007472384
0.463 -2.0750546305492463 4.090642695264748 -9.850612092075718
0.464 -2.011750525182897 4.039297886158053 -9.703370396538318
0.465 -1.945032016403625 3.986135773780937 -9.549055495231372
0.466 -1.8749477065740832 3.931119042426559 -9.387569333450585
0.467 -1.8015463332313284 3.874218978927523 -9.218822376495666
0.468 -1.7248766632621382 3.815414342195382 -9.04273175921439
0.469 -1.6449872100211909 3.754690732951616 -8.859220024754421
0.47 -1.5619259940437602 3.6920400343604385 -8.668214004990965
0.471 -1.4758932197230026 3.6274430554636368 -8.46978232728302
0.472 -1.386008960899693 3.561180146993685 -8.26330440424126
0.473 -1.2922005792879414 3.493275546606398 -8.048602164989198
0.474 -1.1946050565343405 3.423704009151841 -7.825637962374678
0.475 -1.0930308902443584 3.3525335166109613 -7.594158647476135
0.476 -0.987466015580874 3.2797864575234357 -7.354023414513584
0.477 -0.8780591772997035 3.205445568914385 -7.105197071239452
0.478 -0.7648562059078357 3.129525983048829 -6.847576635255763
0.479 -0.6489913835511212 3.051724145730695 -6.581756042294444
0.48 -0.5271620021624349 2.9730052755427607 -6.30539511963854
0.481 -0.400065548932549 2.893150619042501 -6.01867574858494
0.482 -0.2671155004287419 2.8120766800626313 -5.72157498725754
0.483 -0.12938191995673406 2.7299695863095366 -5.413283228036775
0.484 0.008092340382309186 2.6410508787817335 -5.10126748764376
0.485 0.05084967129195951 2.482866415968445 -4.869362293183883
0.486 0.044708340342050144 2.3424086801632953 -4.608201082001521
0.487 -3.7797067940055176E-4 2.2116287535706647 -4.325404605225572
0.488 -0.017487350316602868 2.05727969332316 -4.063033826886404
0.489 -0.004799111583816421 1.9126777918662725 -3.779548907582381
0.49 5.462950909488074E-4 1.7626235073187004 -3.492761342992438
0.491 3.5841228177122507E-4 1.6081681995837727 -3.2018775363993512
0.492 3.585718373149898E-4 1.4515537044079068 -2.903971890486787
0.493 3.587259134319312E-4 1.2927180299747931 -2.5989853599508024
0.494 3.5887397891008884E-4 1.1316867372739665 -2.286780227342689
0.495 3.590154682456126E-4 0.9684999158198622 -1.967239221445567
0.496 3.5914978116602457E-4 0.8032159197199746 -1.6402738520100044
0.497 3.592762840370472E-4 0.6359147051385534 -1.305832531219238
0.498 3.593943188613679E-4 0.466692299313614 -0.9638912937346831
0.499 -2.2326563843017081E-4 0.29596147991502875 -0.6140899127730819
0.5 -2.226818529450853E-4 0.12323500041335222 -0.25716475693909757
0.501 -0.0012331307493935687 -0.045910021996590444 0.028261217801940575
0.502 -0.010945551753853864 -0.17651909173786606 0.025768058955222273
0.503 -0.019695060270011548 -0.26845267682531215 0.025556834175027632
0.504 -0.02729971904042435 -0.32800458570679325 0.02510308673577555
0.505 -0.033685219652176815 -0.35973564720149653 0.024478308488362188
0.506 -0.038893383269818255 -0.3676352936995926 0.023728202852588254
0.507 -0.043056282687143684 -0.3551842014977993 0.022877440874182753
0.508 -0.04637505474193465 -0.3253996436257225 0.02193351825403056
0.509 -0.049103563498043894 -0.2808663010726562 0.0208896960518814
0.51 -0.051534725140245596 -0.22376700159819052 0.019727559369904668
0.511 -0.053988283220014824 -0.15592465116916543 0.018419528933037554
0.512 -0.05680022453323254 -0.07885724294245477 0.016931306633658494
0.513 -0.02632137077864242 -0.02152414975394379 0.008894594669499156
0.514 0.002877883857219545 -0.0018146954167050922 0.0021034218776989633
0.515 -0.002281618944597973 -0.002389821302649864 0.001610442650338939
0.516 -0.002281618944597963 -0.002389821302649864 0.001610442650338939
0.517 -0.0022816189445979624 -0.002389821302649864 0.001610442650338939
0.518 -0.0022816189445979697 -0.002389821302649864 0.001610442650338939
0.519 -0.0022816189445979684 -0.002389821302649864 0.001610442650338939
0.52 -0.002281618944597956 -0.002389821302649864 0.001610442650338939
0.521 -0.0022816189445979294 -0.002389821302649864 0.001610442650338939
0.522 -0.002281618944597918 -0.002389821302649864 0.001610442650338939
0.523 -0.0022816189445979073 -0.002389821302649864 0.001610442650338939
0.524 -0.002281618944597909 -0.002389821302649864 0.001610442650338939
0.525 -0.0022816189445979034 -0.002389821302649864 0.001610442650338939
0.526 -0.002281618944597901 -0.002389821302649864 0.001610442650338939
0.527 -0.0022816189445978713 -0.002389821302649864 0.001610442650338939
0.528 -0.002281618944597853 -0.002389821302649864 0.001610442650338939
0.529 -0.002281618944597834 -0.002389821302649864 0.001610442650338939
0.53 -0.0022816189445978214 -0.002389821302649864 0.001610442650338939
0.531 -0.0022816189445977967 -0.002389821302649864 0.001610442650338939
0.532 -0.0022816189445977776 -0.002389821302649864 0.001610442650338939
0.533 -0.0022816189445977724 -0.002389821302649864 0.001610442650338939
0.534 -0.0022816189445977564 -0.002389821302649864 0.001610442650338939
0.535 -0.002281618944597743 -0.002389821302649864 0.001610442650338939
0.536 -0.00228161894459773 -0.002389821302649864 0.001610442650338939
0.537 -0.002281618944597731 -0.002389821302649864 0.001610442650338939
0.538 -0.0022816189445977134 -0.002389821302649864 0.001610442650338939
0.539 -0.0022816189445976965 -0.002389821302649864 0.001610442650338939
0.54 -0.0022816189445976987 -0.002389821302649864 0.001610442650338939
0.541 -0.0022816189445976913 -0.002389821302649864 0.001610442650338939
0.542 -0.0022816189445976605 -0.002389821302649864 0.001610442650338939
0.543 -0.002281618944597654 -0.002389821302649864 0.001610442650338939
0.544 -0.002281618944597639 -0.002389821302649864 0.001610442650338939
0.545 -0.0022816189445976323 -0.002389821302649864 0.001610442650338939
0.546 -0.0022816189445976007 -0.002389821302649864 0.001610442650338939
0.547 -0.002281618944597558 -0.002389821302649864 0.001610442650338939
0.548 -0.0022816189445975287 -0.002389821302649864 0.001610442650338939
0.549 -0.0022816189445975217 -0.002389821302649864 0.001610442650338939
0.55 -0.0022816189445974975 -0.002389821302649864 0.001610442650338939
